0.000
0.000
0.000
0.000
0.000
0.000
200.738
428.328
845.395
1063.223
1278.441
1491.461
1707.695
1927.121
2139.047
2361.184
2573.688
2789.508
3006.785
3223.383
3439.531
3653.969
3867.566
4085.746
4301.223
4519.965
4735.164
4957.602
5172.691
5388.016
5604.879
5818.980
6034.469
6250.383
6466.000
6680.398
7097.195
7313.609
7530.578
7542.477
7951.887
8178.168
8395.340
8611.063
8831.277
9047.441
9262.043
9474.785
9688.504
9906.258
10120.621
10336.902
10554.723
10772.227
10988.305
11208.676
11428.488
11428.508
11860.121
12075.453
12291.645
12709.934
12925.922
13142.375
13154.172
13567.684
13792.316
14012.184
14231.848
14447.965
14661.457
14876.719
15090.336
15304.457
15520.836
15736.688
15953.230
16169.207
16384.465
16599.426
16814.563
17029.992
17244.309
17661.629
17879.367
18092.855
18311.125
18531.000
18744.527
18962.637
19179.008
19395.949
19611.465
19825.566
20049.637
20265.855
20484.645
20699.313
20914.477
21129.887
21345.926
21566.809
21986.234
22201.613
22415.074
22426.047
22844.520
23065.227
23067.844
23494.855
23712.551
23925.969
24141.355
24356.109
24573.578
24789.496
25006.996
25225.785
25442.902
25658.426
25659.094
26294.641
26305.121
26720.703
26942.391
27158.680
27378.215
27597.141
27812.711
28026.707
28243.273
28459.199
28674.012
28674.363
28887.590
29102.969
29103.855
29318.762
29319.082
29319.207
29319.207
30146.207
30586.883
31026.758
31244.574
31461.172
31674.883
31895.406
32110.168
32325.047
32546.957
32760.977
32977.324
33192.254
33596.953
33827.063
34044.238
34054.848
34471.789
34700.691
34917.246
34705.133
34711.195
34711.582
34711.609
34711.656
34711.656
34700.887
34913.676
34928.809
34928.867
34713.395
34713.590
34713.730
34916.664
34927.672
34713.887
34498.695
35137.609
35563.641
35564.012
35564.301
35765.809
35977.949
36630.180
36632.906
36633.168
36846.699
36417.609
36633.941
36849.156
36849.566
36634.855
36635.215
36635.477
36635.477
36629.855
36423.707
36201.750
36411.141
36198.488
36198.969
35982.086
36190.375
36190.465
36182.195
36187.176
36829.941
36830.621
37034.945
36832.000
36832.105
37045.715
37256.477
37256.484
37042.430
37257.020
37256.801
37256.883
37257.145
37261.559
37263.590
37263.598
37263.602
37693.645
37478.984
37478.996
37479.582
37265.055
36835.867
36621.359
36621.371
36833.934
36837.148
36837.191
36622.586
36408.668
36194.375
36614.574
36398.695
36183.961
36172.004
36177.750
35963.539
35963.625
35738.316
35741.695
35515.156
35519.566
35519.789
35519.949
35724.758
35729.789
35729.816
36148.215
35933.777
35934.090
35718.266
35718.270
35505.762
35505.762
34858.613
35265.961
34852.965
35052.043
34631.770
34633.078
33985.715
33765.234
33333.465
33333.691
33320.957
33111.281
33321.977
33099.723
33522.797
33523.059
33518.539
33518.930
33518.941
33519.102
33518.238
33304.164
33304.242
32875.488
33726.906
33727.535
33727.809
33288.500
33057.371
32629.336
32836.469
32628.145
32196.488
31766.625
31975.605
31976.133
32184.555
32185.980
32185.980
32386.523
32396.656
32396.660
31964.891
31749.160
31316.844
30886.980
30458.309
30244.063
30029.516
30236.996
29808.246
29583.980
29374.266
29148.289
29154.000
29154.000
29363.020
29769.777
29980.051
29761.887
29964.512
29765.793
29766.137
29766.344
29766.438
29340.918
29131.027
29342.230
29552.012
30406.410
30407.309
30407.457
30609.121
31207.449
31239.910
31252.621
31037.098
31037.121
31037.164
31037.180
31037.250
31669.316
31240.539
31653.859
31666.492
31451.250
31237.473
31237.734
31023.402
31440.566
31228.375
31228.555
30988.906
30997.879
30998.074
30998.363
30996.484
31002.980
31003.199
31636.969
31425.477
31204.363
31581.785
31627.500
31627.500
31412.355
31185.090
31592.848
31616.727
31602.102
31395.922
31396.188
31604.008
31607.039
31390.738
31390.883
31391.148
31605.098
31180.820
30966.273
30966.273
30964.082
30955.793
30956.367
30741.766
31152.570
31167.715
30733.992
30517.930
30935.020
30940.086
30946.395
30735.875
30735.918
31139.238
31363.242
31376.668
31376.668
31585.703
32217.609
32223.121
32223.328
32642.242
33483.355
33711.816
34139.102
34147.316
34573.574
34366.566
34367.102
34368.336
34368.563
34154.684
34154.859
34154.859
34766.891
34791.293
35200.320
35216.824
35634.359
36066.477
36082.691
36083.117
36083.555
36084.070
36084.117
35868.227
36291.691
36297.195
36088.402
36088.547
35874.418
35651.207
36093.141
35877.367
35878.105
36088.637
36093.883
36303.098
36303.863
36711.816
37351.125
37373.793
37164.066
36949.508
36949.922
36951.711
36952.113
36742.285
36742.391
36743.566
36952.961
36958.691
36961.363
36961.570
37362.746
37383.281
37379.641
37583.457
37600.426
37600.617
37384.930
36954.996
36955.004
36955.043
37379.719
37380.348
37169.645
37169.648
37169.660
36961.297
37170.012
37379.844
37589.137
37803.137
37808.012
38016.250
38440.625
38014.563
38014.578
37805.066
37805.184
37805.184
37595.848
37596.102
37384.484
37173.047
37178.188
37178.211
37376.598
37387.348
37387.348
37387.266
37386.988
37383.352
37383.398
37383.402
37383.648
37383.656
37172.512
37159.461
37170.621
36961.340
36751.898
36753.840
36538.242
36745.117
36958.973
36959.480
36960.043
37170.934
37172.969
37173.250
36959.430
36959.563
36959.715
36959.715
36750.262
36539.152
36535.402
36322.004
36111.734
35897.273
35685.133
35263.719
35263.781
35055.313
35055.313
35263.594
35475.004
35685.625
35475.820
35896.449
36112.371
36112.820
35903.441
35693.867
35267.660
35908.656
36123.176
35482.316
35470.750
35479.320
35474.484
35685.758
35689.992
35475.613
35684.035
35887.227
35898.086
35260.922
35045.348
35046.879
35257.555
35263.980
35264.035
35264.328
35869.738
35895.824
35678.813
35464.438
34827.855
34827.891
34827.891
34616.883
34188.082
33974.105
33334.414
33124.926
33124.926
33124.965
33124.965
32914.539
32914.539
32705.211
32705.215
32494.910
32495.020
32495.031
32495.031
32495.031
32496.953
32489.137
32493.398
32493.406
32062.488
31848.953
31638.801
31428.270
31428.332
31428.398
31214.234
31004.965
31004.992
30794.027
30363.289
30363.289
30152.102
29725.594
29725.625
29725.625
29516.055
29306.590
28875.613
28877.613
28877.613
28661.902
28661.902
28222.250
27796.512
27796.684
27585.559
27374.211
27374.215
27374.215
27162.953
27163.066
27163.066
26946.461
27160.836
26729.367
26729.855
27138.250
26732.535
26732.582
26521.480
26731.539
26727.016
26511.891
26297.363
26297.363
26286.730
25858.520
25861.910
25862.098
25851.664
25852.457
25641.859
25427.266
25630.891
25642.793
25427.535
25427.770
25428.016
25428.074
25417.066
25000.008
24786.145
25633.230
25641.141
25216.664
25216.941
25427.098
25427.105
25839.090
25859.574
25859.832
26275.141
26500.309
26286.746
26286.871
25862.145
25651.930
25651.938
25850.918
25437.105
25436.590
25436.617
25858.199
25643.469
25426.648
25417.797
25625.574
25637.109
25428.195
25008.980
25213.359
25212.031
25428.406
25013.348
24797.602
24797.723
24582.543
24161.777
24371.074
24371.582
24371.582
24371.582
24371.617
23927.418
24762.879
24991.727
24573.656
24147.828
23937.691
23726.109
23928.156
24146.145
24149.684
24356.844
24572.070
24573.363
24786.547
24788.777
24788.945
24579.715
24359.648
24359.652
24359.676
24359.719
24359.719
24359.848
24359.852
24574.406
24575.523
24365.199
24154.625
23943.836
23733.141
23918.043
23942.289
24145.199
24153.160
23732.246
23732.375
23732.383
23732.426
23740.414
23529.039
23529.039
23529.039
23318.480
23318.711
23102.008
23107.102
22892.105
22892.105
22892.281
22892.492
22892.715
22677.793
22887.730
23525.586
23742.715
23742.898
23743.164
23743.188
24777.953
25018.293
24805.957
25020.891
24593.215
23949.891
23949.938
23739.195
23938.902
24150.117
24160.199
24568.855
24581.926
24582.281
25224.754
25443.973
25444.359
25653.977
25443.898
25443.910
25443.938
25443.941
25443.973
25233.707
25233.773
25653.285
25658.039
25658.262
25658.391
25658.391
25658.391
25658.398
26088.641
26304.555
26306.641
26306.723
26311.891
26311.949
26311.977
26312.102
26511.863
26523.293
26523.941
27158.859
27372.750
27159.137
27159.652
27159.902
27797.613
27802.277
27587.535
27588.008
28010.066
28011.715
28012.238
27801.738
28005.750
28418.191
28442.480
28221.340
28011.055
28220.090
28221.297
28007.117
28218.141
28007.324
28206.781
28407.066
28212.746
28002.926
28420.301
28631.148
28850.785
29052.641
28851.824
28845.559
29065.813
29493.352
29493.805
29494.066
29494.336
29705.328
30345.363
30138.637
29925.508
29925.926
29926.027
29715.391
29715.391
29289.672
29289.691
29496.223
29505.438
29505.695
29918.473
29721.922
29511.129
29511.266
29513.266
29303.484
29093.590
28883.422
28883.430
29304.367
28883.418
29081.793
29094.031
29094.227
29094.266
28890.637
28890.637
28890.641
28681.105
28465.336
28465.707
28465.824
28044.715
28044.742
28044.918
27829.051
27619.434
27408.863
27408.863
27408.863
27408.875
27197.855
27197.867
27593.273
27824.289
27835.566
27835.594
27624.523
27621.680
27625.398
27625.426
27625.648
27409.957
27409.957
27409.996
28051.289
28051.289
28051.523
27837.660
28037.355
28047.355
28047.355
28047.664
28047.785
28048.012
28478.176
28478.367
28692.039
28906.410
28908.727
28908.945
28896.223
28901.000
28487.000
28277.148
28277.227
28277.270
28277.270
28277.441
28488.516
28699.258
28696.414
28700.184
28700.184
28700.945
28700.945
28262.590
28262.609
28473.172
28264.227
28264.469
28264.508
28264.551
28264.551
28268.848
28268.848
29082.520
28694.910
28485.793
28274.742
28274.742
28274.742
28274.742
28274.742
28484.176
28694.543
28697.453
28913.277
28914.039
29118.516
29333.609
29133.703
29344.336
29347.742
29133.402
28918.684
28074.262
28074.266
28283.336
28483.930
28496.422
28282.441
28282.996
28283.023
28497.441
28073.387
27857.586
27857.621
28500.922
28067.336
28067.672
27853.254
27642.211
27432.121
27432.125
27222.531
27218.160
27002.477
27213.273
27213.648
27213.758
27213.770
27003.453
27208.785
27216.500
27216.504
27216.688
27216.730
27216.762
26786.984
26786.988
26787.215
26787.215
26361.957
26147.652
25722.223
25498.461
25508.992
25508.996
25298.934
25499.375
25510.207
25294.305
25078.348
25078.348
25078.379
24861.781
24652.273
24652.375
24652.402
24652.402
24442.051
24225.777
24225.855
24651.223
24651.480
24651.508
24651.891
24651.902
24864.453
24867.371
25068.738
25081.992
25081.996
25081.996
25284.297
25498.969
25714.117
25514.172
25087.172
24876.496
24661.336
24231.078
24231.078
24231.098
24020.121
24020.121
23810.535
24225.668
24236.926
24020.207
24020.582
24020.793
23809.289
24206.121
24022.258
24022.410
24236.672
24452.051
24240.652
24645.820
24667.273
24869.992
25092.609
25093.293
25295.852
25093.988
25094.461
25094.574
25094.656
25094.875
25094.926
24880.938
24878.719
25093.883
25094.023
25094.223
24662.340
24662.348
24871.227
24873.250
24662.480
24662.629
24662.629
24662.629
24662.629
24662.660
24662.660
24662.660
24662.668
24450.844
24235.266
24024.051
24024.055
24024.055
23809.340
23809.340
23809.566
23598.719
23598.719
23598.766
23598.766
23172.574
22957.625
22741.848
22741.848
22741.973
22741.973
22741.977
22526.938
22312.785
22312.832
21888.219
21888.227
21888.258
21888.258
21888.285
21888.305
22088.320
22505.672
22529.254
22742.293
22955.547
23173.188
23390.984
23392.977
22964.563
22970.051
22970.125
22757.527
22757.578
22757.578
22757.582
22739.691
22730.570
22750.965
23353.961
23166.469
22955.965
22956.906
23165.742
23586.609
23587.441
24007.781
24010.258
25074.852
25288.684
25504.348
25504.816
25505.176
25505.195
25294.453
25073.023
25706.516
25711.496
25281.578
25281.754
25485.973
25058.129
25686.777
25270.957
25060.371
25671.320
25695.066
25695.070
25695.371
25695.371
25906.305
26547.000
26975.441
26760.000
26548.883
26548.895
26333.117
26534.234
26326.379
26115.453
26529.656
26750.434
26735.766
26530.867
26729.570
26742.453
26957.867
26106.031
26106.031
26315.980
26741.332
26740.750
26526.535
26527.113
26735.051
27169.125
27169.602
27370.594
27379.746
28406.273
28871.324
28878.434
29308.145
29526.598
29742.457
29745.320
30174.719
30390.094
30604.305
30806.660
30820.027
30813.875
30814.172
30603.629
30603.633
30392.484
30182.723
30182.750
30391.602
30394.117
30808.297
30816.566
31239.887
31448.406
31661.777
31878.305
32096.844
32313.406
32315.629
32315.926
32320.746
32535.125
32536.113
32324.758
32324.777
32324.781
32325.012
32535.934
32529.520
32529.785
33166.656
33170.141
33170.371
33170.406
33584.793
34019.402
34243.297
34458.164
34672.406
34892.496
34891.965
34892.273
34892.719
34677.273
34677.273
34876.242
35488.426
35726.137
35739.539
35739.680
35952.746
35958.832
35745.168
35745.473
35745.855
35745.867
35745.867
35530.539
35314.832
35314.836
34895.215
34895.227
34895.242
34679.977
34679.980
34680.094
34680.094
34256.188
33824.867
33824.871
33825.023
33825.023
33825.051
33615.625
33615.809
33184.848
32973.875
32973.891
32758.094
32758.094
32758.098
32332.758
32332.758
32332.758
32332.762
32123.613
32123.848
32123.855
32123.863
32124.078
31703.297
31703.297
31670.328
31490.496
31490.789
31490.938
31484.539
31695.785
31695.793
31905.352
31905.379
31905.414
32100.367
32124.438
32129.617
31698.777
31698.809
31484.742
31273.973
31273.977
31462.840
31484.844
31692.230
31487.516
31487.699
31911.996
31696.707
31905.523
31478.602
31478.836
31479.230
31482.805
31267.941
31053.184
30837.789
30838.027
30838.066
30628.340
30418.230
30418.230
30203.617
30419.016
30629.719
30209.219
30205.703
30186.875
29770.785
30187.246
30192.668
29756.344
29968.313
30172.586
30596.875
30393.199
30396.488
30394.758
30180.621
30180.836
30572.156
30380.965
30373.988
30162.328
30160.965
30372.176
30161.773
30377.348
30372.641
30162.434
29946.566
30158.125
30368.734
30790.074
30790.258
31200.414
31423.332
32073.781
32074.809
32279.125
32281.055
31857.754
31857.762
31431.609
31003.980
30574.012
30574.012
30564.199
30765.980
30561.703
30561.711
30762.453
30769.141
30769.141
30769.188
30559.594
30559.684
30559.684
30559.754
30559.773
30559.777
30559.813
31197.340
31845.281
31844.813
31845.508
31635.172
31635.230
31635.234
31635.422
31635.816
31848.465
31851.301
32060.000
32062.707
32064.660
32065.367
32065.367
32065.195
32268.977
32495.184
32280.781
31850.684
31851.031
31419.156
31204.563
30778.109
30974.898
30776.055
30764.461
30776.852
30986.719
30986.953
30986.953
30986.953
30986.973
30984.953
30985.469
30985.469
30985.730
30985.738
30985.738
30769.367
31620.934
31622.336
31408.316
31192.727
31192.965
31193.035
31193.094
31193.121
31193.121
31608.023
31411.055
31413.598
31203.781
31203.805
31203.805
30992.719
30992.742
30986.355
30988.883
30989.156
30777.777
30335.008
30134.445
30134.449
29923.766
29923.766
29923.809
30123.035
30133.277
30133.480
30340.758
30126.645
30980.969
31201.090
31204.180
31204.438
30994.742
30785.145
30996.203
32058.836
32059.297
32059.539
32059.938
32263.344
32476.473
32706.418
32285.527
32285.895
32285.949
32286.160
32495.504
32500.207
32288.984
32699.406
32291.879
32081.578
31871.004
31871.016
31655.289
31865.930
32078.418
31650.836
31650.879
31866.723
31866.938
32292.891
32077.813
32078.078
31655.664
31655.785
31655.785
31655.797
31860.836
31652.938
31443.391
31443.465
31443.582
31228.496
31012.262
30381.043
30386.859
29740.715
29740.715
29740.715
29530.617
29530.617
29314.250
29099.453
29099.398
28887.828
28868.293
28884.336
28884.695
28884.883
28886.352
29095.762
29508.301
29314.527
29314.563
29314.969
29314.984
29530.816
29530.816
29319.914
29962.023
29751.441
29751.543
29751.805
29752.074
29541.887
29961.113
29961.113
29961.426
29750.613
29750.613
28892.672
28676.898
28676.910
28465.930
28465.930
28250.129
28252.227
28252.227
28036.914
28037.188
27613.352
27194.340
26342.895
26342.895
26342.922
26129.645
26129.645
25920.805
25920.805
25920.805
25495.766
25280.605
25065.230
25065.262
25065.270
25065.410
25065.418
24855.258
24855.258
24639.063
24639.066
24212.457
24002.223
24002.223
24002.223
23790.879
23575.922
23575.922
22718.598
22718.598
22503.809
22082.887
21659.137
21449.422
21449.453
21449.453
21449.457
21233.383
21017.832
21017.832
20586.770
20586.770
20372.949
20372.949
20372.949
20372.949
20372.949
20162.309
19725.031
19725.031
19511.188
19295.359
18864.211
18864.211
18653.180
18653.180
18653.180
18438.410
18012.457
17802.879
17591.402
17380.566
17164.695
17164.695
17164.695
16947.820
16947.820
16522.719
16522.719
16522.719
16307.047
16095.391
16095.391
16095.391
15879.605
15879.605
15661.676
15450.020
15450.219
15233.754
15233.762
14805.059
14593.707
14376.945
14165.941
14165.941
