0
0
0
0
0
0
0
6435
2837
5330
8974
4115
6586
7241
9357
10976
13181
14572
17061
14950
6624
7850
18183
10212
12941
5130
16078
19830
19394
15413
22621
24067
16675
19977
19907
13362
26619
19510
7557
9059
0
12694
21823
15591
17091
0
20591
0
23099
24583
26161
41744
28742
42695
24994
36312
23452
0
53973
42302
44949
46439
48582
50166
6959
0
26583
12342
15072
16999
4338
7120
20538
26009
6379
29699
31788
4667
1709
33403
49785
40328
41512
43262
45947
1224
49737
51561
84754
54665
80676
87685
3452
63527
47266
9144
10570
39282
15179
18879
20862
44739
60394
11966
28192
62004
0
32716
31730
37835
38880
42441
40229
45621
47849
49166
50876
53017
56646
59069
0
61640
63096
0
65171
81254
7735
23189
18864
80409
39012
103054
51340
0
38942
128106
0
46925
0
0
0
0
136451
68035
40009
20985
22423
24431
93596
27741
91852
32521
6739
8882
0
96183
5274
9100
0
72402
7383
58146
0
0
0
0
0
0
8497
106385
0
0
0
0
0
8452
0
0
73686
11420
0
0
0
11503
121599
0
0
5472
0
149250
5299
0
0
0
0
0
10529
0
1317
11261
0
0
0
10447
0
0
10486
24707
0
0
9469
0
7447
10458
0
0
8487
6495
0
0
0
0
0
0
8374
0
0
0
0
0
0
0
9321
0
0
0
0
0
11410
0
0
0
9318
0
0
0
11406
0
7891
0
0
0
10347
0
20037
0
0
0
0
0
0
0
0
10489
0
9275
9498
0
10455
0
0
0
10432
10496
21040
10585
0
9453
0
0
0
8457
0
0
0
11411
0
0
0
9328
0
0
9462
0
0
10430
0
11381
0
0
0
10380
0
0
0
0
0
0
0
0
0
9455
0
0
0
9465
0
10328
11393
11572
12795
11164
11559
0
0
0
0
0
10505
10947
11465
0
0
0
11481
11969
7123
0
0
0
0
0
11960
0
9465
6345
0
0
0
0
12284
0
0
0
5156
0
0
9444
0
0
11367
0
0
0
10767
0
0
0
11495
10375
0
14629
0
30390
0
0
0
0
26345
0
0
0
10422
10476
0
0
0
25055
0
0
10459
0
8464
0
0
0
10506
26501
0
11146
13373
0
0
8416
15398
7705
7491
9267
8744
10081
0
8050
0
0
0
0
13962
12963
0
13051
7476
9441
7059
0
0
0
0
0
8446
7343
0
0
0
0
9352
0
0
0
2334
10614
0
0
10382
6486
0
0
0
0
0
0
0
17602
6421
8502
0
0
0
11089
0
11804
13188
0
0
0
0
0
21489
0
0
0
0
0
10445
11267
0
8775
20388
10956
12326
0
0
0
0
0
0
0
0
0
8392
0
0
11095
0
10395
10472
10893
0
0
0
0
0
0
7340
0
0
0
0
0
10775
0
10473
9897
0
9385
0
0
0
0
0
0
0
9204
0
0
0
0
0
0
0
10464
3633
10616
0
12161
9479
0
0
0
0
12053
10537
0
0
11772
10369
9379
12073
0
50802
0
10355
0
0
10473
16502
0
0
0
10403
11183
0
0
0
0
0
0
0
0
0
0
0
0
0
0
0
0
0
0
0
0
0
0
0
0
9348
0
0
0
0
0
0
0
0
0
0
0
0
0
0
0
0
0
0
0
0
0
0
0
0
0
0
0
0
0
0
0
0
0
0
0
8367
0
0
0
9483
0
0
10442
11079
0
0
0
8915
10436
0
0
12796
0
11211
0
0
9362
0
0
0
0
0
8454
0
10870
0
0
0
11129
0
0
9434
0
13275
10782
0
0
0
0
0
0
10476
9464
0
10475
0
0
0
10327
11364
0
0
0
10468
10443
8447
0
0
0
0
10476
0
0
0
0
0
10357
11087
8382
0
0
0
0
9530
10099
10632
10726
0
0
5493
0
0
0
0
0
0
0
0
0
10332
0
0
0
0
0
0
10450
0
11108
0
0
0
0
0
0
0
0
7352
0
0
8454
0
0
0
0
0
0
10381
10923
6455
0
0
0
0
10652
0
5424
0
0
0
0
0
9813
11497
0
20346
0
10439
7499
0
0
5469
0
0
0
0
0
0
10494
8476
0
0
0
0
0
6334
6840
7172
0
7623
0
0
0
0
11327
0
10066
11492
0
0
0
9339
7951
0
0
7719
10490
0
0
0
9358
11409
0
0
10411
0
0
10376
0
0
11374
11645
0
9377
13855
10396
0
10346
0
11730
10072
0
0
0
14176
8422
6428
5517
0
0
0
0
0
0
0
11476
0
0
10474
0
0
0
0
0
0
0
10397
0
0
9373
0
0
0
0
0
0
0
0
0
0
0
0
0
0
0
0
0
0
0
0
0
10315
8368
0
0
12155
0
0
0
0
0
0
10364
0
0
0
0
10987
0
0
0
0
6338
0
5439
5498
0
0
0
3757
5945
0
0
0
0
0
10376
10659
10478
0
0
0
0
0
0
0
8406
0
0
0
0
8362
0
0
11321
0
0
0
0
0
0
11341
10450
0
6388
0
0
5416
5452
0
6312
12681
0
0
0
10761
0
9481
0
0
0
8305
0
0
0
9500
0
0
0
0
0
0
0
10456
0
10327
0
0
0
0
10387
17296
0
0
0
0
0
0
0
0
0
0
0
0
7503
0
0
0
10340
0
0
0
0
0
0
0
0
0
0
0
0
10331
0
0
0
0
0
8440
0
5459
0
0
0
5395
6221
5655
0
0
0
0
0
0
0
0
0
10449
9421
0
0
0
0
0
10346
0
8266
9470
0
0
11548
0
10358
0
0
10647
0
0
0
0
0
0
6359
6605
0
0
0
0
10455
0
0
0
0
0
0
0
0
0
0
0
0
0
0
0
0
0
0
0
0
0
0
0
0
0
0
0
0
0
0
0
0
0
0
0
0
0
0
0
10495
8341
5319
0
5432
0
6047
0
5455
0
0
0
0
0
0
10486
10996
0
11769
0
0
14451
16004
0
13474
0
16195
7922
6369
0
0
0
0
0
10449
0
0
0
0
9450
10852
0
0
11779
9425
0
0
0
10447
11162
6409
0
0
0
0
0
11254
0
0
15887
0
9434
0
9476
8332
0
0
24792
9420
9372
0
0
10426
9464
0
0
37027
0
10556
0
9653
7209
10253
0
29806
6858
8703
0
5445
3748
0
0
0
0
0
0
10459
0
7742
10407
11064
0
5352
5754
3174
5834
5513
0
66317
5404
0
0
0
0
0
10786
10471
0
59348
9373
0
0
0
61639
9029
10182
44024
11275
6952
0
0
0
0
0
11662
46933
19834
0
6463
5511
0
0
0
0
0
0
0
0
0
0
0
0
0
0
0
0
0
0
0
0
0
0
0
0
0
0
0
0
0
0
0
0
0
0
0
0
0
0
0
0
0
10343
0
0
11576
12644
0
10363
0
0
0
9389
7274
0
0
0
0
0
0
10464
0
10961
0
9450
0
10382
0
0
9113
10371
0
0
0
0
0
0
0
0
0
8983
10475
0
9465
0
10555
10433
0
0
9577
11495
11137
11546
0
11222
0
0
0
11345
0
11476
0
11231
0
10389
0
10441
0
9610
11495
11073
0
10833
17899
8487
0
0
5477
26584
0
0
0
0
0
0
10671
11003
0
13181
10477
0
0
0
0
0
0
0
0
0
10323
8461
5695
0
0
0
0
0
0
16480
0
10655
0
0
0
0
6352
0
6655
0
0
0
0
0
0
0
10359
0
10543
10445
0
0
0
0
9432
0
0
0
0
0
0
9394
0
0
0
0
0
0
0
0
7634
9349
0
0
0
0
0
0
9490
0
0
0
0
10392
0
8372
0
0
0
10440
0
0
11139
11463
7450
0
0
0
0
14189
14498
0
0
0
0
7496
32631
6583
0
0
0
0
8469
0
10475
8472
0
0
0
0
1807
10385
0
0
9587
0
10490
0
0
0
0
0
0
0
20637
0
0
0
0
0
0
0
10389
0
0
0
0
0
0
386
0
0
9351
0
0
10345
10299
11496
19465
0
0
0
8414
0
0
11254
0
0
0
0
0
11978
0
0
0
0
0
0
0
0
0
0
0
0
0
0
0
0
0
0
0
0
0
0
0
0
0
0
0
0
0
0
0
0
0
0
0
0
0
0
0
0
0
0
0
0
0
0
0
0
0
0
0
0
0
0
0
0
0
0
0
0
0
0
0
0
0
0
0
0
0
0
0
0
0
0
0
0
0
0
0
0
0
0
0
0
0
0
0
0
0
0
0
0
0
0
0
0
0
0
0
0
