0.000
0.000
0.000
0.000
0.000
0.000
5424.000
3530.000
6536.000
2318.000
3374.500
4027.000
9284.000
7824.500
2587.750
5764.000
2252.333
3910.500
3290.667
8140.333
14838.000
15053.000
9006.500
10231.500
3527.500
8369.000
9662.000
12147.000
14025.000
16584.000
8310.333
17002.000
22234.000
23914.000
7573.000
11286.000
6604.500
7824.500
18260.000
19716.000
22028.000
6412.000
0.000
6636.500
12290.000
13821.000
15057.000
17585.000
14930.000
21413.000
8278.000
10603.000
17712.000
1816.000
9628.000
5475.500
5147.500
9764.000
5498.000
2752.333
4684.500
6873.000
0.000
136.000
0.000
125.000
135.000
0.000
6241.000
5464.000
0.000
145.000
152.000
5191.000
2206.200
0.000
152.000
4171.000
0.000
0.000
0.000
2757.500
117.000
5263.000
5188.000
148.000
152.000
153.000
0.000
5188.000
5770.000
8318.500
147.000
0.000
5282.000
5280.000
0.000
5180.000
135.000
141.000
5281.000
5696.000
0.000
159.000
5192.000
0.000
0.000
5299.000
0.000
0.000
0.000
0.000
30743.500
0.000
55412.000
14186.750
0.000
0.000
137.000
5296.000
0.000
142.000
128.000
56741.000
57074.000
0.000
57245.000
0.000
55478.000
154.000
5249.000
0.000
0.000
128.000
0.000
5183.000
0.000
0.000
0.000
0.000
0.000
5273.000
5820.000
6017.000
0.000
11025.000
5308.000
0.000
0.000
0.000
0.000
0.000
0.000
0.000
0.000
0.000
0.000
0.000
0.000
0.000
2706.000
0.000
5212.000
0.000
0.000
0.000
0.000
0.000
7790.000
6223.000
0.000
161.000
0.000
0.000
0.000
0.000
0.000
0.000
172.000
0.000
0.000
157.500
10298.000
0.000
0.000
0.000
0.000
0.000
0.000
2865.000
10200.000
0.000
10303.000
9302.000
0.000
0.000
118.000
0.000
0.000
128.000
5279.000
0.000
145.000
0.000
0.000
0.000
9287.000
154.000
0.000
140.000
139.000
0.000
0.000
0.000
0.000
0.000
0.000
0.000
0.000
0.000
8549.667
0.000
121.000
0.000
8284.000
5560.000
0.000
0.000
9310.000
0.000
0.000
0.000
0.000
0.000
0.000
0.000
0.000
7155.000
2649.500
0.000
0.000
133.000
144.000
0.000
0.000
0.000
0.000
0.000
0.000
0.000
0.000
143.000
0.000
0.000
7560.333
168.000
0.000
173.000
0.000
168.000
0.000
0.000
0.000
0.000
0.000
0.000
0.000
0.000
149.000
9311.000
0.000
168.000
0.000
157.000
136.000
0.000
0.000
147.000
9342.000
160.000
0.000
0.000
0.000
0.000
0.000
0.000
0.000
0.000
0.000
8295.000
9117.000
0.000
0.000
0.000
10200.000
0.000
0.000
0.000
0.000
0.000
10178.000
9232.500
4716.500
0.000
123.000
0.000
8115.667
0.000
0.000
0.000
0.000
0.000
0.000
0.000
6942.000
0.000
0.000
153.000
0.000
132.000
0.000
0.000
0.000
0.000
0.000
0.000
0.000
0.000
0.000
151.000
0.000
0.000
8549.333
0.000
0.000
0.000
7060.750
0.000
5276.000
0.000
163.000
0.000
5947.000
0.000
5193.000
0.000
147.000
159.000
0.000
154.000
8863.500
9692.000
143.000
7772.500
8293.000
0.000
142.000
0.000
145.000
9743.000
0.000
0.000
9283.000
5141.000
5158.000
0.000
0.000
0.000
118.000
0.000
2802.333
0.000
0.000
138.500
5217.000
0.000
150.000
123.000
5255.000
6085.000
0.000
0.000
115.000
136.000
5154.000
5432.000
0.000
0.000
0.000
0.000
0.000
0.000
0.000
0.000
0.000
0.000
126.000
0.000
0.000
0.000
0.000
5822.333
0.000
0.000
0.000
0.000
4152.500
0.000
135.000
0.000
9217.000
0.000
239.000
0.000
0.000
0.000
6010.000
0.000
143.000
3397.667
3717.500
150.000
146.000
0.000
0.000
0.000
0.000
0.000
0.000
5170.000
5305.000
5186.000
0.000
5257.000
5290.000
0.000
154.000
127.000
0.000
0.000
0.000
0.000
6722.000
5276.000
0.000
0.000
0.000
0.000
0.000
0.000
0.000
8266.000
157.000
0.000
5271.000
0.000
5166.000
0.000
132.000
0.000
0.000
0.000
0.000
0.000
0.000
10181.000
7430.333
0.000
0.000
138.000
131.000
0.000
0.000
5290.000
5247.000
5312.000
3026.500
0.000
0.000
0.000
0.000
0.000
5178.000
0.000
0.000
0.000
0.000
0.000
6187.000
160.000
0.000
1836.000
5998.000
0.000
0.000
0.000
0.000
0.000
7316.000
0.000
0.000
0.000
0.000
0.000
182.000
0.000
0.000
145.000
0.000
2714.000
0.000
0.000
0.000
0.000
7694.000
0.000
0.000
0.000
0.000
159.000
0.000
0.000
0.000
143.000
0.000
0.000
125.000
0.000
0.000
0.000
6731.500
145.000
0.000
0.000
0.000
0.000
8799.000
0.000
137.000
0.000
0.000
0.000
0.000
0.000
0.000
0.000
135.000
146.000
0.000
0.000
0.000
157.000
0.000
150.000
0.000
135.000
0.000
142.000
10176.000
0.000
0.000
0.000
0.000
0.000
0.000
9279.500
3871.500
0.000
0.000
0.000
0.000
0.000
10095.500
0.000
0.000
4697.000
0.000
0.000
0.000
9676.000
8301.000
0.000
0.000
0.000
0.000
9934.500
0.000
0.000
0.000
0.000
0.000
0.000
0.000
0.000
0.000
0.000
0.000
0.000
0.000
0.000
0.000
0.000
0.000
0.000
0.000
0.000
0.000
0.000
0.000
0.000
0.000
0.000
0.000
0.000
0.000
0.000
0.000
0.000
0.000
0.000
0.000
0.000
0.000
0.000
0.000
0.000
0.000
0.000
0.000
0.000
0.000
0.000
0.000
0.000
0.000
0.000
0.000
0.000
0.000
0.000
0.000
0.000
0.000
0.000
0.000
153.000
0.000
5165.000
0.000
0.000
0.000
0.000
7304.000
5522.500
0.000
0.000
130.000
0.000
0.000
0.000
0.000
0.000
10315.000
0.000
10594.000
0.000
0.000
7294.000
157.000
147.000
0.000
0.000
0.000
0.000
5194.000
164.000
5175.000
0.000
0.000
0.000
0.000
0.000
11715.000
0.000
9298.000
8336.000
5267.000
0.000
0.000
0.000
0.000
0.000
145.000
0.000
0.000
10299.000
0.000
0.000
0.000
0.000
0.000
162.000
0.000
8772.000
0.000
0.000
0.000
0.000
0.000
0.000
0.000
0.000
0.000
0.000
0.000
0.000
0.000
0.000
7765.500
5296.000
0.000
139.000
0.000
0.000
0.000
0.000
0.000
0.000
0.000
9213.000
0.000
0.000
0.000
0.000
0.000
0.000
0.000
0.000
0.000
0.000
0.000
0.000
0.000
0.000
0.000
0.000
0.000
0.000
8294.500
8201.000
0.000
0.000
0.000
0.000
0.000
0.000
0.000
0.000
0.000
0.000
5191.000
0.000
0.000
0.000
138.000
0.000
0.000
0.000
130.000
6258.000
5275.000
115.000
0.000
121.000
5188.000
5955.000
6765.000
127.000
0.000
130.000
0.000
10381.000
0.000
0.000
0.000
0.000
0.000
9953.500
0.000
0.000
0.000
0.000
0.000
10305.000
4239.500
0.000
0.000
0.000
10306.000
10296.000
0.000
0.000
0.000
0.000
0.000
0.000
0.000
0.000
0.000
0.000
0.000
0.000
0.000
8310.000
6281.500
0.000
0.000
5295.000
0.000
0.000
0.000
0.000
7282.000
6782.333
0.000
161.000
0.000
8018.000
172.000
0.000
0.000
0.000
5198.000
0.000
5265.000
0.000
5168.000
143.000
0.000
0.000
0.000
0.000
0.000
0.000
9244.000
6281.000
5266.000
0.000
2661.000
5254.000
2764.500
0.000
0.000
0.000
0.000
0.000
0.000
0.000
0.000
5199.000
5263.000
0.000
2647.000
0.000
0.000
0.000
0.000
0.000
0.000
6291.000
0.000
0.000
0.000
0.000
0.000
11907.333
0.000
0.000
0.000
0.000
0.000
0.000
0.000
7675.000
0.000
0.000
0.000
0.000
0.000
0.000
0.000
0.000
0.000
0.000
0.000
0.000
0.000
0.000
0.000
0.000
0.000
0.000
160.000
0.000
0.000
0.000
0.000
6229.000
0.000
0.000
0.000
0.000
0.000
0.000
0.000
0.000
0.000
0.000
0.000
0.000
9180.000
0.000
9194.000
0.000
0.000
0.000
0.000
0.000
0.000
0.000
5221.000
0.000
0.000
1858.333
0.000
146.000
133.000
0.000
0.000
0.000
0.000
0.000
0.000
0.000
6194.000
0.000
0.000
0.000
0.000
0.000
0.000
0.000
0.000
0.000
0.000
0.000
9193.000
0.000
0.000
0.000
0.000
0.000
10211.000
9921.000
0.000
0.000
10303.000
0.000
0.000
0.000
8217.000
0.000
0.000
0.000
0.000
0.000
0.000
7376.500
0.000
0.000
7555.750
0.000
0.000
5324.000
5802.000
0.000
0.000
0.000
5165.000
0.000
0.000
0.000
0.000
131.000
7922.333
154.000
0.000
0.000
0.000
0.000
0.000
6196.000
0.000
0.000
0.000
0.000
0.000
0.000
0.000
0.000
0.000
0.000
0.000
0.000
0.000
0.000
0.000
141.000
0.000
0.000
0.000
0.000
0.000
5170.000
0.000
0.000
0.000
0.000
0.000
0.000
0.000
0.000
0.000
0.000
0.000
0.000
0.000
0.000
0.000
136.000
10173.000
9292.000
0.000
0.000
0.000
9331.000
0.000
0.000
0.000
5166.000
0.000
0.000
0.000
0.000
5278.000
0.000
0.000
0.000
0.000
0.000
0.000
0.000
5166.000
133.000
148.000
0.000
0.000
0.000
0.000
0.000
0.000
0.000
5175.000
5944.000
6358.000
6765.000
0.000
5302.000
5763.000
2060.000
0.000
0.000
0.000
0.000
0.000
0.000
133.000
0.000
0.000
0.000
0.000
0.000
0.000
0.000
0.000
0.000
0.000
0.000
0.000
0.000
0.000
0.000
0.000
0.000
0.000
0.000
0.000
0.000
0.000
0.000
0.000
0.000
0.000
0.000
0.000
0.000
0.000
0.000
0.000
0.000
0.000
0.000
0.000
0.000
0.000
0.000
0.000
0.000
0.000
0.000
0.000
0.000
0.000
0.000
0.000
0.000
2666.500
141.000
0.000
0.000
0.000
0.000
0.000
0.000
0.000
7199.000
170.000
163.000
0.000
10830.000
0.000
0.000
9750.500
0.000
0.000
8519.667
9808.500
0.000
0.000
131.000
5579.000
9765.250
0.000
0.000
145.000
7270.000
0.000
0.000
0.000
0.000
0.000
8283.500
0.000
0.000
5288.000
123.000
0.000
5158.000
6176.000
0.000
0.000
149.000
143.000
0.000
4087.333
0.000
142.000
133.000
0.000
9378.000
0.000
0.000
0.000
0.000
5223.500
10187.000
0.000
0.000
0.000
0.000
0.000
135.000
0.000
0.000
0.000
0.000
1446.000
10389.000
0.000
6547.250
5251.000
5593.000
0.000
1857.000
0.000
0.000
148.000
153.000
0.000
10423.000
0.000
0.000
9205.000
0.000
5218.000
5279.000
0.000
0.000
0.000
5301.000
0.000
0.000
0.000
1868.667
0.000
0.000
0.000
0.000
0.000
0.000
9209.000
0.000
0.000
2671.000
0.000
0.000
5159.000
5282.000
0.000
0.000
0.000
0.000
5416.500
0.000
0.000
0.000
0.000
0.000
8226.500
147.000
0.000
0.000
0.000
9187.000
157.000
0.000
6613.750
0.000
0.000
0.000
10406.000
6264.000
0.000
0.000
0.000
0.000
0.000
0.000
9175.000
0.000
0.000
5282.000
0.000
0.000
0.000
0.000
0.000
0.000
0.000
0.000
0.000
0.000
0.000
0.000
0.000
0.000
0.000
0.000
0.000
0.000
0.000
0.000
0.000
0.000
0.000
0.000
0.000
0.000
0.000
0.000
0.000
0.000
0.000
0.000
0.000
0.000
0.000
0.000
0.000
0.000
0.000
0.000
0.000
8287.000
0.000
0.000
2708.500
0.000
0.000
0.000
0.000
5178.000
0.000
5179.000
0.000
0.000
0.000
150.000
6189.000
10989.000
0.000
0.000
0.000
0.000
0.000
0.000
0.000
8173.000
5302.000
0.000
0.000
0.000
0.000
0.000
0.000
0.000
0.000
0.000
0.000
0.000
0.000
0.000
5171.000
2675.000
180.000
0.000
157.000
0.000
0.000
0.000
9980.000
8302.000
0.000
0.000
0.000
0.000
9237.000
0.000
0.000
9107.500
0.000
0.000
7278.667
135.000
5241.333
141.000
0.000
0.000
0.000
0.000
0.000
5170.000
0.000
2643.500
0.000
5266.000
5241.000
0.000
0.000
138.000
143.000
0.000
10276.000
0.000
8304.000
0.000
0.000
0.000
0.000
0.000
8792.500
0.000
0.000
0.000
0.000
0.000
0.000
0.000
0.000
0.000
118.000
0.000
0.000
9174.000
7299.000
0.000
0.000
0.000
9937.500
0.000
0.000
6273.000
0.000
0.000
133.000
133.000
0.000
0.000
0.000
0.000
125.000
0.000
4027.000
0.000
143.000
0.000
0.000
0.000
0.000
0.000
0.000
0.000
0.000
0.000
0.000
0.000
8272.000
0.000
0.000
0.000
10186.000
0.000
5220.000
0.000
5273.000
0.000
0.000
0.000
0.000
0.000
0.000
0.000
5173.000
5365.000
0.000
5184.000
0.000
0.000
0.000
0.000
0.000
0.000
0.000
166.000
145.000
0.000
0.000
0.000
147.000
0.000
0.000
0.000
2665.500
0.000
0.000
0.000
0.000
0.000
9355.000
11561.500
0.000
0.000
0.000
8596.333
0.000
0.000
0.000
0.000
0.000
5786.000
0.000
5324.000
0.000
0.000
5334.000
5295.000
5872.000
0.000
0.000
0.000
116.000
0.000
0.000
143.000
0.000
4382.500
0.000
0.000
0.000
0.000
135.000
0.000
0.000
0.000
0.000
0.000
0.000
0.000
0.000
139.000
0.000
0.000
0.000
0.000
0.000
0.000
0.000
0.000
0.000
0.000
131.000
0.000
0.000
0.000
0.000
0.000
0.000
5155.000
0.000
5173.000
0.000
0.000
135.000
0.000
0.000
0.000
0.000
6267.000
0.000
0.000
0.000
0.000
0.000
0.000
9275.000
0.000
9291.000
0.000
0.000
0.000
0.000
0.000
0.000
0.000
0.000
0.000
0.000
0.000
0.000
0.000
0.000
0.000
0.000
0.000
0.000
0.000
0.000
0.000
0.000
0.000
0.000
0.000
0.000
0.000
0.000
0.000
0.000
0.000
0.000
0.000
0.000
0.000
0.000
0.000
0.000
0.000
0.000
0.000
0.000
0.000
0.000
0.000
0.000
0.000
0.000
0.000
0.000
0.000
0.000
