0
0
0
0
0
0
1
2
3
4
5
6
8
9
10
11
12
13
14
15
16
17
18
19
20
21
22
23
24
25
26
27
28
29
30
31
32
33
34
35
36
37
39
40
41
42
43
44
45
46
47
48
49
50
51
52
53
54
55
56
57
58
58
58
58
58
58
58
59
60
60
60
60
61
62
62
62
63
63
63
63
64
64
65
66
66
66
66
67
68
69
69
69
70
70
71
71
72
72
72
73
74
74
74
75
75
76
76
76
76
76
77
78
78
79
80
80
80
80
81
81
81
81
82
83
83
84
84
85
85
86
86
86
86
86
87
87
87
87
87
88
89
90
90
90
90
91
91
91
91
91
91
91
91
91
91
91
91
91
91
92
92
92
92
92
92
92
92
95
96
95
95
95
95
95
94
94
94
93
93
93
93
94
93
93
93
92
91
91
93
92
92
93
94
94
94
94
94
94
94
93
93
93
92
92
91
92
92
92
92
92
92
92
91
91
91
91
90
89
89
92
91
91
90
91
92
92
91
91
90
90
90
90
90
90
90
90
90
91
91
90
89
89
88
88
88
88
87
87
87
87
87
87
85
88
87
87
87
87
87
86
85
84
84
84
84
83
83
84
82
82
81
81
81
80
80
80
80
80
80
79
79
79
78
78
78
77
76
76
77
78
78
77
76
76
76
76
76
76
75
76
78
79
79
78
78
81
80
80
80
80
80
79
78
80
80
80
80
79
78
75
75
75
75
74
73
73
73
73
72
72
73
75
75
75
75
78
78
79
79
79
79
80
80
80
80
79
79
79
81
82
82
81
82
83
83
82
82
82
84
84
84
85
86
86
86
86
86
86
86
87
87
87
87
88
88
88
88
89
90
90
90
90
90
91
91
91
91
91
91
91
91
90
90
89
89
89
89
88
87
87
89
88
88
88
89
89
88
88
88
88
88
88
85
85
87
87
87
87
89
90
90
89
89
89
89
89
89
89
90
91
92
93
93
93
92
92
92
92
92
92
92
94
94
94
94
94
94
94
94
94
96
96
96
97
97
98
98
97
97
96
96
96
96
95
96
99
99
99
99
99
99
100
100
101
102
103
103
103
103
103
102
103
103
103
103
103
103
104
104
104
104
105
105
105
105
105
105
107
106
105
105
105
105
105
105
105
105
104
105
105
105
105
105
106
106
105
104
103
103
103
103
103
102
102
102
102
102
102
100
102
102
102
102
102
102
104
104
102
100
100
100
100
100
100
98
97
95
95
95
95
94
93
93
93
93
92
92
92
92
92
92
92
92
92
93
95
95
94
94
94
94
95
95
95
96
96
94
94
96
96
96
96
96
98
97
97
97
97
97
97
97
97
97
97
96
95
95
95
94
92
92
91
91
91
91
90
89
89
89
89
88
88
88
88
88
87
86
86
85
85
84
84
83
82
82
82
82
82
82
82
81
81
81
81
79
79
79
79
79
79
79
79
79
79
78
78
79
79
79
78
78
79
80
79
78
77
76
76
76
75
76
76
77
78
78
77
78
78
78
78
78
78
78
79
79
79
79
78
78
78
78
79
79
80
81
82
81
80
80
80
80
80
80
81
79
78
78
78
78
78
77
78
78
78
78
77
77
75
75
75
73
73
73
73
73
73
73
75
76
76
73
73
73
72
72
72
72
73
73
73
73
72
71
71
71
70
70
70
70
70
69
69
69
69
69
68
68
70
71
71
71
71
70
70
70
70
70
70
70
71
71
70
70
70
70
70
70
71
71
72
72
72
73
73
74
74
74
74
73
72
73
73
73
73
73
71
72
72
72
72
70
69
68
69
69
69
69
70
71
71
71
71
71
71
71
70
70
70
70
70
70
70
72
73
73
72
73
73
73
72
72
73
75
75
74
74
76
76
76
76
76
77
77
78
78
79
78
78
78
78
78
78
78
81
81
82
83
83
84
85
85
85
85
85
85
85
85
85
86
87
87
88
87
87
87
87
87
86
87
87
87
87
87
87
90
89
89
89
89
89
88
87
90
90
90
89
89
89
88
87
87
86
86
86
86
85
85
85
85
84
84
84
84
84
83
83
83
83
83
82
82
79
79
79
79
78
78
78
79
79
79
80
80
80
80
80
80
80
81
81
81
81
82
82
82
82
81
81
81
81
81
81
82
82
82
82
82
82
81
81
81
81
80
80
79
78
77
76
76
76
76
78
78
78
78
79
79
79
79
79
79
78
77
77
77
78
78
78
78
82
82
82
84
84
84
84
83
84
84
84
84
84
84
87
86
86
86
86
85
84
85
85
85
85
85
84
84
83
81
81
81
81
81
81
80
79
79
79
79
79
79
79
80
80
80
79
79
79
79
79
77
77
75
74
73
73
73
72
72
73
74
74
74
75
75
75
75
75
76
76
76
76
77
76
75
75
75
75
75
75
75
76
75
75
75
75
75
75
75
75
75
76
77
78
79
79
80
80
81
81
80
80
80
80
80
80
80
80
79
79
79
78
78
78
77
77
77
77
77
76
76
76
75
75
74
74
74
72
72
71
70
70
70
70
70
70
70
69
69
69
69
69
68
68
68
68
68
68
68
68
68
68
68
68
68
69
69
68
68
68
67
66
66
67
66
66
66
64
64
64
65
66
65
65
68
70
70
69
69
72
74
74
73
73
74
74
74
74
74
74
76
76
76
77
77
77
78
79
79
79
79
78
78
79
79
79
78
77
78
78
78
77
77
78
79
79
79
79
78
78
78
77
77
77
77
78
78
78
82
83
83
82
83
83
82
82
82
82
83
83
83
84
84
85
86
86
86
86
87
87
87
87
87
87
87
87
87
87
87
88
88
88
89
89
89
90
91
91
91
91
91
92
92
92
92
92
91
93
92
92
92
92
92
92
92
95
95
95
95
97
97
97
96
95
95
95
95
96
96
96
97
97
97
97
96
96
96
96
95
95
95
95
95
95
95
95
95
95
95
95
95
95
95
95
95
94
94
93
93
93
92
91
91
91
90
89
89
89
88
88
88
88
90
90
91
91
91
91
91
91
92
91
92
92
92
91
90
91
90
90
89
89
89
89
89
89
89
90
90
89
89
89
88
88
88
88
88
88
88
88
88
86
87
85
85
85
85
85
85
85
86
85
85
85
83
84
83
83
85
85
85
87
86
88
88
88
88
88
88
89
89
89
90
90
90
90
89
89
89
89
89
90
89
90
90
90
90
90
90
92
92
92
91
90
90
89
89
89
89
89
88
88
91
90
90
90
90
92
92
91
92
92
92
92
91
91
91
91
91
90
92
92
92
91
90
90
90
89
88
88
88
87
85
84
84
85
85
85
85
86
86
87
86
87
87
87
87
87
87
87
87
88
89
88
88
88
86
86
86
86
86
85
85
85
85
85
85
85
85
85
84
85
85
85
85
84
84
86
88
88
88
87
89
89
89
89
89
89
91
91
92
92
92
93
94
94
93
92
92
92
91
90
90
90
92
92
92
92
92
92
92
92
92
92
92
92
92
92
91
91
91
91
91
90
90
90
90
88
87
87
87
87
87
87
87
87
86
87
87
86
86
86
86
86
86
86
86
86
85
85
85
84
84
85
85
85
85
85
85
83
83
83
83
83
83
83
83
83
83
82
82
82
82
82
81
81
81
81
81
81
80
80
80
80
79
77
77
76
76
76
76
76
75
74
74
74
74
72
72
72
71
71
71
71
71
71
71
70
