0
0
0
0
0
0
1
1
3
4
5
6
8
9
10
11
12
13
14
15
16
17
18
19
20
21
22
23
24
25
26
27
28
29
30
31
32
33
34
36
37
38
39
40
41
42
43
44
45
46
47
48
49
50
51
52
53
54
55
56
56
58
60
61
62
63
64
65
66
67
68
69
70
71
72
72
74
75
76
76
78
79
79
81
83
84
84
86
87
88
88
90
91
92
93
94
94
96
97
98
99
101
101
103
104
105
105
107
107
109
109
111
112
113
114
114
116
117
119
119
120
122
123
124
125
126
125
126
126
126
126
126
126
131
133
135
137
137
138
139
140
142
142
143
144
146
147
148
149
150
151
152
153
153
154
154
154
154
154
153
154
154
154
154
154
157
159
159
159
159
160
160
160
160
160
161
160
160
160
160
160
160
161
160
159
161
160
160
160
160
159
158
159
163
163
163
163
164
164
164
164
164
164
164
163
164
167
166
166
163
164
164
164
164
162
162
164
164
164
163
163
164
164
164
164
164
166
165
164
165
165
164
164
164
164
164
165
165
165
165
164
162
162
162
161
161
160
160
161
160
160
162
160
160
160
160
159
159
159
159
160
160
160
161
160
159
160
156
155
155
154
154
154
154
153
151
151
150
152
152
152
152
151
149
151
151
150
149
148
148
150
149
148
146
145
144
144
144
143
143
143
143
145
144
145
145
146
145
145
146
147
146
145
145
143
142
142
142
142
142
141
139
139
139
139
140
140
139
140
140
140
139
138
136
136
136
136
138
139
141
141
141
143
142
141
139
138
138
137
138
138
139
139
141
141
141
139
142
142
141
143
143
142
143
144
144
143
144
146
147
147
145
146
146
145
144
144
143
146
145
145
145
147
147
148
148
152
152
152
150
150
149
150
150
149
149
150
150
149
149
149
149
149
148
148
150
150
151
151
151
151
154
154
154
153
153
158
156
155
155
155
155
155
156
156
157
156
155
154
154
156
157
155
155
158
159
161
160
161
164
164
164
164
165
167
168
168
169
169
169
168
168
168
170
170
167
168
168
168
167
165
166
166
167
166
166
166
165
164
165
165
167
167
167
167
168
168
168
167
166
170
169
167
167
168
168
168
168
168
170
169
169
171
170
170
170
169
169
170
169
170
169
168
171
171
171
170
170
170
170
169
168
166
166
166
166
168
168
170
173
173
173
173
172
172
171
171
170
169
168
165
165
165
164
162
163
162
164
163
164
165
163
162
162
162
162
161
161
160
161
161
161
161
161
159
157
157
157
160
159
159
160
160
160
159
157
156
155
155
155
156
157
157
156
158
159
162
162
159
159
160
159
157
156
156
155
154
154
153
152
153
153
153
151
148
148
147
147
147
146
146
146
146
146
146
146
145
144
144
141
140
140
139
139
139
140
140
140
139
139
138
138
138
138
137
137
135
134
134
134
132
132
131
129
129
129
129
127
127
126
126
124
122
121
120
120
120
119
119
118
118
118
117
116
116
117
119
119
120
119
121
120
117
117
117
116
118
118
117
119
116
116
114
111
111
111
111
109
108
108
107
108
106
107
108
108
107
106
106
107
109
108
108
107
110
110
110
110
111
110
110
113
111
111
110
108
107
107
107
107
108
108
108
108
108
107
105
106
104
104
104
103
105
105
106
108
108
111
112
112
113
113
113
112
111
110
110
110
110
110
110
110
110
110
110
110
110
110
110
110
113
113
114
113
113
113
113
112
112
111
110
109
109
109
109
109
109
108
110
109
109
109
109
109
109
109
112
114
116
115
115
115
114
114
114
114
115
116
116
121
121
120
120
120
119
119
118
118
118
119
121
119
119
120
119
119
119
120
120
120
120
120
120
119
119
120
119
118
117
116
119
118
119
120
121
120
120
121
121
120
120
119
120
119
120
120
121
121
122
125
127
126
126
125
124
123
122
123
124
123
124
125
127
129
129
129
130
131
131
132
132
132
132
132
135
135
134
134
134
133
134
134
135
135
135
134
134
134
134
133
133
132
131
131
131
131
131
129
129
131
132
132
132
132
132
131
131
131
131
131
130
130
130
130
129
129
128
128
127
127
127
127
127
127
128
129
129
129
130
128
128
128
128
128
128
129
128
128
128
128
128
128
127
126
126
125
125
124
124
124
125
125
124
125
125
125
126
126
127
130
130
130
130
130
129
128
127
126
125
124
125
125
125
125
125
126
129
128
128
128
128
128
128
130
131
131
130
129
129
128
127
125
124
124
124
124
125
124
127
127
126
125
124
123
123
123
122
122
122
124
123
123
123
122
122
120
118
119
119
119
120
120
118
119
119
118
118
117
117
117
116
116
116
115
115
114
114
113
112
111
111
111
112
111
111
110
110
110
109
108
109
110
110
108
108
108
109
108
108
108
109
109
108
109
110
110
110
110
110
113
113
113
112
112
112
112
112
112
112
112
113
112
112
110
109
110
110
110
111
111
113
116
117
118
119
119
119
119
120
120
120
120
119
119
119
119
119
119
119
120
122
121
120
119
119
119
119
119
119
119
119
119
118
117
117
117
115
114
113
111
111
110
110
110
107
106
105
105
104
104
104
104
102
101
101
101
100
100
99
100
100
100
100
101
102
104
104
106
106
104
105
105
105
103
102
102
104
104
104
104
105
106
106
111
111
111
111
112
117
117
117
115
114
114
115
117
117
116
118
119
118
118
118
118
120
119
119
120
119
118
118
118
118
120
121
122
125
126
126
125
124
123
122
121
120
121
120
118
119
119
120
121
121
121
126
126
126
127
127
127
127
126
127
129
132
132
132
135
138
138
139
139
139
139
139
139
140
140
141
143
143
144
145
145
146
145
145
145
144
144
143
144
145
145
147
147
149
148
149
149
149
149
149
149
152
153
153
152
152
151
151
151
152
153
154
153
157
158
158
158
157
157
160
159
159
158
157
157
157
156
157
157
158
157
157
157
157
157
155
155
155
154
154
154
153
153
152
152
152
150
150
150
150
149
148
148
147
146
146
145
145
145
145
145
145
146
146
147
147
146
146
146
147
147
147
148
148
147
147
147
146
145
145
145
143
142
142
144
144
145
144
146
147
147
147
146
144
145
141
140
139
139
138
138
137
137
136
133
132
134
134
135
135
135
135
138
138
136
135
135
135
135
137
138
138
139
139
139
140
140
140
141
141
142
142
142
142
146
147
145
144
143
144
144
144
145
144
144
145
147
147
147
147
147
147
144
145
144
145
145
144
143
143
142
142
141
141
142
142
142
142
142
144
143
143
143
143
141
141
141
141
141
142
142
142
141
140
140
139
140
140
142
141
142
142
143
142
142
141
143
143
143
143
140
140
141
141
141
140
140
139
140
139
139
139
140
139
141
141
141
140
140
140
143
143
143
143
143
142
142
142
141
140
140
140
141
141
141
143
142
140
141
140
140
139
139
141
138
140
141
141
141
143
143
143
145
145
145
145
144
144
148
147
146
146
145
146
144
145
146
146
145
144
145
145
145
143
143
145
146
145
146
145
146
144
142
140
140
140
138
137
136
136
136
136
135
136
136
136
136
134
134
135
134
133
133
132
133
133
133
134
135
136
135
132
132
132
134
133
133
133
135
135
133
133
134
133
134
131
131
131
129
129
127
127
127
127
126
126
126
125
124
124
124
123
123
121
120
120
120
120
120
119
118
116
115
114
114
113
113
112
112
112
112
112
111
111
111
111
111
111
111
111
110
107
