5485 5041
7432 6290
7485 6829
8467 7583
9459 6418
10483 7739
11475 9102
12471 10387
13462 11710
14487 13061
15476 6321
16468 7512
17459 8737
18486 10412
19479 11977
20467 13958
21459 15687
22483 17005
23479 18651
24467 20976
25459 6894
26484 7926
27475 9306
28467 10698
29430 11903
30430 13174
31431 14474
32468 15704
33460 18736
34483 19935
35480 20947
36467 22922
37464 24359
38483 26006
39480 27787
40466 29892
41459 31133
42486 32490
43475 33757
44467 7927
45459 8944
46483 10529
47432 12071
48469 13907
49459 15677
50483 16975
51475 18629
52433 20177
53459 21647
54483 22858
55475 24187
56467 25513
57460 27036
58483 28743
59480 30003
60467 31277
62460 35480
62484 38241
63476 39913
64467 41123
65459 43354
66483 44686
67475 45959
68467 48168
69460 49649
70483 6673
71476 7947
72467 9402
73432 10559
74483 13380
75476 14802
76473 16016
78461 21928
78484 22700
79478 24747
80479 26711
82462 29850
82483 30088
83475 31955
85459 36604
85468 34573
87475 39590
87485 38800
88467 42358
90433 44568
90483 44950
91475 47349
92432 49142
94464 51968
94483 52398
95476 54985
96466 56975
97460 8751
98488 10920
100433 13342
100467 14915
101433 16730
102487 18717
103475 19944
105460 23584
105468 21971
107475 27956
107484 26918
108467 29356
109433 30603
111475 33581
111486 32974
113434 36773
113464 37950
115433 41737
115475 43512
116472 44820
117432 46130
118484 47736
120472 52446
120477 49916
121460 53932
123480 57866
123484 56952
125440 60913
126433 7393
126484 7967
127480 13984
128471 16980
129460 18221
130483 23002
132435 25359
138466 35455
138473 32462
138478 39492
139434 40939
139436 43064
139492 39889
140435 44259
141434 48056
141436 46915
142432 7824
142436 50135
144478 13203
145470 14925
146434 17893
147434 23902
147486 19943
149435 28913
150436 7382
151475 9993
151488 8902
152433 11103
153433 12915
154485 14518
156434 19544
157436 7930
158463 9943
159435 12932
160435 14935
161471 17597
167494 7041
172881 8011
173585 6010
173607 10050
174585 6449
174624 6833
176721 6010
178021 5011
184027 10433
187106 6013
191764 9014
194069 10039
194859 6058
200413 10014
200414 9369
202415 10087
203411 8490
203413 9243
203414 9981
203416 11753
207661 8014
208659 8514
216289 10056
216494 7013
216666 6010
216999 9015
221734 8014
227282 6010
227522 10056
232910 8765
232920 9849
233876 11018
238148 10551
238150 11015
239791 10058
241199 8199
241213 9053
241618 6012
249393 11017
251434 7013
252340 5057
262369 10056
264491 10016
264851 8062
265491 10284
267577 8044
271538 9023
274583 9704
274593 10059
275576 10041
277602 11397
278606 8040
281656 9066
285441 10057
286400 10449
293532 9014
293945 8014
297423 8049
298177 10038
300388 9872
300418 10823
304548 10016
306080 10015
306406 7827
306414 8045
312816 11016
317055 10065
318296 10015
319297 10555
320295 10234
320343 9338
322295 11057
323328 11545
323512 9056
327746 10047
328715 10624
330530 10050
331258 9013
337899 11058
344387 10068
347138 10047
347610 9067
354019 11016
354655 10017
354683 9929
356708 11167
357696 12378
358651 10624
359652 11078
359712 10620
362616 9058
363023 6010
363060 5490
370033 11875
370081 10139
371195 10013
372289 10038
374005 8013
374304 11434
374314 11638
377767 8680
378723 11016
378725 9931
378755 10943
381719 10155
381720 10997
381742 8825
384787 10900
385723 11595
385753 9568
389055 10015
390466 10015
390466 9824
391514 9824
395194 8013
401189 10058
401538 8057
401539 9014
405295 10015
405431 9054
407391 9993
407424 10206
409300 6011
410278 8673
410280 10014
410281 9481
410337 6183
415810 9015
420363 10016
425179 7012
429241 9750
430188 9796
430191 11015
432225 10382
434419 10015
436318 6034
436549 8457
436551 9015
441536 8012
441601 10026
442535 6805
442536 7906
442574 8633
447586 10391
447587 10599
449588 11639
450589 9765
451591 11837
455036 9065
455530 11051
456987 9913
457026 10174
457985 10570
460985 11216
460989 13695
461985 13780
462986 12837
463987 9745
463987 10787
465989 10536
466984 9501
466986 8797
466986 10106
471425 6067
471761 8013
472754 6013
473792 6675
474751 6370
475752 7080
481931 7013
482179 9015
485602 6642
485602 7012
490885 10055
492866 9220
492871 10018
496439 9058
498892 9014
501154 10014
501211 9033
503234 10457
505991 7040
510598 7923
510610 8058
511054 10016
511564 8498
515617 11173
516568 12573
520711 9458
520711 10015
524369 10059
524379 7011
530147 9016
532192 10821
532454 8014
535573 9352
535599 9062
535617 10058
549992 10014
549992 9245
552024 9473
552518 7061
552995 11930
553304 9061
553470 7359
566386 9014
570368 10059
572356 11095
572361 11814
573707 10015
574755 10414
575744 10243
578211 10018
580359 10052
581323 10879
585866 11052
587818 10015
595015 8132
595020 10019
595068 9119
598050 10685
598378 7012
599017 10246
599067 10033
603155 8057
606113 10161
607113 10159
608516 10015
609570 10669
611935 10056
612934 10584
613920 10699
614365 6045
614894 10398
614934 10045
618860 7068
622996 10015
623448 9065
627365 10017
628408 9976
629366 11642
656069 10016
693253 7053
699008 10053
699694 8041
700005 10687
701688 9643
702712 10063
703609 5042
703791 8046
710615 10176
710623 11317
710632 11532
712610 10404
713623 10468
713632 10877
717870 10013
725093 8479
726057 10136
726060 11014
726112 10386
729059 11378
730093 12282
730102 10536
734113 10054
735105 10427
736074 10244
736221 9066
739748 10049
740710 8860
740712 10676
740713 10531
744268 10073
747673 9063
747789 6011
747828 5839
756540 10014
757570 10488
757591 9384
759375 8012
764225 9014
770339 10013
770392 9269
772384 10875
773338 10858
773340 11260
775427 10047
775802 5628
775807 6013
776852 5197
778846 6377
793021 6060
799796 5439
799803 6057
799855 8066
801788 6554
818435 7010
818924 10012
826994 8159
827032 9623
827047 7050
828040 11059
828801 6048
829762 6246
829811 5998
831763 7751
831794 6003
837766 11302
838903 9035
840791 5981
840796 7889
840824 9039
840834 7322
840848 9002
844765 6052
852324 10061
853249 8073
853272 9035
855759 8038
860790 10014
868635 6008
873639 10466
873640 10707
873682 9756
876640 11144
877641 10793
878480 9013
879769 9038
881792 10014
882428 9013
887311 9462
887360 10066
889309 10459
891200 10059
893573 10057
894524 9045
894583 8011
894620 6501
895631 8946
895696 5009
903470 8012
903653 10062
906472 10775
907471 11037
908469 7026
908513 10756
909471 11163
909472 9876
912316 8012
912785 10016
913316 8076
914370 6048
915360 6927
920335 11746
921336 11005
921569 6009
921621 5052
927268 9013
930071 9015
933488 8056
933606 10015
934682 6011
934695 7048
947989 11016
948004 10330
948168 7052
948465 9015
972631 9013
974874 10014
974987 7791
974988 8013
979042 11743
986337 10056
987253 8040
987270 7945
1001180 9013
1002122 11128
1003575 9014
1005576 10038
1008262 9014
1010305 10559
1011198 8138
1011225 9040
1011814 7041
1023518 9071
1029180 8884
1029214 7620
1030181 9259
1030182 10014
1030268 6008
1037633 7012
1037769 10015
1037818 9245
1042818 6055
1049561 9066
1051625 10016
1052737 10015
1053737 10857
1053789 9388
1057516 10016
1063171 10063
1065434 9014
1065477 8228
1066433 9885
1073068 9013
1076418 10053
1079828 8064
1080201 7041
1097263 8063
1100449 10013
1101451 10816
1108996 10015
1110103 9013
1110214 7037
1115233 10062
1118884 10041
1122719 10015
1123111 7024
1128262 10014
1128579 6009
1128628 5901
1129579 5228
1139052 7012
1140003 9014
1145967 8052
1148961 10516
1151334 8229
1151347 8824
1152280 5065
1152327 8621
1152353 10064
1153267 5652
1154264 5606
1155224 5743
1159577 6011
1171347 7012
1171835 9076
1171873 10052
1213965 8011
1217234 8040
1219244 8010
1220169 6071
1220290 5009
1221460 5051
1222452 5580
1225332 5038
1231523 7373
1231566 8637
1231579 9067
1235574 11316
1236554 12189
1236567 10278
1238521 8970
1238523 8418
1238552 13047
1238562 12710
1238574 13529
1243552 14242
1243566 9528
1244520 6526
1244524 10651
1244550 11743
1244572 13663
1244591 17688
1250553 9387
1251561 12672
1251576 10060
1255188 11020
1255329 10050
1255598 8038
1256059 6012
1261089 10474
1261111 10311
1263061 10303
1263928 7775
1263930 8013
1264061 11147
1270574 11015
1270618 9120
1271575 11674
1272573 10166
1274025 8011
1274059 6854
1274090 7042
1274667 11056
1278688 6054
1283647 10174
1283800 9059
1285792 10940
1287029 10012
1288766 10014
1289888 10014
1292988 6041
1293729 11014
1293730 9742
1293730 10634
1293779 9424
1294558 6064
1295548 6745
1296504 7294
1301508 11586
1302708 10137
1302708 9431
1303581 7958
1303709 10196
1303709 8612
1307581 9692
1307583 10170
1307612 8736
1308582 7850
1308585 11881
1308631 10320
1309632 7309
1310581 6965
1311579 7145
1316588 11173
1319000 9065
1319557 7012
1320189 6049
1322747 6011
1323176 5010
1325581 6012
1333222 9012
1333602 8013
1336603 10970
1336603 10302
1338658 10358
1338816 9013
1340301 5339
1340301 6011
1346678 10013
1346707 9722
1347305 7043
1347713 10972
1347862 5149
1354999 9060
1356951 10188
1357955 11790
1358978 11291
1359000 11597
1359951 6296
1359953 11801
1359953 12862
1359983 11242
1360951 6630
1365954 10994
1366356 6281
1366359 7017
1375141 10068
1376769 10061
1412764 6009
1413755 5009
1414804 5713
1419798 10182
1420792 11291
1422786 12039
1422797 9254
1423808 11173
1427489 9013
1429538 10113
1431584 10058
1432577 10840
1435288 9066
1436279 9632
1438275 10641
1440024 8012
1440454 7064
1440898 10052
1446397 9014
1446447 8731
1459271 9566
1459275 10017
1461276 9018
1463301 10013
1465376 10061
1465910 7108
1465912 8013
1465950 6721
1466329 10265
1470949 10961
1472914 11744
1472963 11305
1473913 11759
1474917 11235
1476123 9013
1476937 13377
1478125 10748
1479160 9919
1479170 11249
1482424 9926
1482434 10057
1485452 10014
1486589 10013
1489677 10015
1489700 8561
1489726 6694
1489756 9068
1490698 8255
1494752 11031
1494771 8048
1498017 10013
1500835 10069
1501781 10755
1501826 11002
1501989 7060
1505386 7011
1509387 9529
1510390 11170
1510392 11448
1512050 9014
1521315 10018
1523973 9013
1526225 7013
1526516 9043
1526521 10015
1530272 10347
1530647 9035
1537625 10750
1537628 11018
1545268 9013
1547396 9297
1547424 10040
1549444 10800
1551055 8050
1555073 10037
1555568 8054
1561776 8049
1567985 7010
1571427 9014
1572504 9061
1574455 10209
1574497 10415
1580734 6052
1581239 9013
1581240 8207
1585722 6012
1593665 10058
1597061 7011
1597130 9013
1599135 6059
1600124 6686
1605088 11379
1606088 12530
1606136 10489
1608088 9842
1608089 13780
1609122 14929
1612089 12258
1612091 14630
1612131 11478
1614091 14809
1615090 9947
1615144 10187
1622164 8011
1622212 7041
1622227 10122
1622249 11037
1626766 8122
1626775 9050
1629740 10631
1630232 9044
1634724 10042
1635194 9013
1639618 10062
1639985 8013
1640571 10162
1643008 10285
1644801 10067
1649713 10016
1659561 10031
1666109 9012
1670973 9890
1671012 10053
1673883 9074
1673934 10064
1674935 9846
1676344 9045
1681180 7861
1681234 8066
1685218 11086
1685799 7043
1686229 9012
1689792 10877
1689815 10140
1691809 12366
