0.000
0.000
0.000
0.000
0.000
0.000
193.082
193.254
586.938
799.535
993.773
1187.625
1554.449
1749.070
1948.063
2141.164
2348.016
2547.527
2743.266
2936.656
3129.281
3324.445
3519.008
3713.785
3907.043
4100.344
4296.414
4490.637
4684.855
4878.938
5071.383
5262.500
5456.352
5649.789
5843.570
6036.637
6240.301
6433.082
6669.301
7037.113
7233.625
7430.363
7629.281
7822.875
8028.664
8219.016
8417.352
8610.926
8804.574
8999.473
9192.504
9386.809
9580.988
9774.707
9968.883
10161.602
10356.828
10550.707
10750.590
10943.168
10943.563
11333.465
11702.051
11894.461
12089.242
12290.523
12490.609
12683.160
12884.266
13080.945
13275.844
13470.988
13664.531
13858.309
14051.957
14052.367
14439.484
14633.883
14827.746
14828.207
15214.520
15407.633
15408.125
15795.840
16150.785
16366.340
16377.613
16758.148
16960.551
17155.066
17155.684
17543.699
17757.441
17951.250
18145.480
18339.094
18339.500
18725.207
18919.207
19114.691
19308.430
19657.273
19695.992
20055.129
20275.398
20471.621
20472.160
20858.676
20859.668
21246.172
21247.391
21634.621
21827.129
22021.281
22214.785
22215.102
22603.449
22803.766
23151.957
23194.637
23370.191
23776.719
23980.199
24175.918
24370.379
24565.520
24372.824
24566.926
24567.742
24571.074
24571.809
24573.109
24573.199
25491.246
25895.051
26265.902
26667.758
26690.777
26885.789
27081.297
27275.012
27661.930
27662.680
27856.656
28051.121
28442.977
28637.570
28831.105
29024.289
29199.738
29400.766
29586.039
29795.156
29795.258
29988.043
29989.398
29990.320
29990.859
29991.320
29799.043
29991.645
29992.699
29993.000
29993.375
29994.156
30530.516
30917.891
30959.707
30942.105
30961.727
31156.281
31157.270
31157.938
31158.566
31158.777
31345.867
31152.656
31152.883
31156.438
31157.238
31157.617
31158.277
31324.008
31154.250
30962.004
31324.582
31150.129
31150.699
31151.355
31151.445
30957.680
30753.570
30923.281
31635.551
31703.109
31703.207
31704.125
31892.715
31894.578
31895.086
31895.609
31895.879
31896.375
31896.969
31704.047
31873.035
32470.813
32275.809
32276.441
31700.289
31875.594
31895.352
31896.434
31897.043
31509.875
31509.879
31891.172
31892.328
31893.148
31699.664
31700.922
31884.023
31878.840
31878.922
31879.023
31879.852
32257.215
32051.078
31864.254
32054.766
32054.973
31864.375
31865.109
31865.863
31866.199
31866.328
32054.773
32056.246
32057.004
32054.594
31861.336
31474.926
31475.605
31476.445
31282.582
31283.063
31090.254
31090.789
31260.277
31086.156
31063.418
31456.270
31081.273
31070.914
31082.004
31082.609
30889.094
30859.523
30860.152
30860.902
31044.016
31045.082
31045.844
31236.020
31042.422
30848.504
31022.609
30260.008
30064.496
30065.168
29867.738
29862.375
29862.402
29862.684
29668.914
29281.113
29281.492
29087.371
29468.809
29469.250
29469.250
29468.738
29272.520
28885.227
29262.090
29262.297
29069.773
28876.039
28676.918
28671.113
29057.137
28864.285
28651.258
28265.492
28076.523
27882.398
27877.246
27877.750
27685.164
27660.543
27680.586
27674.566
28031.445
27857.688
28030.254
28025.988
28230.973
28037.945
28038.070
28207.387
28410.855
28222.461
28017.270
28013.344
27623.203
27429.996
27430.180
27430.414
27430.871
27423.906
27228.219
26839.695
26839.824
26840.316
26840.418
27029.383
27030.102
26837.047
27020.504
27020.785
27020.785
26827.527
26634.730
26248.316
26244.965
26234.484
26234.535
26593.098
26799.426
27180.324
27182.449
27182.773
27541.102
27368.090
27179.449
26800.871
26611.285
26611.559
26418.934
26607.699
26603.313
26791.707
26792.258
27180.711
27181.363
27181.844
26799.742
27364.059
27364.953
27170.703
27554.836
27555.973
27361.688
27550.750
27743.629
27744.371
27551.406
27740.129
28120.609
28314.074
28314.898
27927.930
28117.969
28124.680
27936.871
27745.172
27745.477
27552.184
28121.137
27934.926
27936.977
27937.723
28314.340
28314.918
28502.668
28479.875
29198.551
29275.645
29276.559
28894.992
28896.301
28702.879
28896.313
28896.523
28702.297
28702.832
28892.383
28892.633
28699.797
28701.977
28694.922
28702.383
28702.719
28508.473
28508.012
28889.910
28889.988
29079.234
29079.750
29079.563
29079.906
29661.637
29663.020
29663.750
29474.902
29474.926
30377.844
30048.820
29855.750
29856.938
29857.309
29853.238
29854.129
30045.164
30039.867
30228.535
30040.129
29852.566
29653.926
29649.781
30029.746
30223.945
29838.910
29840.027
30387.457
30575.941
30947.379
30785.453
30975.426
31545.129
31545.418
31546.117
31547.410
31741.578
32108.609
32302.082
32320.938
32518.891
32520.363
32521.035
32332.156
32333.254
32333.492
32720.285
32720.859
32144.430
32315.035
32339.973
32340.336
32151.855
31770.203
31954.496
31958.441
32148.836
31961.547
31961.762
31937.938
31768.398
31577.930
31767.527
31767.629
32143.863
32145.418
32145.313
32145.785
32332.281
32340.227
32341.402
32153.227
31959.551
32707.309
32538.441
32151.707
32152.594
32341.855
32341.887
32342.512
32343.277
32344.004
32720.590
32532.363
32533.395
32895.273
32722.289
32722.934
32723.609
32534.656
32534.805
32727.363
32535.109
32724.859
32530.867
32341.941
32913.879
32915.086
32916.020
32728.578
32729.668
32730.383
32731.352
32543.652
32355.797
31974.117
31974.520
31975.441
31976.160
32353.641
32354.367
32716.445
33300.855
33310.316
33310.852
33311.895
33123.895
33124.641
32931.242
32931.641
32743.500
32551.277
32363.566
31782.242
31780.613
31783.395
31595.145
31214.773
31403.875
31216.625
31594.188
31404.168
31593.449
31782.410
31404.051
31210.906
31211.559
31205.609
31206.797
31015.938
31017.160
30828.813
31004.070
31018.965
31012.016
31013.105
31014.301
30633.254
30252.711
30254.137
30255.246
30826.777
30633.617
30636.188
30829.855
30830.984
30831.621
30640.594
30245.281
30074.863
29886.367
29881.156
29882.234
30061.742
30245.379
30260.949
30067.547
30424.535
30614.813
31185.969
31208.242
30639.434
30639.789
30833.777
30639.859
30258.598
30069.922
30061.711
29882.109
29694.199
29694.965
29501.742
29304.188
29493.512
29493.723
29494.027
29112.180
28541.055
28541.719
28345.848
28345.969
28346.051
28157.641
28157.789
28158.055
28158.328
28159.828
28160.289
28160.289
27971.602
27784.230
27784.574
27212.969
27019.914
27022.207
26834.020
26834.281
26834.355
27022.578
27022.629
27022.785
26834.406
26834.410
26642.516
26642.594
26642.664
26642.734
26448.832
26449.023
26060.949
25866.867
25867.000
25867.063
25486.844
25487.211
25298.625
24913.828
24914.211
24914.391
24914.461
24527.629
24527.707
24339.172
24339.176
23955.902
23578.152
23385.262
23196.234
23196.297
23196.563
23007.711
23008.031
22818.840
22818.859
22819.105
22625.594
22438.266
22438.270
22627.059
23009.230
23009.406
23198.445
23011.828
23398.438
23203.555
22628.387
22628.594
22628.688
22439.230
22812.258
22813.109
22623.602
23000.516
22424.598
22424.781
22044.035
21472.750
21472.961
21473.082
21473.465
21091.844
20903.086
20903.418
20714.969
20898.070
20512.008
20681.137
20846.734
20884.594
20692.250
20503.789
20503.133
20691.492
21070.590
20882.750
20883.320
20668.715
21181.371
21237.512
21238.207
21238.680
21426.965
21233.930
21234.152
21813.098
21436.340
21437.020
21250.016
20873.461
20684.457
20684.648
20684.820
20667.121
20845.461
20868.160
20872.863
20873.383
20873.723
20685.012
20303.992
20497.078
20114.352
20114.637
20114.953
19927.156
20289.449
20304.762
20491.969
20874.410
20875.395
21410.043
21624.117
21644.004
21826.910
21838.063
21838.289
21648.957
21460.770
21271.734
21271.914
21271.945
21272.141
21272.141
21272.707
21272.824
21273.035
21273.191
21273.430
21273.621
21273.801
21273.848
21274.172
21274.207
21856.668
21856.922
22050.043
21857.805
21857.871
21858.297
21858.297
21669.410
21669.410
21480.965
21287.793
21100.215
21100.383
21100.391
21100.738
21100.738
21101.063
20908.672
21290.480
21097.402
21097.637
21098.000
21098.008
21098.008
21098.012
21098.258
21674.465
22037.383
22426.035
22256.051
22265.496
22265.844
22073.523
22074.234
22074.594
22074.605
22262.645
22451.633
22451.805
23416.785
23416.793
23228.945
23216.430
23235.410
23041.586
23041.672
22852.723
22852.770
22853.141
23022.410
23386.102
23046.191
23046.500
23240.090
23046.637
23046.887
23047.102
23216.863
23236.090
23236.598
23236.816
23237.090
23237.633
23048.926
23048.938
23242.637
23054.223
22860.109
22671.730
22483.496
23056.160
22866.883
23036.168
23243.613
23432.637
23232.941
23244.031
23433.059
23437.941
23243.242
23243.953
23054.891
23215.387
23060.586
23248.988
23249.309
23437.488
23437.730
23624.656
24200.703
24585.066
24397.227
24397.922
24205.465
24016.902
23823.875
23635.273
23807.430
24015.566
23828.098
24010.625
24203.645
24586.965
24970.246
24970.270
24970.863
25162.691
25356.297
25361.875
25555.246
25556.113
25556.465
25557.184
25550.418
26095.184
26133.520
25945.930
25946.297
25946.563
25758.449
25946.781
25947.063
26120.727
26136.000
26136.621
25943.836
25939.441
25946.926
25947.383
25755.020
25755.598
25562.492
25373.605
25373.637
25373.957
25374.563
25375.438
24999.234
24999.402
25363.539
25576.543
25577.227
25578.027
25578.473
25578.770
25387.555
25388.188
25388.555
25389.609
25390.121
25202.285
25203.113
25203.754
25204.004
25015.801
25016.723
24828.316
24828.805
24635.191
24635.980
24636.281
24636.383
24634.547
24639.383
24809.805
25028.473
25028.926
25029.645
25204.391
24831.586
24831.660
24831.688
24831.996
24832.023
24832.066
25019.801
24835.672
24836.086
24836.469
24837.051
24837.586
24838.328
24649.355
24460.727
24460.902
24267.797
24268.098
24075.176
24075.363
24071.559
24260.344
24236.066
24068.227
24248.449
24257.453
24258.984
24454.008
24454.461
24643.324
25224.098
25224.961
25226.047
25226.711
25226.727
25037.129
24844.078
24651.555
24463.152
24273.488
24080.332
24269.109
24269.836
24270.047
24270.309
24271.488
24426.551
24987.973
24844.258
24844.480
24846.145
24847.344
24847.984
24848.688
25197.164
25420.930
25421.129
25232.785
25043.418
25049.211
24857.152
24663.848
24282.508
24095.348
24095.453
24095.801
24098.090
24266.672
24092.559
24619.254
24659.516
24471.227
24278.660
24083.465
23893.699
23894.109
23894.387
23706.730
23693.879
23705.016
24047.867
23875.660
23894.164
23895.906
23707.770
23708.648
23325.598
22942.457
23136.594
23136.691
23136.859
23325.910
23325.965
22944.949
23126.816
23141.867
22954.105
22954.172
22760.492
22760.637
22760.707
22570.434
22570.766
22571.051
22378.211
22378.684
22183.430
22183.430
21994.879
21806.211
21590.742
21610.531
21611.102
21787.602
21603.031
21606.844
21412.574
21413.484
21413.516
21224.988
21030.250
21200.367
21390.539
21415.723
21033.844
21034.117
21035.039
21218.805
21030.281
21030.559
21031.266
21219.813
21220.020
21031.793
21208.746
21414.613
21414.789
21414.793
21415.602
21415.621
21990.348
21993.820
21994.020
21800.898
21801.500
21801.688
21801.957
21802.066
21802.531
21802.941
21808.398
22002.215
21809.000
21809.594
21423.539
21229.895
21415.652
21423.859
21424.148
21611.871
21613.016
21967.246
22553.785
22767.797
22962.938
23156.719
23157.332
23157.430
23157.914
23351.695
23351.996
23352.668
23353.543
23165.398
23165.609
23166.016
23166.027
23166.238
23166.453
23166.652
23360.535
23742.066
23553.758
23360.309
23171.023
23171.102
23171.250
23171.375
23171.379
23171.461
23171.648
23171.758
23171.766
22978.578
22790.504
22790.949
22791.008
22406.758
22218.289
22024.941
21645.578
21645.715
21454.227
21454.297
21454.344
20875.402
20686.645
20492.828
20492.938
20304.855
20304.891
20305.086
20305.605
19928.367
19734.695
19734.832
19735.039
19547.285
19547.816
19354.129
19529.125
19548.352
19548.422
19548.668
19741.824
19916.867
20297.664
20323.918
20692.160
20712.922
20335.375
20528.406
20529.227
20529.344
20141.965
19953.398
19953.719
20339.762
20340.480
20340.527
20341.891
20530.395
20719.703
20720.020
21677.531
21678.973
21680.277
21681.148
21832.090
22777.980
22831.742
22832.234
22442.625
22249.262
22250.039
22439.848
22821.891
22822.016
22633.078
22990.578
23204.008
23011.598
23012.133
23012.379
23012.832
23395.273
23203.031
23166.047
23393.379
23202.910
23012.703
23012.766
23013.371
23013.438
23390.637
23580.332
23769.027
24348.465
24538.305
24539.410
24351.961
24155.945
23970.383
23783.168
23594.637
23401.699
23585.766
23392.152
23007.223
23196.258
23196.973
23385.988
23574.930
23575.246
23575.660
24453.945
24524.113
24528.930
24723.363
24724.777
24725.492
24726.035
24534.082
24722.859
25099.473
25682.055
25682.066
25683.191
26218.621
26806.203
26838.414
27032.598
27038.254
27038.824
27039.340
27039.852
27040.703
27230.379
27230.922
27423.934
27812.145
27813.422
27986.496
28198.934
28199.754
28395.039
28206.762
28207.105
28207.723
28006.977
28006.980
27813.508
28001.145
28196.438
28196.957
28536.887
28574.203
28912.371
28758.313
28951.371
28952.078
28952.977
28953.457
28953.977
28954.551
29513.078
29722.090
29723.004
29529.762
29530.508
29338.527
29338.777
29339.035
29528.301
29701.301
29893.703
29704.063
30477.121
30671.457
30671.918
30673.395
30480.129
30480.445
31053.414
30864.043
30864.223
30670.770
30478.441
30478.887
30479.109
30284.055
30459.879
30473.016
30661.813
30473.250
30473.715
30473.875
30473.879
30475.180
30088.398
30088.773
30088.840
29895.871
29896.172
29896.277
29702.488
29702.523
29510.000
29510.258
29510.410
29127.992
29128.273
29128.277
29128.543
28937.871
28744.930
28745.113
28552.277
28364.141
28364.270
28175.512
28175.543
28175.684
28175.793
28175.922
28176.570
28350.629
28351.324
28549.328
28564.031
28375.672
28376.012
28376.461
28564.508
28564.719
28565.203
28756.902
28751.699
28558.875
28559.871
28559.480
28366.047
28167.652
28168.516
28162.109
27774.559
27581.102
27581.641
27939.121
27958.676
28129.316
27959.566
28326.473
28536.309
28536.680
28537.699
28345.680
27968.738
28168.828
27399.004
27204.570
27010.988
27010.996
26821.922
26822.484
26633.145
26633.242
26445.387
25861.953
25673.734
26055.098
26055.137
26249.027
26250.367
26250.422
26250.871
26825.641
26827.043
26444.742
26250.129
26250.473
26245.289
26245.582
26621.875
26810.848
26811.914
27001.648
26997.941
26994.688
27183.641
27183.844
27184.586
27376.531
27377.059
27546.660
27567.324
27564.449
27565.141
28259.734
28511.203
28147.336
27955.070
27762.512
27951.047
27951.711
27951.898
28140.930
27952.625
27953.320
28142.684
28524.887
28525.477
28525.625
28529.309
28530.488
28531.063
27960.582
28154.684
27955.867
28141.375
28145.223
27952.160
27764.230
27764.672
27577.016
27577.426
27384.699
27384.992
27573.125
27573.195
27555.797
27574.902
27575.328
27962.422
27769.852
27770.176
27756.914
27769.813
27387.496
27387.863
27388.141
27388.172
27388.652
27575.570
27576.563
27576.563
27387.762
27199.813
27200.023
27006.855
27191.758
27200.672
27564.805
27383.332
27571.711
27572.191
27766.191
27577.418
27577.895
27390.043
27772.703
27773.336
27773.414
27773.777
27195.703
27195.922
27390.117
27390.215
27390.383
27197.141
27197.250
27009.488
27202.035
27013.824
27014.066
27008.898
27201.930
27012.934
27389.160
27389.730
27389.770
27201.320
27201.547
27201.703
27784.551
27785.035
27785.145
27785.758
27784.926
27592.137
27592.531
27592.820
27399.129
27210.301
27210.680
27210.832
27399.504
27399.621
27399.891
27782.238
27594.055
27211.797
27404.723
27215.926
27216.578
27028.559
27016.473
27390.398
26827.598
27209.160
27398.438
27398.500
27399.020
27776.051
27776.824
27776.445
28159.070
28159.922
28161.266
28161.988
27974.055
27974.055
28665.883
28548.563
28360.109
28361.047
28167.965
28363.340
27980.699
28150.461
28356.883
28357.402
28169.898
27976.785
28167.578
28167.520
28167.738
27787.055
27788.152
28169.773
28359.039
28170.426
28359.418
28171.633
28360.070
27978.258
27596.621
27214.250
27214.914
27215.473
26833.758
26645.320
26452.387
26452.531
26452.547
26452.559
26264.484
26434.594
26454.441
26454.461
26454.934
26074.492
26074.836
26249.027
26080.082
25891.316
25891.918
25701.633
25891.266
25891.523
25891.875
26070.531
26258.980
26448.695
26260.922
25693.363
25693.547
25693.594
26081.828
25888.164
25888.164
25864.832
26259.426
26270.809
25888.195
25888.301
26075.922
25887.387
26075.621
25503.121
25503.320
25503.785
25120.656
25120.809
24743.324
24743.434
24743.496
24743.770
24554.781
24555.293
24556.594
24363.414
24170.426
24170.500
24170.523
23973.590
23973.590
23586.492
23393.023
23393.164
23393.164
23393.250
23393.324
23199.637
23010.910
22623.219
22429.926
22236.246
22236.531
22041.680
22041.809
21847.773
21847.926
21847.926
21847.938
21848.086
21655.871
21655.918
21656.000
21656.008
21656.219
21656.223
21656.281
21656.281
21463.016
20888.930
