0
0
0
0
0
0
5411
0
6575
356
6621
7926
9302
5379
7517
13240
6624
7679
10580
12179
14191
10699
17205
645
21196
7102
3867
9485
10885
13704
13403
14689
15901
18895
21111
21169
2460
24600
5080
27974
28718
31342
31841
33949
8166
0
12365
24218
15877
34320
18794
20408
21912
23027
24430
25723
27239
28942
15309
31529
0
38468
25913
10273
43562
44888
5488
48376
49915
18399
9581
10783
13581
1366
16202
0
39979
24959
26943
0
30292
45687
0
36834
0
39786
42546
44761
73159
49378
0
52597
36851
71804
8976
11070
0
46601
16888
18887
20114
0
38835
0
31474
30853
0
33779
0
49299
0
43700
45000
46369
46289
0
52674
2355
0
67088
0
55962
21006
50197
18396
7074
0
25547
0
0
0
0
0
39765
43665
44492
50349
8105
13450
25038
73547
87132
0
22358
7655
126344
11331
27692
14714
0
19727
54102
69591
80916
17831
0
0
0
0
0
82383
0
0
0
0
8199
53355
7105
0
6187
5215
0
0
0
0
106077
0
0
6249
0
0
0
0
9228
0
25149
6294
0
0
0
0
10219
0
10318
83454
0
0
8195
8714
0
0
0
0
0
0
0
10301
0
0
0
0
8189
0
0
0
0
8883
0
0
0
0
9013
11190
0
0
0
20880
10225
0
18286
0
0
0
0
0
0
11181
0
7160
5265
0
0
0
0
0
0
0
0
0
10303
0
10219
159
0
8302
0
0
9209
0
0
18461
20622
0
4508
8307
0
0
9332
0
0
10267
10715
0
0
0
0
0
0
9191
0
0
8301
10305
0
11049
0
0
0
10221
10221
8295
0
0
0
0
0
11196
0
0
0
10301
10191
10789
10531
0
11308
11806
0
0
0
10315
10787
10273
9191
0
0
0
0
0
11278
0
0
0
0
0
10286
0
0
10289
0
0
0
0
0
11201
10215
0
11386
12592
10794
0
0
9283
6161
0
0
0
0
0
12088
10180
10272
0
11697
0
0
8893
11250
0
0
11208
0
0
11088
11779
0
0
10197
10175
9985
0
0
0
8191
0
0
0
0
10293
0
0
0
13917
0
10439
0
6212
17036
0
0
0
0
9198
0
0
0
23658
0
0
0
7198
0
0
0
10030
22342
0
10603
0
10190
0
19056
0
0
0
0
10221
8888
0
0
0
10790
0
11784
9930
12028
0
0
9283
11273
10370
10808
0
0
13895
14016
13092
10998
10695
10315
0
0
0
6287
8186
6176
6890
7309
0
0
0
0
0
9210
0
0
7185
6883
0
0
0
10316
0
10188
0
0
0
9296
0
9177
0
10249
0
10717
0
15341
0
0
0
0
10210
8729
0
0
11414
12811
0
0
0
18247
0
0
0
7242
0
0
0
0
9198
0
18342
0
0
10337
0
0
0
0
0
0
0
0
0
0
0
0
10179
0
9706
12112
7593
0
0
0
0
0
0
0
0
0
0
9197
0
0
0
10297
0
11995
10198
10605
10491
0
10199
0
10299
11086
0
0
0
0
9481
10186
0
0
0
0
0
0
25243
0
0
10909
10494
0
0
0
9195
0
10391
10379
0
10191
10882
0
10280
6068
21019
10608
0
0
7289
0
0
0
20810
9342
0
0
10195
10194
11898
0
0
0
0
0
0
0
0
0
0
0
0
0
0
0
0
0
0
0
0
0
0
0
0
10218
0
0
0
0
0
0
0
0
0
0
0
0
0
0
0
0
0
0
0
0
0
0
0
0
0
0
0
0
0
0
0
0
0
0
7275
0
0
0
0
10288
10893
0
9900
10288
8297
0
0
0
0
0
11807
0
10608
11121
0
0
0
10208
0
0
0
0
0
0
8688
11234
0
0
11585
12479
0
0
10290
10713
10484
0
0
0
10310
17821
0
0
10297
0
0
9292
0
0
0
0
0
0
0
0
10245
9650
8184
0
0
0
0
9184
0
0
0
0
10172
9464
11115
11509
0
10275
6198
5367
0
6575
0
0
0
0
0
0
0
0
0
0
0
0
6270
0
0
0
0
0
8256
0
6790
0
0
0
0
0
0
0
0
0
0
0
0
0
0
0
10200
0
0
0
0
0
0
0
9860
11363
6303
6497
8013
0
0
0
0
0
11504
9277
0
15258
0
0
0
6321
0
0
0
0
0
0
10313
9302
0
8298
0
0
0
0
10223
0
0
0
0
0
0
6179
0
0
0
0
10884
0
0
11414
9191
0
9286
10183
9188
0
0
0
0
10306
10696
0
10344
0
10305
9273
9183
0
0
0
0
0
0
0
10285
0
0
11290
7288
11379
0
0
10250
8284
6273
7194
0
0
0
0
22835
6164
0
0
0
0
9182
0
0
9205
0
0
10194
7325
0
0
0
0
0
0
0
0
0
0
0
11253
9196
0
0
0
0
0
0
0
0
0
0
0
0
0
0
0
0
0
0
0
0
0
8298
0
0
10210
0
0
0
12006
0
0
0
0
0
10327
8293
0
0
0
0
0
0
0
0
0
0
0
0
9199
11317
0
9239
10287
0
0
9272
0
10803
9347
0
0
0
0
0
0
0
0
0
0
9317
0
0
0
0
0
9095
10202
0
0
0
0
0
0
10207
0
0
0
5692
0
0
0
0
0
0
9279
0
10188
10186
13806
0
0
10178
0
0
0
0
0
10298
0
9180
10108
0
0
0
0
0
9185
0
0
10285
0
0
8280
15087
0
0
0
0
0
0
0
0
0
0
0
0
0
0
0
8274
0
0
10991
0
0
0
0
0
0
0
10180
9171
0
0
0
10287
0
0
0
10267
0
0
0
10180
0
0
0
0
10176
5476
0
0
0
0
0
0
0
0
7163
9199
0
0
0
0
0
8270
0
10673
0
0
9014
10271
5787
5981
0
0
0
6179
0
0
0
0
0
0
0
0
0
0
7203
10313
0
0
0
0
0
0
0
0
0
0
0
0
0
0
0
0
0
0
0
0
0
0
0
0
0
0
0
0
0
0
0
0
0
0
0
0
0
0
0
8186
0
0
8309
0
8197
6285
5284
5792
0
5320
0
0
0
0
0
9309
0
0
0
11529
12391
0
13708
0
0
0
0
14497
17914
0
0
0
0
9589
12874
0
0
11179
10277
0
0
0
0
10697
0
10503
11371
0
0
0
0
0
11186
11882
4473
8183
11301
0
0
0
16504
0
0
0
14976
0
11224
10248
0
2544
1065
0
0
6285
11208
30254
7456
0
0
0
0
21801
10305
24310
0
0
0
12105
10585
45187
7381
0
0
0
0
11415
0
9289
7207
0
0
6202
0
6492
0
0
0
0
0
0
9195
8197
0
0
23861
0
10619
6177
0
0
0
0
0
16772
11189
0
0
0
0
0
0
9312
0
37555
12063
13108
6886
0
0
0
0
17856
0
0
0
0
0
0
0
0
10322
10324
0
0
0
0
0
0
0
0
0
0
0
0
0
0
0
0
0
0
0
0
0
0
0
0
0
0
0
0
0
0
0
0
0
6161
5160
5859
0
0
0
10388
11480
0
12277
11394
0
0
9182
0
10273
0
10276
11093
0
0
9285
9877
0
10895
8190
7273
0
0
0
0
9217
0
0
0
0
0
0
0
0
0
0
0
10257
0
9178
0
10200
0
10297
10473
0
0
0
11174
0
11988
11994
3180
9186
13595
10983
11494
0
0
10284
0
0
10254
9303
0
0
10203
13736
0
0
11226
0
0
10215
0
0
27456
11226
0
0
7186
0
0
0
9812
11733
9223
0
0
0
0
0
0
0
0
10222
0
0
9193
0
10217
0
0
0
10580
0
0
0
0
0
20337
0
0
0
0
0
0
0
9216
0
9503
10997
0
8290
0
0
0
18445
0
0
0
0
0
8275
0
0
0
0
0
7157
0
0
9190
9296
0
10595
0
0
0
0
0
9202
0
0
0
6183
0
0
0
0
0
0
0
8040
0
0
9269
0
6313
6883
0
0
0
0
12696
10691
14005
15095
0
0
14811
0
15006
10395
0
0
0
0
0
0
38905
0
0
0
9308
0
0
10859
0
0
0
1071
9209
0
0
0
10319
10420
0
10530
0
10304
0
0
0
10424
0
0
0
0
0
0
0
0
0
10304
0
0
0
0
0
9185
0
0
0
10287
0
0
10310
10138
9303
0
0
0
0
8275
0
0
0
11290
9174
0
0
11103
0
12618
0
0
0
0
0
0
0
0
0
0
0
0
0
0
0
0
0
0
0
0
0
0
0
0
0
0
0
0
0
0
0
0
0
0
0
0
0
0
0
0
0
0
0
0
0
0
0
