0
0
0
0
0
0
1
1
3
4
5
6
8
9
10
11
12
12
13
14
15
16
17
18
19
20
20
20
21
21
22
23
23
24
24
25
25
26
26
28
29
29
30
30
30
31
32
32
33
33
34
35
36
37
38
39
39
40
40
41
41
43
44
45
45
45
46
47
48
48
49
50
50
50
51
51
52
52
52
52
54
54
54
56
58
59
59
60
60
61
61
62
62
62
63
64
64
65
65
65
65
66
66
67
67
68
68
69
69
69
69
71
72
73
74
74
75
75
76
76
76
77
77
77
78
78
77
77
77
77
77
77
77
81
82
83
84
84
85
85
85
85
85
85
86
87
87
87
87
88
88
89
89
89
90
90
90
90
90
89
89
89
89
89
89
91
93
93
93
93
94
94
94
94
94
94
94
94
93
93
93
93
94
93
92
92
91
91
91
91
91
89
90
93
93
93
93
93
93
93
93
93
93
93
93
94
95
95
95
94
94
94
94
94
93
93
93
93
93
92
92
93
93
93
93
93
94
94
94
94
94
94
94
94
94
94
94
94
94
95
95
94
94
94
94
94
93
93
93
93
92
92
91
92
92
92
91
92
92
92
92
92
92
92
91
91
91
90
90
90
88
89
89
89
88
88
88
87
88
88
88
87
86
85
85
85
85
85
84
83
85
85
85
85
84
83
83
83
82
82
82
83
85
83
84
84
85
85
85
86
86
85
85
84
83
83
83
83
83
83
82
81
81
81
81
81
81
81
80
80
80
80
79
77
78
79
79
80
80
81
81
81
83
82
81
80
79
79
78
79
78
79
79
82
82
82
80
82
82
82
84
84
83
83
84
84
84
84
85
86
86
85
86
86
86
86
86
85
86
86
86
86
87
87
88
89
90
90
90
90
90
90
90
90
89
89
89
89
88
88
89
89
89
89
89
89
89
89
89
90
90
91
91
91
90
90
92
92
92
92
92
93
93
94
94
94
94
93
93
92
92
92
91
91
91
91
93
93
94
96
96
96
96
96
97
98
97
98
98
98
97
97
97
99
99
97
97
97
97
97
97
98
98
99
98
98
98
97
96
96
96
98
98
99
99
99
99
99
98
98
100
99
98
98
99
100
100
100
100
101
101
101
102
102
102
102
102
102
103
103
104
104
103
104
104
104
103
103
103
103
102
102
100
100
100
100
100
100
102
103
103
103
103
103
103
103
103
103
102
101
100
100
100
100
99
99
99
100
100
100
101
101
100
100
100
99
99
99
99
99
99
99
99
99
98
97
97
97
97
97
97
96
96
96
95
94
94
93
93
94
94
95
95
94
95
95
98
98
95
95
96
95
94
94
93
93
92
92
91
92
93
93
93
93
92
92
92
92
92
91
91
91
91
91
91
91
91
91
91
90
90
90
90
90
90
90
90
90
89
89
89
89
89
89
89
89
89
88
88
88
86
86
86
84
84
84
84
84
84
83
83
82
82
82
81
81
81
80
80
80
79
79
79
78
78
79
80
80
81
79
79
78
76
76
76
75
76
76
74
75
74
74
74
73
73
73
73
71
70
70
71
72
71
72
72
72
71
70
70
70
72
72
72
72
72
72
72
72
73
72
72
73
72
72
72
71
70
70
70
71
71
71
70
70
70
69
69
69
69
69
69
68
70
70
70
70
70
71
72
72
72
72
72
72
72
72
72
72
72
72
72
72
72
72
71
71
71
71
71
71
73
73
74
73
73
73
73
72
72
72
72
72
72
72
72
72
72
71
72
71
71
71
71
71
71
71
72
73
75
75
75
75
75
75
75
75
76
76
76
78
78
77
76
76
75
75
75
75
75
76
78
76
76
76
75
75
75
75
75
75
75
75
75
74
74
75
74
73
73
73
74
73
73
74
75
74
74
74
74
73
73
72
73
73
73
73
73
73
73
76
77
77
77
77
76
76
76
77
78
77
78
78
79
80
80
80
82
83
83
83
83
83
83
82
84
84
83
83
83
82
83
83
83
83
83
82
82
84
84
83
83
83
82
82
82
82
82
81
81
84
84
84
84
84
84
83
83
83
83
83
82
82
82
82
81
81
80
80
79
79
79
79
78
78
79
80
80
80
80
79
79
79
79
79
79
80
80
80
80
80
80
80
79
79
79
78
78
78
78
77
78
78
77
77
77
77
77
77
77
78
78
78
78
78
78
78
77
76
76
75
76
76
76
76
76
78
80
79
79
79
79
79
79
80
80
80
79
78
79
79
79
78
78
78
78
79
80
79
81
81
81
80
79
78
78
78
77
77
77
79
80
80
80
79
79
78
77
78
78
78
79
79
78
77
77
76
76
75
75
75
75
75
75
75
75
75
75
75
74
72
72
72
72
73
73
72
72
72
72
72
72
72
72
71
71
71
72
71
71
71
72
72
72
72
72
72
72
72
72
74
73
73
72
72
72
72
72
72
72
72
72
72
72
71
70
70
70
70
70
70
72
75
76
77
77
77
77
77
77
77
77
77
76
76
76
76
76
76
76
76
76
76
75
74
74
74
74
74
74
74
74
74
74
74
74
74
74
73
73
72
72
71
71
71
68
67
67
67
67
67
67
67
65
65
65
65
64
64
63
63
63
63
63
64
64
64
64
66
66
65
66
66
66
66
65
65
66
66
66
66
67
67
67
71
71
71
71
72
76
76
76
75
74
74
75
75
75
74
75
75
75
75
75
75
75
75
75
76
76
76
76
76
76
78
79
79
81
81
81
80
79
78
78
78
78
78
78
76
76
76
76
77
77
77
80
80
80
81
81
81
81
80
80
81
83
83
83
83
84
83
83
83
83
83
83
83
84
84
85
86
86
86
87
87
87
86
86
86
85
85
85
85
86
86
86
86
88
87
88
88
88
88
88
88
90
92
92
91
91
91
91
91
92
92
93
91
95
96
96
96
95
95
96
95
95
95
94
94
94
93
93
93
94
93
93
93
93
93
91
91
91
91
91
91
91
91
90
90
90
90
90
90
90
90
89
89
88
87
87
87
87
87
87
87
87
88
89
89
89
88
88
88
88
87
87
88
88
87
87
86
86
87
87
88
86
86
86
87
87
87
87
88
88
88
88
87
85
86
83
83
83
83
82
82
81
81
81
80
80
80
80
81
81
82
82
84
84
83
83
83
83
83
83
83
83
84
85
86
87
87
87
87
87
88
88
88
88
89
89
87
86
86
87
87
87
88
87
87
87
89
89
89
89
89
89
88
89
89
90
90
89
89
89
89
89
88
88
88
88
88
88
88
91
90
90
91
90
89
89
89
89
89
90
90
90
89
89
89
88
88
88
89
88
89
89
89
88
88
88
88
88
88
88
85
85
86
86
86
85
85
84
85
85
85
85
86
85
85
85
85
85
85
85
88
88
88
88
87
86
86
86
85
84
84
84
84
84
84
84
84
84
85
85
85
85
85
86
85
86
87
87
87
88
88
88
89
89
89
89
88
88
91
91
91
91
91
93
91
92
93
93
93
92
93
94
94
93
93
93
93
93
93
93
93
92
92
90
89
89
87
87
86
86
86
86
86
87
87
87
87
86
86
86
85
84
84
84
84
84
84
85
86
86
86
84
84
84
85
85
85
86
87
87
86
86
86
86
87
85
85
85
83
83
82
82
82
82
81
81
81
80
79
79
79
78
78
77
76
76
76
76
76
76
76
76
76
76
76
76
76
75
75
75
75
75
74
74
74
74
74
74
74
74
74
72
