0
0
0
2388
3029
0
4504
2821
4163
5662
6927
0
9893
4800
2675
4908
6421
7643
0
11944
0
14604
17052
18703
3776
5162
7503
8899
10080
11312
12902
7082
15221
16402
17820
20669
11470
11466
0
33439
28768
4749
4053
33209
19002
25797
33285
11582
35814
14251
0
0
20094
21747
40564
24096
25473
0
45421
455
0
32554
35814
39596
41352
4888
0
45885
3352
15693
65809
0
9986
6855
13986
0
16577
18397
23223
1579
27311
29498
0
46564
32763
0
38568
40384
43196
21642
76744
48234
52273
84508
0
54089
9472
11061
12565
15898
51233
18835
20108
0
0
0
27831
42599
0
0
21532
31583
0
0
43623
45372
46976
49513
42408
59854
102204
0
52162
61523
37558
0
43445
22648
24718
28647
30988
34082
35693
39699
41130
45106
0
7067
0
22487
0
84413
77922
23594
5162
6970
8462
0
0
0
6647
0
29025
126781
17869
0
63893
41483
42740
108785
2282
0
90090
2178
188
2984
2470
0
0
0
3739
0
0
0
0
2170
0
2278
0
0
0
0
0
0
2192
2588
5230
3375
5560
0
0
5158
0
2143
3597
0
0
0
0
2176
0
2324
0
3428
0
0
2460
0
2273
0
0
2226
0
2283
0
3072
2959
0
2195
2761
0
2280
0
2163
0
0
2274
0
0
2323
0
0
0
0
2295
0
0
2156
2231
0
0
0
2227
0
0
0
0
0
1243
5773
0
0
2721
0
2289
0
3066
0
0
2266
0
2203
0
2258
0
3200
0
0
0
0
0
0
2280
0
3120
2248
0
2960
3093
0
0
0
0
0
4836
0
5738
0
0
0
7039
0
8871
2323
0
0
0
4683
0
6916
0
0
7350
0
5264
2243
0
0
7334
0
0
6731
0
0
5681
0
6800
0
0
0
0
2966
2264
0
0
0
2158
0
0
0
0
0
0
7610
0
0
10611
0
0
5670
13955
0
0
0
0
0
20553
19410
3115
0
0
3104
22985
25364
0
0
0
0
0
22876
0
33642
25185
0
16488
0
26916
0
0
28497
0
24867
24953
19590
0
0
11685
11191
0
0
0
0
0
0
7068
0
786
0
0
0
11534
0
0
12084
0
13721
13996
4668
14769
14919
0
12495
2145
2546
2387
0
2206
0
3516
4639
5236
3420
3712
4881
3402
3581
2213
2149
0
2148
0
0
0
0
2159
0
2149
2657
2663
0
0
5246
0
2938
0
2215
2647
0
0
2147
0
2286
0
4216
0
3646
5526
0
4038
0
0
2533
0
0
3160
4870
4513
6893
4625
0
3946
0
7090
0
0
0
12808
16282
16992
0
0
0
0
0
0
0
0
0
0
0
0
22189
25264
22703
21555
0
0
0
0
24162
0
0
0
0
28088
28101
0
29966
23149
0
0
0
0
0
2138
34043
3833
34620
0
7657
36251
33565
33583
36882
33569
0
29330
30179
29281
0
0
22099
30459
32449
2134
2827
2553
0
8780
11681
2151
0
0
0
0
0
0
0
2160
2949
2554
2236
2240
0
4169
0
0
0
0
0
0
0
0
0
3142
0
2253
2454
0
2151
2545
2553
0
3041
2147
0
0
2170
0
0
0
3095
2239
0
0
0
0
0
2173
0
2183
2770
2366
3179
0
3160
2165
0
3164
2565
0
2179
2879
0
2178
0
2175
2965
0
2920
2180
0
0
2178
0
2147
0
0
2143
0
3756
0
0
0
0
0
0
0
0
0
0
0
0
0
0
0
0
0
0
0
0
0
0
0
0
2166
0
0
0
0
0
0
0
0
0
0
0
0
0
0
0
0
0
0
0
0
0
0
0
0
0
0
0
0
0
0
0
0
0
0
0
0
0
2254
0
0
2147
2885
2167
2852
0
0
0
0
0
2150
2762
3561
3363
2137
2957
0
4691
0
2146
0
0
0
0
0
0
2151
2661
2584
3472
2466
3754
0
2137
2349
2751
0
3316
0
0
2144
2136
0
2146
0
0
2166
0
2242
0
0
2146
2961
0
0
0
2247
2148
0
0
2251
0
0
2145
0
0
0
0
2198
0
3064
4219
4784
2147
0
0
0
2170
2866
3151
3347
4332
0
0
0
0
0
2146
0
0
0
0
0
2251
0
0
0
0
2165
2154
0
0
0
0
6317
6243
0
0
0
0
0
0
0
0
0
3075
2178
0
0
0
0
2179
2778
2384
2270
0
0
2187
2469
3089
3881
3065
0
4853
2183
0
2182
2178
2573
2386
0
0
2164
0
0
2145
0
2158
0
2675
2156
0
0
2149
0
0
0
0
0
0
0
0
0
0
0
2247
2863
0
3356
5367
0
2252
2161
2270
0
2163
0
0
0
3028
2769
0
0
3677
2287
0
2144
0
0
4433
0
4620
0
0
0
3163
0
3363
2740
2530
0
2177
2176
0
2278
2256
2866
2257
3157
2269
0
0
0
0
2168
2291
2171
0
0
2187
0
2187
0
2266
0
2156
2279
0
0
0
0
0
0
0
2166
2564
0
0
2166
0
0
0
0
0
0
0
0
0
0
0
0
0
0
0
0
0
0
0
0
1348
2160
0
2162
3075
3853
0
0
0
0
0
0
2186
0
2160
3058
2752
0
0
0
0
0
0
0
0
0
2159
2164
0
2142
2255
0
0
2138
2743
0
2146
2350
2176
0
0
0
0
0
0
2248
0
0
2263
0
0
0
0
2150
3064
3458
3869
2249
0
0
2154
2354
0
2139
0
0
0
0
0
0
0
0
2155
2149
2191
0
2162
0
0
2238
2748
0
0
0
2161
0
0
2136
3280
3350
0
0
0
0
950
0
4356
3054
0
0
0
2158
0
0
0
0
0
0
0
0
0
0
0
0
0
0
0
0
2360
2198
0
0
0
0
0
0
0
2171
0
0
0
2164
0
2247
0
0
0
2176
0
0
2160
0
0
0
0
0
2148
0
0
0
2155
3055
0
0
0
0
0
0
2143
2161
0
0
0
0
2147
2647
0
0
2155
2965
3353
3757
0
2254
2868
2755
2972
0
0
2164
2479
0
0
0
0
0
0
2170
2261
0
2156
0
0
0
0
0
0
0
0
0
0
0
0
0
0
0
0
0
0
0
0
0
0
0
0
0
0
0
0
0
0
0
0
0
0
0
0
0
0
2152
0
0
2180
0
2161
0
2172
2157
2169
2166
2759
3481
0
2270
0
2194
2876
2574
3382
3273
4661
3863
5447
6857
3664
5144
6483
3954
6855
3349
5762
2955
0
2170
2854
0
2139
2140
0
2143
0
2158
2639
3447
2551
3374
0
2144
2957
0
2138
2844
2371
2436
2354
0
2143
2759
3559
6116
3652
5563
0
2146
10674
0
2153
0
2168
2851
0
0
2155
2447
3069
2143
2663
2145
2639
3572
0
2137
3047
4546
3839
5149
3536
5253
4246
0
7052
4055
6566
4057
4156
0
2193
0
0
2143
2153
4371
2149
0
2245
2146
0
3851
0
2161
0
2152
2548
2454
0
2900
0
0
0
2550
2563
2264
0
0
2241
0
0
2165
0
0
2259
2970
3087
4771
3390
6091
6508
2778
3061
3469
0
0
2275
0
0
0
0
2271
0
2176
0
0
0
0
0
0
0
0
0
0
0
0
0
0
0
0
0
0
0
0
0
0
0
0
0
0
0
0
0
0
0
0
0
0
0
0
0
2184
0
2187
2960
3368
4479
5572
5288
3383
0
0
2173
2345
0
2277
3068
0
0
2152
2781
2744
0
0
2167
2167
2951
2859
0
0
2147
2900
0
0
2164
0
0
0
0
0
0
2144
2766
0
2141
2160
2137
2463
0
2154
2348
2962
3242
2627
3135
3644
2359
0
3153
3656
3334
0
2315
0
3160
2452
2249
2948
0
2136
2264
2808
2144
2552
0
0
2155
0
0
2429
3054
0
0
2287
0
0
2239
2664
3378
3859
2688
0
0
0
0
0
0
0
2133
0
0
2265
0
2135
3245
0
2938
5266
3351
0
0
0
2244
0
0
0
0
0
0
0
0
2244
2156
2462
2942
0
0
2250
0
2176
0
2238
0
0
0
0
0
2243
0
0
0
0
0
0
2244
0
2232
2631
3467
0
0
0
0
0
0
2510
0
2185
0
0
0
2154
0
0
0
2287
0
3867
0
4206
2959
2305
0
0
2205
2878
3778
4016
5104
3613
5685
4174
6112
3994
7181
2664
0
0
0
0
0
2175
2353
2177
0
0
0
2277
2261
2930
0
0
0
2153
0
2272
0
0
2165
2581
2125
2582
0
2339
0
0
0
2149
0
0
0
0
0
0
0
0
2161
0
0
0
0
0
0
2256
0
0
0
2166
3061
0
2148
2265
2956
2215
0
0
0
0
2169
3038
3270
0
2141
0
2162
3078
3247
4553
0
0
0
0
0
0
0
0
0
0
0
0
0
0
0
0
0
0
0
0
0
0
0
0
0
0
0
0
0
0
0
0
0
0
0
0
0
0
0
0
0
0
0
0
0
0
0
0
0
0
0
0
0
0
0
0
0
0
0
0
0
0
0
0
0
0
0
0
0
0
0
0
0
0
0
0
0
0
0
0
0
0
0
0
0
0
0
0
0
0
0
0
0
0
0
0
0
0
0
0
0
0
0
0
0
0
0
0
0
0
0
0
0
0
0
0
0
0
0
0
0
0
0
0
0
0
0
0
0
0
0
0
0
0
0
0
0
0
0
0
0
0
0
0
0
0
0
0
0
0
0
0
0
0
0
0
0
0
0
0
0
0
0
0
0
0
0
0
0
0
0
0
0
0
0
0
0
0
0
0
0
0
0
0
0
0
0
0
0
0
0
0
0
0
0
0
0
0
0
0
0
0
0
0
0
0
0
0
0
0
0
0
0
0
0
0
0
0
0
0
0
0
0
0
0
0
0
0
0
0
0
0
0
0
0
0
0
0
0
0
0
0
0
0
0
0
0
0
0
0
0
0
0
0
0
0
0
0
0
0
0
0
0
0
0
0
0
0
0
0
0
0
0
0
0
0
0
0
0
