2038
2781
3048
4308
5561
3946
5417
6727
8193
9401
10727
3323
4621
6209
7419
8668
10299
11795
13794
15537
16842
18522
3518
4998
7268
8678
9885
11111
12656
13902
14976
16192
19299
20508
22578
23938
25064
26989
28562
29945
31713
32968
3917
5967
8777
9940
11396
12941
14014
16661
17906
19599
21197
22645
23855
25212
26695
27954
29089
30765
32370
35634
39418
41130
42362
44646
45972
47949
3186
4942
6983
8035
9798
11033
13834
15258
16451
20790
23056
25114
27103
29278
30511
31906
34041
37260
38329
40146
42983
44237
46929
47995
49853
52079
53971
3638
7719
9278
10900
12400
15717
16924
18646
19886
21102
25828
27861
25602
29378
33928
33299
34560
40715
38110
43416
40102
45148
46505
48093
49290
52754
53927
55935
5905
9812
7280
15065
16554
21109
22471
24521
28457
30665
33850
35428
36951
40024
41246
44963
3738
6827
11050
13753
16979
18986
24908
3988
4994
6807
8275
10431
6514
15620
17137
9975
12783
12350
2005
2006
2034
2029
2793
2006
2698
2758
2221
2007
2007
2006
2006
2007
2404
2907
3188
3146
2862
2006
2531
2008
2007
2011
2006
2006
2006
2005
2006
1006
2819
2800
2005
2583
2006
2006
2007
2005
2007
2007
2006
2006
2007
2614
1005
2006
2007
2007
2007
2007
2006
2419
2007
2005
2007
2023
2790
2857
2006
2037
4010
4841
2006
2081
2005
2748
2888
2823
3493
2426
2494
2005
2881
2005
5047
2006
2006
2006
2039
2947
3706
2006
7238
10490
9294
12919
15292
4455
2004
12784
2014
13689
16016
15638
14893
15306
16824
21300
18559
18348
12264
8031
8029
8161
2013
4419
2661
4901
5679
6595
8411
9673
2005
10013
2005
2074
2139
2005
2502
3195
4397
4992
3217
3512
4679
3178
3334
2003
2005
2006
2006
2006
2408
2433
3124
2135
2156
2007
2005
2476
2006
2005
2597
2894
2928
2658
3452
3743
2986
3010
2007
2078
2291
2967
3638
4423
6975
6909
5111
3200
5950
12039
14004
12796
15228
12563
11357
14015
18022
18019
18876
18256
23540
24489
26076
23023
23485
2003
26782
22965
2915
3617
19181
3397
19118
4789
27717
19614
2005
2753
3312
22484
2004
22216
23123
16021
2007
2833
2006
4150
2004
8011
2703
2342
2006
2005
2710
2338
2007
2007
2462
2006
2006
2307
2005
2406
2373
2007
2004
2007
2012
2006
2006
2006
2537
2169
2922
2021
2006
2006
2256
2274
2006
2648
2007
2006
2642
2007
2006
2006
2007
2006
2653
2954
2007
2006
2006
2659
2005
2622
2006
2464
3254
3117
2005
2600
3077
2005
2006
2328
2431
2399
3265
3079
3577
2006
2132
2522
2388
2006
2006
2006
2006
2007
2005
2804
2006
2005
2006
2005
2005
2241
2868
3323
2006
2005
2640
2999
3190
3406
2006
2006
2005
2004
2457
2574
2006
2005
2005
2591
2189
2029
2005
2230
2898
3650
2884
3246
2005
2006
2005
2005
2406
2182
2006
2006
2005
2359
2005
2004
2006
2706
3469
3865
3185
2893
2006
2005
2006
2006
2005
2463
2458
2006
2654
2006
2005
2006
2018
2006
2007
2005
2306
2057
2507
2223
2006
2005
2006
2084
2648
2006
2909
2043
2006
2025
2006
2006
2006
2006
2006
2006
2006
2322
2005
2006
2006
2006
2809
3701
2006
2004
2904
2536
2006
2005
2005
2031
2005
2528
2006
2180
2005
2006
2008
2004
2891
3295
3630
2063
2005
2174
2006
2004
2005
2006
2005
2006
2578
2006
2005
2887
3181
2005
2006
2867
2006
2006
2005
2006
2006
2006
2006
2005
2004
2006
2837
2006
2005
2005
2493
2006
2773
3187
3577
2005
2611
2547
2721
2004
2263
2006
2095
2006
2004
2006
2006
2004
2005
2004
2005
2528
3231
2006
2005
2613
2403
3185
3041
4508
3638
5255
6716
3437
5001
6265
3779
6650
3124
5541
2662
2784
2005
2634
2006
2006
2006
2005
2449
3261
2363
3209
2006
2775
2005
2692
2121
2257
2126
2005
2542
2550
3386
3990
3485
2006
2006
2645
2006
2006
2622
2005
2210
2830
2005
2453
2006
2507
3285
2005
2843
3115
4352
3619
4990
3352
5043
4046
5534
6902
3865
6389
3892
3941
2006
2005
2005
2489
2007
2006
2006
2007
2005
2006
2347
2008
2006
2691
2007
2350
2006
2006
2006
2006
2777
2878
3325
4605
4268
5854
2005
2554
2877
3239
2006
2007
2005
2006
2006
2666
3148
4256
5383
5016
3202
2006
2050
2006
2808
2007
2582
2603
2006
2005
2736
2634
2006
2677
2006
2006
2596
2005
2005
2006
2284
2006
2161
2740
3063
2450
2972
2582
3461
2163
2218
2972
3431
3158
2006
2005
2246
2006
2773
2005
2019
2597
2006
2352
2006
2005
2814
2005
2008
2460
3193
3638
2005
2005
2006
2006
2188
3056
2448
2772
2931
3121
2006
2006
2005
2306
2806
2006
2006
2007
2007
2007
2006
2424
3270
2005
2195
2006
2006
2006
2005
2005
2797
2006
2004
2652
3535
3798
4912
3391
5470
3973
5747
3701
5498
7026
2464
2006
2164
2006
2005
2063
2622
2007
2006
2006
2146
2006
2336
2006
2007
2006
2007
2006
2888
2005
2067
2783
2006
2006
2861
3051
2006
2005
2866
3092
4313
