2485 2038
3431 2781
4430 3048
5429 4308
6430 5561
7431 3946
8430 5417
9429 6727
10477 8193
11431 9401
12432 10727
13430 3323
14430 4621
15430 6209
16430 7419
17429 8668
18430 10299
19430 11795
20481 13794
21430 15537
22430 16842
23430 18522
24430 3518
25430 4998
26429 7268
27430 8678
28429 9885
29430 11111
30431 12656
31430 13902
32430 14976
33431 16192
34430 19299
35431 20508
36430 22578
37429 23938
38430 25064
39429 26989
40429 28562
41430 29945
42430 31713
43430 32968
44430 3917
45430 5967
46430 8777
47430 9940
48429 11396
49430 12941
50431 14014
51429 16661
52437 17906
53430 19599
54430 21197
55430 22645
56431 23855
57431 25212
58551 26695
59429 27954
60430 29089
61429 30765
62430 32370
63429 35634
64430 39418
65431 41130
66430 42362
67430 44646
68431 45972
69432 47949
70430 3186
71430 4942
72431 6983
73430 8035
74431 9798
75431 11033
76431 13834
77430 15258
78430 16451
79430 20790
80430 23056
81431 25114
82431 27103
83430 29278
84430 30511
85431 31906
86430 34041
87556 37260
88430 38329
89430 40146
90431 42983
91430 44237
92431 46929
93431 47995
94430 49853
95430 52079
96431 53971
98013 3638
98432 7719
99430 9278
100429 10900
101430 12400
102430 15717
103430 16924
104430 18646
105430 19886
106587 21102
108430 25828
109431 27861
109487 25602
110430 29378
113429 33928
114087 33299
114432 34560
116430 40715
116738 38110
117430 43416
117587 40102
118430 45148
119430 46505
120430 48093
121431 49290
122430 52754
123430 53927
124429 55935
126431 5905
127429 9812
127867 7280
128572 15065
129573 16554
130595 21109
131430 22471
132430 24521
133430 28457
134429 30665
135430 33850
136430 35428
137431 36951
138431 40024
139433 41246
140431 44963
141530 3738
142431 6827
143431 11050
144431 13753
145552 16979
146430 18986
147432 24908
148432 3988
149431 4994
150431 6807
151433 8275
152434 10431
155430 6514
156290 15620
156666 17137
157430 9975
158431 12783
160807 12350
162901 2005
164916 2006
165916 2034
166947 2029
167936 2793
169869 2006
170869 2698
171870 2758
172870 2221
174851 2007
182594 2007
184142 2006
190089 2006
191665 2007
192664 2404
193747 2907
194663 3188
195665 3146
196762 2862
200602 2006
201603 2531
207119 2008
208786 2007
210226 2011
211357 2006
214391 2006
216420 2006
219420 2005
221865 2006
222411 1006
224413 2819
225412 2800
227604 2005
228606 2583
230168 2006
232578 2006
235891 2007
238648 2005
244590 2007
247371 2007
248399 2006
252367 2006
256425 2007
257425 2614
258537 1005
262504 2006
264879 2007
266179 2007
270516 2007
272463 2007
275237 2006
276238 2419
284301 2007
285673 2005
287794 2007
289010 2023
289993 2790
290994 2857
294146 2006
295720 2037
299972 4010
300985 4841
301357 2006
306560 2081
307662 2005
308839 2748
311319 2888
311437 2823
312437 3493
313891 2426
317062 2494
319273 2005
321844 2881
324792 2005
328417 5047
335293 2006
336706 2006
341075 2006
342698 2039
343710 2947
345257 3706
351269 2006
351711 7238
351820 10490
352764 9294
357890 12919
359246 15292
361901 4455
363522 2004
365195 12784
366023 2014
366620 13689
367912 16016
369117 15638
369910 14893
372392 15306
372914 16824
378917 21300
381577 18559
382629 18348
382678 12264
389860 8031
391081 8029
392117 8161
396753 2013
401134 4419
403324 2661
404220 4901
406507 5679
406512 6595
410959 8411
411435 9673
413015 2005
417152 10013
420397 2005
421398 2074
422398 2139
425060 2005
426061 2502
427060 3195
428061 4397
429060 4992
430060 3217
431060 3512
432060 4679
433060 3178
434061 3334
435245 2003
436502 2005
438389 2006
443389 2006
445748 2006
446747 2408
447748 2433
448747 3124
449957 2135
450957 2156
452283 2007
455369 2005
456371 2476
459213 2006
461084 2005
462085 2597
463084 2894
464146 2928
465084 2658
466084 3452
467085 3743
468086 2986
469086 3010
471639 2007
473192 2078
474242 2291
475120 2967
476119 3638
479118 4423
479347 6975
480138 6909
480162 5111
481118 3200
482118 5950
493954 12039
494033 14004
494126 12796
494127 15228
495126 12563
496193 11357
501721 14015
507208 18022
508445 18019
509595 18876
510446 18256
518598 23540
520435 24489
523525 26076
523986 23023
526004 23485
527056 2003
527440 26782
527855 22965
528059 2915
529058 3617
529763 19181
530058 3397
530534 19118
531058 4789
531982 27717
532372 19614
534221 2005
535220 2753
536221 3312
537691 22484
537711 2004
538298 22216
539702 23123
539731 16021
540625 2007
544849 2833
547786 2006
548539 4150
549067 2004
549854 8011
550070 2703
551070 2342
555307 2006
562996 2005
563998 2710
564997 2338
566342 2007
567551 2007
568639 2462
579107 2006
582146 2006
583147 2307
585124 2005
586125 2406
587126 2373
589388 2007
591184 2004
593562 2007
597591 2012
598787 2006
605734 2006
607557 2006
608557 2537
609557 2169
610558 2922
611941 2021
613590 2006
615659 2006
616659 2256
617660 2274
618850 2006
619851 2648
622157 2007
624748 2006
625749 2642
627202 2007
628511 2006
631935 2006
634493 2007
637431 2006
638431 2653
639432 2954
666011 2007
706108 2006
708829 2006
709829 2659
711501 2005
712502 2622
718401 2006
719400 2464
720401 3254
721400 3117
722539 2005
723540 2600
724540 3077
727635 2005
734729 2006
735728 2328
736728 2431
737727 2399
738728 3265
739729 3079
740728 3577
742698 2006
743698 2132
744697 2522
745698 2388
749474 2006
751321 2006
753582 2006
755784 2006
757905 2007
761068 2005
762069 2804
766378 2006
767497 2005
770618 2006
774436 2005
779476 2005
780476 2241
781476 2868
782478 3323
784302 2006
788676 2005
789676 2640
790676 2999
791676 3190
792678 3406
798912 2006
805586 2006
810379 2005
812329 2004
813353 2457
814342 2574
827388 2006
829859 2005
835387 2005
836387 2591
837387 2189
838388 2029
841097 2005
842097 2230
843098 2898
844096 3650
845097 2884
846098 3246
847146 2005
848241 2006
850156 2005
851253 2005
852254 2406
853254 2182
856966 2006
860466 2006
862369 2005
863626 2359
865776 2005
868863 2004
880569 2006
881568 2706
882568 3469
883703 3865
884569 3185
885568 2893
887310 2006
888582 2005
889613 2006
891221 2006
895060 2005
896062 2463
897061 2458
898861 2006
899861 2654
901162 2006
903072 2005
904238 2006
905567 2018
908077 2006
910929 2007
912984 2005
913993 2306
914985 2057
915985 2507
916984 2223
918609 2006
919896 2005
921412 2006
922412 2084
923412 2648
925353 2006
926353 2909
927354 2043
932369 2006
933369 2025
935005 2006
937661 2006
940114 2006
941914 2006
944090 2006
945095 2006
953358 2006
954358 2322
957338 2005
979457 2006
980658 2006
982689 2006
983688 2809
984688 3701
991860 2006
994752 2004
995755 2904
996755 2536
1006436 2006
1007563 2005
1009945 2005
1010946 2031
1014600 2005
1015600 2528
1017462 2006
1018462 2180
1019995 2005
1026716 2006
1029586 2008
1035243 2004
1036244 2891
1037244 3295
1038245 3630
1039245 2063
1042698 2005
1043699 2174
1045490 2006
1055263 2004
1056373 2005
1057425 2006
1059080 2005
1062061 2006
1063061 2578
1067670 2006
1070920 2005
1071922 2887
1072921 3181
1078532 2005
1080638 2006
1081638 2867
1086097 2006
1103507 2006
1104906 2005
1113205 2006
1117368 2006
1119388 2006
1123030 2006
1126864 2005
1132368 2004
1136706 2006
1137706 2837
1145134 2006
1146167 2005
1152004 2005
1153005 2493
1156360 2006
1157358 2773
1158359 3187
1159359 3577
1161248 2005
1162248 2611
1163247 2547
1164248 2721
1167628 2004
1168630 2263
1175929 2006
1176929 2095
1178400 2006
1220036 2004
1223288 2006
1225317 2006
1227158 2004
1228203 2005
1229403 2004
1230499 2005
1231500 2528
1232499 3231
1234402 2006
1236628 2005
1237628 2613
1238629 2403
1239628 3185
1240628 3041
1241628 4508
1242629 3638
1243627 5255
1244628 6716
1245628 3437
1246628 5001
1247628 6265
1248630 3779
1249630 6650
1250628 3124
1251627 5541
1252629 2662
1253629 2784
1255172 2005
1256172 2634
1258162 2006
1259238 2006
1261485 2006
1263972 2005
1264972 2449
1265972 3261
1266972 2363
1267974 3209
1269621 2006
1270622 2775
1273224 2005
1274224 2692
1275224 2121
1276224 2257
1277225 2126
1279000 2005
1280001 2542
1281001 2550
1282000 3386
1283001 3990
1284001 3485
1285067 2006
1286812 2006
1287812 2645
1290222 2006
1292489 2006
1293489 2622
1295977 2005
1296978 2210
1297978 2830
1299143 2005
1300143 2453
1301230 2006
1302230 2507
1303231 3285
1305237 2005
1306238 2843
1307238 3115
1308238 4352
1309237 3619
1310238 4990
1311236 3352
1312237 5043
1313238 4046
1314238 5534
1315238 6902
1316237 3865
1317238 6389
1318238 3892
1319238 3941
1321702 2006
1324230 2005
1325788 2005
1326788 2489
1328254 2007
1329657 2006
1330758 2006
1332786 2007
1335613 2005
1336959 2006
1337959 2347
1339538 2008
1340968 2006
1341967 2691
1345386 2007
1346385 2350
1347772 2006
1351266 2006
1353672 2006
1356905 2006
1357905 2777
1358904 2878
1359905 3325
1360905 4605
1361906 4268
1362905 5854
1363957 2005
1364957 2554
1365958 2877
1366959 3239
1369962 2006
1375606 2007
1377193 2005
1417176 2006
1419168 2006
1420169 2666
1421168 3148
1422167 4256
1423167 5383
1424168 5016
1425169 3202
1428965 2006
1429964 2050
1431961 2006
1432962 2808
1436594 2007
1437592 2582
1438594 2603
1441148 2006
1442327 2005
1443328 2736
1444328 2634
1447668 2006
1448668 2677
1451714 2006
1459273 2006
1460274 2596
1462115 2005
1463128 2005
1465082 2006
1466082 2284
1467624 2006
1468624 2161
1469623 2740
1470624 3063
1471625 2450
1472623 2972
1473624 2582
1474623 3461
1475625 2163
1476624 2218
1477623 2972
1478625 3431
1479624 3158
1481664 2006
1483720 2005
1484721 2246
1485879 2006
1486880 2773
1488539 2005
1489540 2019
1490540 2597
1491752 2006
1492752 2352
1496697 2006
1499401 2005
1500401 2814
1503325 2005
1506642 2008
1507640 2460
1508640 3193
1509640 3638
1510967 2005
1518968 2005
1522609 2006
1524168 2006
1525170 2188
1526168 3056
1527168 2448
1528168 2772
1529169 2931
1530169 3121
1534231 2006
1543446 2006
1544517 2005
1545517 2306
1546519 2806
1550126 2006
1552134 2006
1553549 2007
1560454 2007
1567641 2007
1570005 2006
1571004 2424
1572005 3270
1578713 2005
1579715 2195
1581128 2006
1586136 2006
1589956 2006
1592027 2005
1594122 2005
1595123 2797
1596263 2006
1599237 2004
1600238 2652
1601238 3535
1602236 3798
1603237 4912
1604238 3391
1605238 5470
1606236 3973
1607237 5747
1608324 3701
1609326 5498
1610328 7026
1611238 2464
1616842 2006
1617843 2164
1619661 2006
1623112 2005
1624114 2063
1625113 2622
1630046 2007
1631452 2006
1634641 2006
1635642 2146
1637047 2006
1638047 2336
1639709 2006
1644390 2007
1654293 2006
1661786 2007
1665624 2006
1666624 2888
1668483 2005
1669484 2067
1670484 2783
1671883 2006
1677706 2006
1678707 2861
1679706 3051
1681755 2006
1683288 2005
1684288 2866
1685289 3092
1686289 4313
