0.000
0.000
0.000
2388.000
3029.000
0.000
2929.500
2821.000
4163.000
5662.000
6927.000
0.000
7242.500
4800.000
2675.000
4908.000
6421.000
4452.500
0.000
11944.000
0.000
13618.000
16498.500
18703.000
3776.000
5162.000
7503.000
8899.000
10080.000
11312.000
12902.000
7082.000
15221.000
16402.000
17820.000
20669.000
11470.000
11466.000
0.000
29801.000
28768.000
4749.000
4053.000
33209.000
19002.000
17396.000
33285.000
11582.000
35814.000
14251.000
0.000
0.000
19220.000
21747.000
31766.500
24096.000
25473.000
0.000
45421.000
455.000
0.000
32554.000
29830.000
36952.000
41352.000
4888.000
0.000
28184.500
3352.000
15693.000
45379.000
0.000
9275.500
6855.000
13986.000
0.000
9363.000
18397.000
23223.000
1579.000
27311.000
29498.000
0.000
46564.000
31888.500
0.000
38400.000
40384.000
43196.000
21642.000
76744.000
48234.000
52273.000
84508.000
0.000
54089.000
9472.000
11061.000
12565.000
12005.333
51233.000
18835.000
20108.000
0.000
0.000
0.000
27282.000
36088.000
0.000
0.000
21532.000
31583.000
0.000
0.000
43623.000
44508.000
41178.000
49513.000
42203.000
59854.000
60826.000
0.000
39425.333
61523.000
37558.000
0.000
43445.000
22648.000
18605.000
24798.500
30988.000
34082.000
35693.000
39699.000
41130.000
28784.500
0.000
7067.000
0.000
13429.000
0.000
78120.000
77922.000
23594.000
5162.000
6970.000
8462.000
0.000
0.000
0.000
6647.000
0.000
29025.000
126781.000
17869.000
0.000
42748.000
41483.000
42740.000
108785.000
2282.000
0.000
46530.000
2178.000
188.000
2984.000
2470.000
0.000
0.000
0.000
3739.000
0.000
0.000
0.000
0.000
2170.000
0.000
2278.000
0.000
0.000
0.000
0.000
0.000
0.000
2192.000
2588.000
5230.000
3375.000
4611.500
0.000
0.000
5158.000
0.000
2143.000
3597.000
0.000
0.000
0.000
0.000
2176.000
0.000
2324.000
0.000
2839.000
0.000
0.000
2460.000
0.000
2273.000
0.000
0.000
2226.000
0.000
1765.500
0.000
3072.000
2959.000
0.000
2195.000
2761.000
0.000
2280.000
0.000
2163.000
0.000
0.000
2274.000
0.000
0.000
2323.000
0.000
0.000
0.000
0.000
2295.000
0.000
0.000
2156.000
2231.000
0.000
0.000
0.000
2227.000
0.000
0.000
0.000
0.000
0.000
1243.000
5530.500
0.000
0.000
2721.000
0.000
2289.000
0.000
3066.000
0.000
0.000
2266.000
0.000
2203.000
0.000
2258.000
0.000
3200.000
0.000
0.000
0.000
0.000
0.000
0.000
2280.000
0.000
3120.000
2248.000
0.000
2960.000
3093.000
0.000
0.000
0.000
0.000
0.000
4836.000
0.000
5738.000
0.000
0.000
0.000
7039.000
0.000
7549.000
2323.000
0.000
0.000
0.000
4683.000
0.000
4822.000
0.000
0.000
7350.000
0.000
5264.000
2243.000
0.000
0.000
7334.000
0.000
0.000
6731.000
0.000
0.000
5681.000
0.000
6800.000
0.000
0.000
0.000
0.000
2966.000
2264.000
0.000
0.000
0.000
2158.000
0.000
0.000
0.000
0.000
0.000
0.000
7610.000
0.000
0.000
10611.000
0.000
0.000
5670.000
13955.000
0.000
0.000
0.000
0.000
0.000
19191.500
12377.000
3115.000
0.000
0.000
3104.000
22985.000
25364.000
0.000
0.000
0.000
0.000
0.000
22718.000
0.000
33642.000
25185.000
0.000
16488.000
0.000
26433.500
0.000
0.000
28497.000
0.000
24867.000
24953.000
19590.000
0.000
0.000
11685.000
11105.000
0.000
0.000
0.000
0.000
0.000
0.000
7068.000
0.000
786.000
0.000
0.000
0.000
11534.000
0.000
0.000
12084.000
0.000
13721.000
13996.000
4668.000
14769.000
14919.000
0.000
12495.000
2145.000
2546.000
2387.000
0.000
2206.000
0.000
3470.500
4639.000
5236.000
3420.000
3712.000
4881.000
3402.000
3581.000
2213.000
2149.000
0.000
2148.000
0.000
0.000
0.000
0.000
2159.000
0.000
2149.000
2657.000
2663.000
0.000
0.000
3564.667
0.000
2938.000
0.000
2215.000
2647.000
0.000
0.000
2147.000
0.000
2286.000
0.000
3636.500
0.000
3273.000
4768.500
0.000
3606.000
0.000
0.000
2533.000
0.000
0.000
3160.000
4870.000
4513.000
6893.000
4625.000
0.000
3946.000
0.000
7090.000
0.000
0.000
0.000
12808.000
16282.000
16992.000
0.000
0.000
0.000
0.000
0.000
0.000
0.000
0.000
0.000
0.000
0.000
0.000
22189.000
24109.667
22703.000
21555.000
0.000
0.000
0.000
0.000
24162.000
0.000
0.000
0.000
0.000
28088.000
28101.000
0.000
29966.000
23149.000
0.000
0.000
0.000
0.000
0.000
2138.000
34043.000
3682.500
19771.000
0.000
7657.000
19239.000
28103.500
18551.500
36882.000
17851.500
0.000
29330.000
16202.500
28385.500
0.000
0.000
12563.000
30459.000
21932.667
2134.000
2827.000
2553.000
0.000
8780.000
11681.000
2151.000
0.000
0.000
0.000
0.000
0.000
0.000
0.000
2160.000
2949.000
2554.000
2236.000
2240.000
0.000
4169.000
0.000
0.000
0.000
0.000
0.000
0.000
0.000
0.000
0.000
3142.000
0.000
2253.000
2454.000
0.000
2151.000
2545.000
2553.000
0.000
3041.000
2147.000
0.000
0.000
2170.000
0.000
0.000
0.000
3095.000
2239.000
0.000
0.000
0.000
0.000
0.000
2173.000
0.000
2183.000
2770.000
2366.000
3179.000
0.000
3160.000
2165.000
0.000
3164.000
2517.000
0.000
2179.000
2879.000
0.000
2178.000
0.000
2175.000
2965.000
0.000
2920.000
2180.000
0.000
0.000
2178.000
0.000
2147.000
0.000
0.000
2143.000
0.000
3474.000
0.000
0.000
0.000
0.000
0.000
0.000
0.000
0.000
0.000
0.000
0.000
0.000
0.000
0.000
0.000
0.000
0.000
0.000
0.000
0.000
0.000
0.000
0.000
0.000
2166.000
0.000
0.000
0.000
0.000
0.000
0.000
0.000
0.000
0.000
0.000
0.000
0.000
0.000
0.000
0.000
0.000
0.000
0.000
0.000
0.000
0.000
0.000
0.000
0.000
0.000
0.000
0.000
0.000
0.000
0.000
0.000
0.000
0.000
0.000
0.000
0.000
0.000
2254.000
0.000
0.000
2147.000
2885.000
2167.000
2852.000
0.000
0.000
0.000
0.000
0.000
2150.000
2762.000
3561.000
3363.000
2137.000
2957.000
0.000
4691.000
0.000
2146.000
0.000
0.000
0.000
0.000
0.000
0.000
2151.000
2603.000
2584.000
3472.000
2466.000
3754.000
0.000
2137.000
2349.000
2751.000
0.000
3316.000
0.000
0.000
2144.000
2136.000
0.000
2146.000
0.000
0.000
2166.000
0.000
2242.000
0.000
0.000
2146.000
2961.000
0.000
0.000
0.000
2247.000
2148.000
0.000
0.000
2251.000
0.000
0.000
2145.000
0.000
0.000
0.000
0.000
2198.000
0.000
3064.000
4219.000
4784.000
2147.000
0.000
0.000
0.000
2170.000
2866.000
3151.000
3347.000
4332.000
0.000
0.000
0.000
0.000
0.000
2146.000
0.000
0.000
0.000
0.000
0.000
2251.000
0.000
0.000
0.000
0.000
2165.000
2154.000
0.000
0.000
0.000
0.000
6317.000
6243.000
0.000
0.000
0.000
0.000
0.000
0.000
0.000
0.000
0.000
3075.000
2178.000
0.000
0.000
0.000
0.000
2179.000
2778.000
2384.000
2270.000
0.000
0.000
2187.000
2469.000
3089.000
3881.000
3065.000
0.000
3660.500
2183.000
0.000
2182.000
2178.000
2573.000
2386.000
0.000
0.000
2164.000
0.000
0.000
2145.000
0.000
2158.000
0.000
2675.000
2156.000
0.000
0.000
2149.000
0.000
0.000
0.000
0.000
0.000
0.000
0.000
0.000
0.000
0.000
0.000
2247.000
1858.000
0.000
3356.000
4205.500
0.000
2252.000
2161.000
2270.000
0.000
2163.000
0.000
0.000
0.000
3028.000
2717.500
0.000
0.000
3355.000
2287.000
0.000
2144.000
0.000
0.000
4433.000
0.000
3385.000
0.000
0.000
0.000
2653.500
0.000
2808.500
2740.000
2530.000
0.000
2177.000
2176.000
0.000
2278.000
2256.000
2866.000
2257.000
3157.000
2269.000
0.000
0.000
0.000
0.000
2168.000
2291.000
2171.000
0.000
0.000
2187.000
0.000
2187.000
0.000
2266.000
0.000
2156.000
2279.000
0.000
0.000
0.000
0.000
0.000
0.000
0.000
2166.000
2564.000
0.000
0.000
2166.000
0.000
0.000
0.000
0.000
0.000
0.000
0.000
0.000
0.000
0.000
0.000
0.000
0.000
0.000
0.000
0.000
0.000
0.000
0.000
0.000
1348.000
2160.000
0.000
2162.000
3075.000
3853.000
0.000
0.000
0.000
0.000
0.000
0.000
2186.000
0.000
2160.000
3058.000
2752.000
0.000
0.000
0.000
0.000
0.000
0.000
0.000
0.000
0.000
2159.000
2164.000
0.000
2142.000
2255.000
0.000
0.000
2138.000
2743.000
0.000
2146.000
2350.000
2176.000
0.000
0.000
0.000
0.000
0.000
0.000
2248.000
0.000
0.000
2263.000
0.000
0.000
0.000
0.000
2150.000
3064.000
3458.000
3869.000
2249.000
0.000
0.000
2154.000
2354.000
0.000
2139.000
0.000
0.000
0.000
0.000
0.000
0.000
0.000
0.000
2155.000
2149.000
2191.000
0.000
2162.000
0.000
0.000
2238.000
2748.000
0.000
0.000
0.000
2161.000
0.000
0.000
2136.000
3280.000
3350.000
0.000
0.000
0.000
0.000
950.000
0.000
4356.000
3054.000
0.000
0.000
0.000
2158.000
0.000
0.000
0.000
0.000
0.000
0.000
0.000
0.000
0.000
0.000
0.000
0.000
0.000
0.000
0.000
0.000
2360.000
2198.000
0.000
0.000
0.000
0.000
0.000
0.000
0.000
2171.000
0.000
0.000
0.000
2164.000
0.000
2247.000
0.000
0.000
0.000
2176.000
0.000
0.000
2160.000
0.000
0.000
0.000
0.000
0.000
2148.000
0.000
0.000
0.000
2155.000
3055.000
0.000
0.000
0.000
0.000
0.000
0.000
2143.000
2161.000
0.000
0.000
0.000
0.000
2147.000
2647.000
0.000
0.000
2155.000
2965.000
3353.000
3757.000
0.000
2254.000
2868.000
2755.000
2972.000
0.000
0.000
2164.000
2479.000
0.000
0.000
0.000
0.000
0.000
0.000
2170.000
2261.000
0.000
2156.000
0.000
0.000
0.000
0.000
0.000
0.000
0.000
0.000
0.000
0.000
0.000
0.000
0.000
0.000
0.000
0.000
0.000
0.000
0.000
0.000
0.000
0.000
0.000
0.000
0.000
0.000
0.000
0.000
0.000
0.000
0.000
0.000
0.000
0.000
0.000
0.000
0.000
0.000
2152.000
0.000
0.000
2180.000
0.000
2161.000
0.000
2172.000
2157.000
2169.000
2166.000
2759.000
3481.000
0.000
2270.000
0.000
2194.000
2876.000
2574.000
3382.000
3273.000
4661.000
3863.000
5447.000
6857.000
3664.000
5144.000
6483.000
3954.000
6855.000
3349.000
4304.500
2955.000
0.000
2170.000
2854.000
0.000
2139.000
2140.000
0.000
2143.000
0.000
2158.000
2639.000
3447.000
2551.000
3374.000
0.000
2144.000
2957.000
0.000
2138.000
2844.000
2371.000
2436.000
2354.000
0.000
2143.000
2759.000
3165.500
6116.000
3652.000
5563.000
0.000
2146.000
10674.000
0.000
2153.000
0.000
2168.000
2851.000
0.000
0.000
2155.000
2447.000
3069.000
2143.000
2663.000
2145.000
2639.000
3572.000
0.000
2137.000
3047.000
3957.000
3839.000
5149.000
3536.000
5253.000
4246.000
0.000
6639.500
4055.000
6566.000
4057.000
4156.000
0.000
2193.000
0.000
0.000
2143.000
2153.000
4371.000
2149.000
0.000
2245.000
2146.000
0.000
3851.000
0.000
2161.000
0.000
2152.000
2548.000
2454.000
0.000
2578.000
0.000
0.000
0.000
2550.000
2563.000
2264.000
0.000
0.000
2241.000
0.000
0.000
2165.000
0.000
0.000
2259.000
2970.000
3087.000
4176.500
3390.000
6091.000
6508.000
2778.000
3061.000
3469.000
0.000
0.000
2275.000
0.000
0.000
0.000
0.000
2271.000
0.000
2176.000
0.000
0.000
0.000
0.000
0.000
0.000
0.000
0.000
0.000
0.000
0.000
0.000
0.000
0.000
0.000
0.000
0.000
0.000
0.000
0.000
0.000
0.000
0.000
0.000
0.000
0.000
0.000
0.000
0.000
0.000
0.000
0.000
0.000
0.000
0.000
0.000
0.000
2184.000
0.000
2187.000
2960.000
3368.000
4479.000
5572.000
5288.000
3383.000
0.000
0.000
2173.000
2345.000
0.000
2277.000
3068.000
0.000
0.000
2152.000
2781.000
2744.000
0.000
0.000
2167.000
2167.000
2951.000
2859.000
0.000
0.000
2147.000
2900.000
0.000
0.000
2164.000
0.000
0.000
0.000
0.000
0.000
0.000
2144.000
2766.000
0.000
2141.000
2160.000
2137.000
2463.000
0.000
2154.000
2348.000
2962.000
3242.000
2627.000
3135.000
3202.500
2359.000
0.000
2884.500
3656.000
3334.000
0.000
2315.000
0.000
3160.000
2452.000
2249.000
2948.000
0.000
2136.000
2264.000
2808.000
2144.000
2552.000
0.000
0.000
2155.000
0.000
0.000
2429.000
3054.000
0.000
0.000
2287.000
0.000
0.000
2239.000
2664.000
3378.000
3859.000
2688.000
0.000
0.000
0.000
0.000
0.000
0.000
0.000
2133.000
0.000
0.000
2265.000
0.000
2135.000
2827.000
0.000
2867.000
5266.000
3351.000
0.000
0.000
0.000
2244.000
0.000
0.000
0.000
0.000
0.000
0.000
0.000
0.000
2244.000
2156.000
2462.000
2942.000
0.000
0.000
2250.000
0.000
2176.000
0.000
2238.000
0.000
0.000
0.000
0.000
0.000
2243.000
0.000
0.000
0.000
0.000
0.000
0.000
2244.000
0.000
2232.000
2631.000
3467.000
0.000
0.000
0.000
0.000
0.000
0.000
2406.500
0.000
2185.000
0.000
0.000
0.000
2154.000
0.000
0.000
0.000
2287.000
0.000
3867.000
0.000
4206.000
2959.000
2305.000
0.000
0.000
2205.000
2878.000
3778.000
4016.000
5104.000
3613.000
5685.000
4174.000
6112.000
3994.000
6417.000
2664.000
0.000
0.000
0.000
0.000
0.000
2175.000
2353.000
2177.000
0.000
0.000
0.000
2277.000
2261.000
2930.000
0.000
0.000
0.000
2153.000
0.000
2272.000
0.000
0.000
2165.000
2581.000
2125.000
2582.000
0.000
2339.000
0.000
0.000
0.000
2149.000
0.000
0.000
0.000
0.000
0.000
0.000
0.000
0.000
2161.000
0.000
0.000
0.000
0.000
0.000
0.000
2256.000
0.000
0.000
0.000
2166.000
3061.000
0.000
2148.000
2265.000
2956.000
2215.000
0.000
0.000
0.000
0.000
2169.000
3038.000
3270.000
0.000
2141.000
0.000
2162.000
3078.000
3247.000
4553.000
0.000
0.000
0.000
0.000
0.000
0.000
0.000
0.000
0.000
0.000
0.000
0.000
0.000
0.000
0.000
0.000
0.000
0.000
0.000
0.000
0.000
0.000
0.000
0.000
0.000
0.000
0.000
0.000
0.000
0.000
0.000
0.000
0.000
0.000
0.000
0.000
0.000
0.000
0.000
0.000
0.000
0.000
0.000
0.000
0.000
0.000
0.000
0.000
0.000
0.000
0.000
0.000
0.000
0.000
0.000
0.000
0.000
0.000
0.000
0.000
0.000
0.000
0.000
0.000
0.000
0.000
0.000
0.000
0.000
0.000
0.000
0.000
0.000
0.000
0.000
0.000
0.000
0.000
0.000
0.000
0.000
0.000
0.000
0.000
0.000
0.000
0.000
0.000
0.000
0.000
0.000
0.000
0.000
0.000
0.000
0.000
0.000
0.000
0.000
0.000
0.000
0.000
0.000
0.000
0.000
0.000
0.000
0.000
0.000
0.000
0.000
0.000
0.000
0.000
0.000
0.000
0.000
0.000
0.000
0.000
0.000
0.000
0.000
0.000
0.000
0.000
0.000
0.000
0.000
0.000
0.000
0.000
0.000
0.000
0.000
0.000
0.000
0.000
0.000
0.000
0.000
0.000
0.000
0.000
0.000
0.000
0.000
0.000
0.000
0.000
0.000
0.000
0.000
0.000
0.000
0.000
0.000
0.000
0.000
0.000
0.000
0.000
0.000
0.000
0.000
0.000
0.000
0.000
0.000
0.000
0.000
0.000
0.000
0.000
0.000
0.000
0.000
0.000
0.000
0.000
0.000
0.000
0.000
0.000
0.000
0.000
0.000
0.000
0.000
0.000
0.000
0.000
0.000
0.000
0.000
0.000
0.000
0.000
0.000
0.000
0.000
0.000
0.000
0.000
0.000
0.000
0.000
0.000
0.000
0.000
0.000
0.000
0.000
0.000
0.000
0.000
0.000
0.000
0.000
0.000
0.000
0.000
0.000
0.000
0.000
0.000
0.000
0.000
0.000
0.000
0.000
0.000
0.000
0.000
0.000
0.000
0.000
0.000
0.000
0.000
0.000
0.000
0.000
0.000
0.000
0.000
0.000
0.000
0.000
0.000
0.000
0.000
0.000
0.000
0.000
0.000
0.000
0.000
0.000
0.000
0.000
0.000
0.000
0.000
0.000
0.000
0.000
0.000
0.000
0.000
0.000
0.000
0.000
0.000
0.000
0.000
0.000
0.000
0.000
