348.364
39.337
181.819
134.67
120.358
15.849
16.925
17.119
16.582
44.721
16.598
16.366
17.04
17.471
15.605
15.814
15.89
16.15
16.966
16.67
16.084
17.02
16.49
18.558
17.449
16.241
16.645
16.814
16.591
16.83
16.57
15.748
18.949
17.675
16.904
16.4
16.545
17.032
16.827
17.627
15.574
15.572
18.493
16.556
15.823
16.219
17.599
16.868
15.062
14.854
14.416
14.631
16.286
14.737
15.34
14.736
14.647
14.803
15.932
19.905
15.642
15.648
14.812
12.898
14.911
14.697
15.058
16.34
14.547
16.662
15.524
14.878
14.27
15.091
13.563
14.732
14.604
14.585
14.593
15.083
14.947
17.757
15.335
14.629
14.703
14.521
14.928
14.733
14.374
14.165
14.506
14.598
19.224
20.432
15.439
15.485
14.727
14.504
14.844
14.69
18.574
14.795
14.226
16.973
15.116
38.978
14.461
14.564
14.503
15.724
14.804
14.18
14.73
14.565
14.548
14.96
14.146
15.616
15.327
15.743
14.348
16.166
17.227
20.318
16.197
14.935
14.657
56.765
47.103
17.479
16.19
15.448
14.66
13.172
15.145
15.335
17.132
17.08
16.954
16.103
16.503
15.426
14.827
15.815
16.538
15.055
15.456
15.602
15.523
15.428
14.81
14.461
16.743
15.975
15.311
16.231
15.173
13.79
16.689
14.838
14.381
14.834
6.972
7.682
7.844
7.154
8.139
6.668
7.465
6.991
6.747
6.505
7.808
7.895
7.597
7.913
7.409
7.77
7.758
7.166
7.646
7.624
7.07
7.564
6.037
5.744
6.819
8.274
7.019
6.765
7.203
7.258
7.305
7.239
7.635
7.394
48.033
7.639
6.371
6.045
6.771
6.669
6.437
6.467
6.491
6.719
6.209
5.989
6.229
6.462
6.263
6.516
6.773
6.625
6.106
6.326
6.268
6.037
6.235
6.268
6.02
6.134
6.384
6.423
6.284
6.293
6.319
6.192
6.604
6.209
6.671
6.177
6.065
39.828
6.385
6.278
5.65
5.899
6.396
6.437
6.377
6.665
6.611
6.507
6.586
6.673
6.542
8.887
6.637
6.691
8.224
10.656
8.414
7.295
5.724
5.487
6.663
6.172
5.354
5.848
5.8
6.65
6.818
6.274
5.691
6.269
6.15
6.568
6.476
6.323
6.334
6.007
39.628
6.025
5.966
5.87
6.561
6.466
6.228
6.112
6.388
5.925
6.376
5.087
6.186
6.378
6.466
5.773
5.853
6.002
5.486
6.502
6.328
6.436
6.46
6.554
7.844
6.414
6.509
6.013
5.092
5.407
5.477
44.036
170.066
6.102
6.49
40.112
6.975
6.942
6.161
6.179
6.339
6.445
6.376
6.566
6.303
8.265
6.223
5.792
6.095
6.386
5.865
5.94
5.414
6.306
6.373
6.048
5.487
6.219
5.746
5.762
5.501
6.305
5.44
5.176
5.369
5.821
6.137
5.969
5.453
5.964
5.512
5.562
5.933
5.436
6.027
6.054
6.087
13.169
4.96
5.859
5.289
5.382
3.574
5.44
5.362
5.317
3.269
5.045
5.286
5.886
3.699
5.154
5.665
5.651
3.101
6.458
6.422
7.255
6.087
5.881
6.379
6.265
36.925
5.839
6.231
17.61
8.137
5.907
6.382
5.387
5.9
5.176
4.645
5.013
5.649
5.529
5.833
35.614
7.528
5.865
4.072
5.647
4.957
5.455
6.137
5.175
5.935
5.932
5.614
47.502
6.2
5.64
6.475
6.221
5.303
5.406
5.863
5.454
5.712
5.359
5.832
5.894
5.79
5.976
5.478
5.877
5.84
5.475
6.072
5.915
5.491
5.202
5.637
5.466
5.922
39.868
6.525
6.652
8.081
8.725
5.69
5.782
6.103
95.133
46.687
259.007
78.555
98.602
329.632
3.561
4.824
6.386
5.754
5.146
83.379
5.413
6.802
6.667
6.4
6.246
6.258
6.482
6.829
7.938
5.821
6.558
6.75
6.236
6.144
6.34
6.004
6.48
5.835
6.341
6.407
5.311
4.607
5.348
5.441
5.947
5.507
5.85
5.426
5.621
39.835
5.34
5.618
6.008
5.758
6.128
5.609
5.771
5.575
4.834
5.23
5.353
5.946
5.206
4.845
5.718
38.686
5.501
6.063
5.887
46.922
41.44
5.885
5.507
5.319
5.387
16.663
7.25
5.401
5.364
5.074
4.873
5.092
4.605
5.306
5.231
5.568
5.321
5.225
5.395
5.382
5.479
3.89
21.131
5.281
4791.556
5.189
5.737
5.082
6.448
5.825
5.636
5.658
5.775
5.51
5.568
3.702
5.616
8.192
5.863
5.533
5.628
5.775
5.492
5.525
5.541
5.702
5.871
5.491
5.665
4.535
5.619
5.619
5.349
5.769
5.109
5.714
5.56
5.449
5.532
27.546
5.387
5.706
5.534
5.697
5.646
5.665
5.698
4.476
5.415
5.514
5.659
5.567
5.654
5.609
5.606
5.082
5.167
27.16
5.569
5.611
5.822
5.681
5.883
5.417
5.701
5.443
5.71
5.482
5.138
4.54
4.876
4.679
6.1
5.778
5.582
5.683
5.574
5.598
5.576
5.65
5.609
5.505
5.181
3.801
4.437
5.589
5.745
5.758
5.246
5.642
5.687
5.395
5.384
5.465
5.418
5.0
5.814
5.416
5.233
5.535
5.319
5.361
5.743
5.929
5.832
4.11
5.469
5.334
5.213
5.207
5.54
35.336
5.04
5.316
5.262
5.222
5.567
5.423
5.09
5.05
5.342
5.258
5.046
5.027
5.319
4.844
5.064
4.852
4.97
5.327
5.14
4.884
5.273
4.688
4.932
4.776
5.191
5.233
5.092
5.008
4.469
4.563
5.229
4.777
4.959
5.126
5.45
4.571
5.792
5.211
5.277
5.349
4.757
4.602
5.708
4.861
4.925
5.419
5.377
4.966
5.03
5.372
5.248
4.651
37.113
5.019
4.83
5.269
4.8
5.488
5.286
5.16
4.989
4.847
5.361
5.157
5.241
4.262
39.182
4.84
2.851
4.067
5.475
5.442
5.114
5.266
4.527
5.551
5.26
5.257
4.993
5.15
67.756
5.198
5.316
5.06
5.123
5.183
4.991
5.121
5.166
96.59
5.669
5.575
5.794
5.641
45.004
4.869
5.165
5.14
5.443
4.951
4.981
4.934
5.102
6.012
5.094
5.006
5.229
5.21
5.485
5.361
5.408
5.559
5.565
5.45
5.215
4.939
5.201
5.296
5.335
5.141
5.29
5.087
4.974
5.253
5.247
5.133
39.358
5.658
5.407
5.281
5.042
5.162
5.005
5.319
4.921
5.041
5.045
5.204
4.922
4.846
4.797
4.988
4.852
4.828
5.416
39.04
5.357
5.133
4.756
4.979
5.192
5.223
5.05
4.855
5.416
54.442
4.823
5.411
5.377
5.246
5.339
5.281
5.559
5.127
4.992
5.056
5.331
5.147
4.739
5.049
5.458
5.479
5.296
5.045
5.064
4.698
5.116
3.419
5.061
4.902
5.008
5.308
5.253
6.189
5.038
5.301
4.811
5.383
3.028
5.293
5.382
5.327
5.021
4.953
3.015
5.249
5.258
5.037
5.094
5.126
3.078
5.229
4.59
4.89
5.049
4.819
3.203
5.12
4.991
5.211
5.212
4.959
2.938
38.846
5.251
5.194
5.238
4.773
5.195
3.074
5.191
5.28
4.821
5.13
5.413
2.669
3.829
5.167
5.648
5.074
4.919
2.65
5.313
5.327
5.145
4.887
5.138
3.579
5.259
5.522
5.699
5.323
5.639
5.452
5.238
5.654
5.544
5.254
6.523
5.626
5.599
341.286
383.619
272.775
352.679
124.143
85.62
1096.168
387.998
597.257
1099.545
1207.918
1389.626
959.261
1428.293
859.011
1319.772
581.505
702.927
1456.778
1128.773
310.016
1559.454
1771.368
11.683
1480.881
1631.73
4.595
4.099
4.45
5.848
4.835
5.434
6.587
2858.054
5.009
18.427
6.719
5.355
5.358
6.705
7.559
6.853
9.358
7.437
8.652
5.998
5.914
5.483
5.563
5.767
5.827
5.924
9.728
5.744
5.938
5.555
5.541
5.524
5.54
4.762
5.35
5.82
5.687
5.299
5.506
5.413
5.772
5.651
5.731
5.135
5.744
5.781
5.67
5.328
5.056
5.692
5.603
5.643
5.248
5.317
5.719
5.704
5.426
5.58
5.73
5.371
5.717
5.462
5.553
5.385
5.886
5.776
5.619
5.822
5.67
5.304
5.395
5.583
5.687
5.076
5.892
5.339
6.006
5.592
5.148
4.824
5.135
5.534
5.291
3.385
5.288
5.97
6.229
6.047
44.762
6.037
5.669
6.041
5.558
5.441
5.029
5.746
5.831
5.643
5.724
5.672
5.524
6.05
5.813
5.425
5.281
5.666
5.825
5.861
5.839
21.363
5.603
5.705
5.93
5.32
5.209
5.595
5.538
5.188
5.006
4.857
5.526
5.178
96.567
5.633
5.273
5.322
5.233
5.01
5.294
4.693
5.232
4.859
5.294
5.149
5.353
57.292
5.484
5.248
5.449
5.6
5.646
5.831
5.307
4.899
5.783
5.396
5.666
5.87
5.538
5.998
5.648
5.28
5.454
5.915
6.222
5.582
5.691
5.309
5.844
5.43
40.241
4.293
6.021
6.122
6.138
6.189
5.979
5.961
5.842
6.124
6.114
6.251
6.26
5.741
5.9
5.221
5.276
5.375
5.458
5.556
5.798
5.716
5.514
5.607
6.434
6.027
6.294
6.741
5.461
5.196
5.168
5.133
5.003
4.904
5.609
5.524
5.362
4.966
5.407
5.24
32.75
5.197
5.118
4.887
5.002
33.242
5.785
5.404
5.35
5.694
5.489
5.685
5.183
5.747
69.616
5.845
5.89
5.345
5.885
5.322
5.802
5.376
5.518
5.339
5.726
5.741
5.184
6.045
5.255
5.524
5.446
5.391
5.004
5.418
5.356
5.528
6.61
5.508
5.416
5.318
5.595
5.4
5.107
5.41
4.978
5.023
5.452
5.563
5.325
5.619
5.78
5.305
5.628
5.681
5.329
5.622
5.07
5.845
5.543
5.731
70.076
5.825
5.537
5.414
5.295
5.092
5.678
5.476
6.845
5.252
5.46
5.559
3.198
5.511
5.638
6.328
5.24
5.563
5.019
5.102
5.512
10.458
5.409
5.799
5.559
5.402
5.632
6.424
5.46
5.178
5.344
5.637
4.71
5.718
5.054
5.197
4.714
5.728
5.215
5.358
4.649
5.8
5.343
5.427
5.488
39.403
5.454
5.606
5.499
5.608
5.548
4.932
5.329
5.226
5.603
5.403
30.0
5.393
5.637
5.922
5.396
5.84
5.722
6.264
5.566
6.198
6.128
5.608
5.52
7.645
5.71
5.558
5.759
6.128
5.153
39.769
6.363
5.849
5.337
6.142
5.722
5.295
5.883
5.753
5.94
5.431
5.363
6.234
5.3
5.925
39.441
5.573
5.615
5.312
5.376
5.755
3.211
5.427
5.266
5.176
5.614
5.294
4.973
4.586
4.583
5.106
5.379
5.297
4.718
4.864
4.718
4.788
4.896
4.936
5.559
5.448
5.194
5.3
5.642
5.156
5.065
5.242
5.175
5.071
5.497
5.349
5.436
4.804
5.106
5.26
5.108
5.449
5.269
4.529
5.172
5.368
1187.897
5.247
5.424
5.029
5.365
4027.977
6.062
5.076
4.98
5.441
5.161
5.507
5.134
5.526
5.77
5.884
6.016
5.987
6.039
6.302
6.245
6.225
5.791
6.072
6.504
6.538
5.921
6.02
5.656
5.644
5.349
5.732
5.658
11.626
5.434
5.502
5.031
5.188
5.663
5.648
5.567
5.558
5.011
11.445
5.416
5.452
5.34
5.263
5.331
5.462
5.417
5.49
5.427
5.129
5.256
35.6
5.467
5.296
5.476
5.528
5.524
5.394
5.21
3.213
5.783
5.283
4.66
4.794
4.881
5.235
5.111
5.243
5.158
5.483
5.13
4.962
5.008
11.785
5.208
5.186
4.906
5.339
4.918
5.362
5.642
5.249
10.892
5.508
5.425
5.845
6.109
5.525
5.665
5.719
5.546
5.834
5.408
5.62
5.743
5.75
5.832
5.809
5.185
5.282
5.156
5.115
4.842
5.312
4.576
4.669
5.092
4.834
4.919
3.197
5.185
4.862
39.205
5.078
5.084
5.077
5.013
5.351
5.953
5.295
74.4
5.013
4.974
5.302
5.375
5.574
5.485
5.746
5.413
5.633
5.619
5.484
39.815
5.522
5.771
5.617
5.412
5.348
5.523
5.686
5.262
5.124
5.626
5.306
5.357
5.075
5.032
16.415
5.648
4.851
5.036
5.515
5.478
5.614
5.675
5.636
5.572
5.709
5.753
5.448
5.924
5.794
5.609
5.308
39.223
5.703
4.983
4.913
5.807
5.289
5.6
5.605
5.538
5.58
5.486
5.336
5.821
32.994
5.46
5.569
5.014
5.127
5.352
5.625
5.228
5.065
5.486
5.365
5.382
4.988
5.186
5.255
5.258
5.149
5.503
5.369
5.251
5.334
5.702
5.388
5.516
5.582
38.91
4.858
5.548
5.399
5.354
5.562
5.2
4.963
5.285
5.5
38.534
5.489
5.515
5.367
5.291
5.179
5.474
5.369
5.183
5.541
5.367
5.419
5.17
4.7
38.9
5.097
5.492
11.723
5.923
5.925
5.837
5.572
5.262
5.677
5.56
5.172
4.993
5.509
5.728
46.979
6.976
6.49
6.061
5.925
5.47
5.332
5.64
5.65
5.717
5.676
5.446
39.509
5.481
5.542
5.578
5.601
5.572
5.584
5.869
5.321
5.686
5.365
5.368
5.247
5.232
5.219
5.105
5.461
5.276
5.03
38.989
5.391
4.913
5.086
5.12
6.209
5.977
5.849
5.274
5.537
5.595
5.488
5.179
4.776
5.408
5.484
5.443
5.555
5.634
5.368
5.2
5.428
5.014
5.274
5.235
5.61
5.213
5.39
5.32
5.309
5.058
5.334
4.525
5.023
5.599
5.737
5.531
5.168
5.58
5.452
5.448
5.735
5.722
5.519
5.409
5.01
5.573
6.877
39.015
5.222
5.577
5.562
5.2
5.034
5.23
5.5
5.644
5.656
5.791
5.818
5.734
5.704
5.315
5.677
5.541
5.468
5.589
5.401
5.459
3.68
5.242
5.837
5.423
5.248
5.268
5.43
5.747
5.601
5.496
5.384
5.51
5.609
5.682
5.568
5.385
5.232
5.637
5.699
5.578
5.6
5.564
5.598
5.589
5.747
5.744
5.272
6.03
5.257
5.232
5.454
5.871
5.75
5.646
6.176
5.702
5.594
5.534
68.036
5.794
3.433
5.25
5.343
5.693
5.609
5.625
5.662
5.719
5.651
5.677
5.66
5.788
5.53
5.751
5.563
5.604
5.781
5.491
5.399
5.852
5.796
5.742
6.702
5.398
5.821
5.339
5.803
5.456
5.727
5.718
5.672
5.542
5.864
5.834
5.666
5.38
5.791
5.352
5.587
5.43
5.675
5.35
5.916
5.669
5.414
5.675
5.577
5.608
5.669
5.652
5.854
5.543
5.668
5.958
5.563
5.615
5.602
5.332
5.405
5.53
2.964
5.588
5.371
5.465
4.821
5.376
4.998
5.09
5.649
18.83
5.962
6.0
5.498
6.194
5.344
5.005
5.699
6.029
4.931
5.041
6.1
5.425
5.343
5.637
5.711
5.024
5.118
5.056
5.959
6.057
5.594
5.434
5.702
5.193
4.858
5.102
6.476
4.634
4.47
5.095
4.899
5.124
6.94
6.008
6.843
8.573
5.888
6.053
6.191
7.021
4.429
6.04
5.006
4.788
4.923
5.05
4.615
4.382
4.526
4.827
4.286
4.308
5.493
5.417
4.845
4.827
4.963
4.97
4.429
4.878
3604.279
43.916
5.094
5.264
5.761
5.597
5.397
5.396
5.512
5.572
5.513
5.481
5.342
5.077
5.169
5.577
5.187
6.099
4.77
5.431
5.506
4.698
5.127
4.68
5.7
5.089
5.238
5.625
5.39
5.271
5.066
5.256
5.78
5.248
5.125
5.633
4.959
5.594
5.24
4.999
5.406
5.106
3.123
4.606
5.341
5.662
4.995
5.311
5.169
5.033
4.478
5.137
5.088
3.95
5.046
5.446
5.485
4.812
4.23
6.556
4.757
4.853
4.916
4.937
4.876
5.033
4.909
5.265
5.071
5.111
4.887
5.071
4.639
5.032
5.312
5.372
5.416
5.348
5.0
5.551
5.285
87.746
5.182
4.776
5.074
3398.776
4.981
6.32
5.867
5.889
5.307
5.426
5.359
32.915
35.197
5.217
5.011
5.001
5.129
26.983
5.692
5.475
5.334
5.473
4.881
6.677
5.228
4.898
5.248
10.061
5.121
5.329
5.26
5.494
5.42
5.526
56.304
5.296
4.798
5.111
5.194
5.473
39.036
5.267
5.887
5.218
5.437
36.017
5.533
5.176
5.342
5.282
5.47
5.285
5.331
29.398
5.525
5.448
5.7
5.343
5.161
5.244
5.249
5.428
5.328
5.79
35.714
5.482
5.63
5.262
5.46
5.329
5.319
5.466
5.906
5.407
5.19
5.585
5.569
5.219
5.465
5.156
39.24
5.454
5.924
5.332
5.379
5.645
5.462
5.131
5.505
5.236
5.058
5.098
4.938
5.281
5.33
5.488
5.47
5.734
5.585
5.192
4.877
102.111
102.977
55.091
4.985
4.961
4.772
4.613
21.967
5.158
5.012
4.699
4.756
4.776
617.782
4.964
5.399
5.461
5.033
5.028
5.543
5.323
5.105
4.772
5.414
5.51
5.226
5.221
5.015
5.605
4.969
5.065
4.93
3.432
5.569
5.389
5.098
5.099
5.477
5.457
5.618
5.404
5.231
5.671
5.556
5.495
5.25
4.762
5.378
5.534
5.665
4.932
4.789
5.393
5.885
5.262
5.699
5.533
5.738
5.493
5.472
5.454
5.641
5.012
5.192
5.498
5.119
5.349
5.613
5.388
5.519
5.167
4.987
2.931
5.514
5.43
5.514
5.346
5.319
5.498
5.557
5.287
5.376
4.75
5.331
5.149
15.242
5.403
5.193
5.841
5.289
38.908
5.486
38.339
5.946
5.45
5.542
6.002
6.399
5.351
5.153
5.005
5.413
6.789
5.273
5.17
16.494
6.337
7.29
7.454
7.22
6.593
6.623
6.733
30.724
8.046
7.153
6.751
4.771
5.374
5.604
5.329
5.556
5.02
5.462
5.377
5.704
5.682
5.524
5.553
6.223
5.56
5.627
5.239
5.787
5.653
8.696
88.904
5.608
5.733
5.684
5.677
5.528
5.676
5.609
6.892
5.438
3.029
5.95
5.124
5.885
6.415
5.595
6.171
5.725
5.194
5.158
34.81
5.305
6.018
4.895
5.085
4.955
6.209
4.768
56.844
5.495
40.186
5.549
4.948
4.628
5.209
5.436
5.627
5.847
5.51
5.588
5.678
5.13
5.189
5.161
32.921
5.435
5.808
5.158
5.643
5.019
4.921
5.466
5.659
5.399
4.909
5.251
5.393
5.243
5.146
5.507
5.461
5.403
5.427
5.338
4.612
5.566
5.387
5.003
5.106
5.092
5.462
5.576
5.027
5.117
5.195
5.651
5.342
4.931
5.328
39.097
5.446
5.451
5.301
5.251
5.068
5.199
5.239
5.621
2.478
5.323
5.15
5.579
5.376
5.182
5.157
4.337
5.402
5.126
4.632
4.648
5.331
5.453
5.165
5.548
5.379
39.016
5.013
5.202
5.013
5.371
35.893
33.308
5.443
5.475
5.424
5.465
5.523
5.473
5.16
28.486
5.558
5.518
4.629
5.085
5.132
4.782
4.777
69.232
6.751
2.738
4.767
5.524
5.409
4.883
5.428
4.912
5.204
5.038
5.261
4.891
4.922
4.966
5.273
4.793
5.163
5.171
26.991
5.465
5.042
4.628
5.342
4.363
5.331
36.822
4.994
4.936
4.882
4.356
5.407
4.984
35.517
5.285
5.478
5.092
5.407
5.237
5.232
5.208
5.24
5.024
5.566
38.827
5.172
4.837
4.895
5.574
4.95
5.133
5.017
5.211
5.612
5.178
4.929
5.385
3.385
5.188
5.299
5.288
5.187
4.998
5.77
5.609
5.488
5.095
5.293
5.267
4.999
5.025
5.053
5.441
4.97
5.095
5.554
5.138
4.935
5.327
5.562
3.433
5.248
5.359
5.513
4.738
5.188
4.983
5.072
5.235
4.638
5.048
5.253
5.226
35.77
4.832
4.903
5.035
4.972
5.304
4.911
5.132
2.764
5.152
5.2
5.018
4.907
4.589
5.178
5.207
5.482
5.181
4.955
5.031
5.226
4.819
4.869
5.025
4.972
4.309
4.555
5.265
5.101
5.464
5.522
5.497
5.009
5.158
5.196
5.306
5.161
5.09
39.198
3.228
5.337
4.737
4.771
4.708
5.111
5.015
3.518
4.858
4.625
5.153
4.932
4.925
5.011
5.623
6.69
5.187
5.509
5.445
5.263
4.579
5.129
5.242
5.155
4.553
5.196
5.23
5.229
4.914
5.308
5.138
5.363
5.396
5.105
4.882
5.15
5.33
5.053
5.404
4.99
2.739
4.809
5.291
5.073
4.793
4.93
4.972
5.02
7.109
4.899
4.926
5.259
5.531
4.7
38.432
5.243
37.844
5.52
4.989
5.099
4.783
5.533
4.882
5.272
4.852
6.322
4.83
5.257
5.28
5.257
5.276
5.266
4.98
5.39
5.167
5.536
5.262
5.166
5.352
5.442
5.297
5.35
5.444
5.328
5.279
5.178
5.655
5.159
4.816
5.488
5.168
5.198
2.806
5.498
5.429
5.414
5.485
5.436
5.409
5.571
33.442
5.518
5.382
5.066
5.352
5.24
5.418
5.091
6.102
5.323
5.501
5.57
9.161
5.407
5.517
7.257
7.04
8.14
5.711
5.65
5.482
5.361
5.927
5.52
5.421
5.771
5.971
5.277
5.202
5.589
5.765
5.817
5.296
5.416
5.163
5.613
6.375
4.844
5.328
5.454
5.489
5.036
5.258
5.381
5.749
5.562
5.336
5.492
5.619
5.528
5.224
5.413
5.685
4.982
5.565
5.146
5.558
5.334
5.533
5.51
5.663
5.393
5.543
5.285
5.297
5.579
5.157
5.33
5.366
5.31
5.725
5.335
5.054
5.44
5.529
5.582
5.68
4.88
5.525
5.427
5.535
4.831
4.771
5.294
5.247
5.841
5.734
38.916
5.385
5.294
65.25
5.425
5.758
5.552
5.363
3.104
5.724
5.424
5.035
5.194
4.959
6.644
5.366
5.566
5.561
5.342
5.249
5.657
3.254
5.909
5.69
12.523
5.703
5.517
5.758
5.049
5.709
5.54
4.549
5.432
5.335
5.823
5.844
5.186
5.273
5.312
5.638
5.655
5.586
5.202
5.997
5.322
5.783
57.987
5.168
5.144
15.396
5.621
5.211
4.997
5.219
5.092
5.268
4.983
5.187
5.143
5.668
5.023
4.984
4.607
5.769
5.414
5.296
12.709
5.781
5.405
6.871
5.445
6.18
5.324
5.938
5.621
5.83
5.767
5.504
3.448
5.33
6.094
5.799
5.484
5.839
5.961
6.042
5.645
5.94
4.148
5.335
5.882
5.364
5.517
38.799
5.729
5.464
5.559
5.844
5.068
4.735
5.412
5.539
5.628
5.705
5.336
5.443
5.608
5.223
5.22
4.981
5.484
5.655
5.624
5.854
5.58
79.292
5.187
5.507
5.279
5.254
5.322
5.219
5.139
5.013
5.189
5.031
5.245
5.067
4.931
5.547
3.113
12.119
7.103
6.35
7.227
6.746
6.82
6.845
6.138
5.867
6.652
5.587
5.593
4.905
5.017
5.218
5.158
5.06
5.317
14.516
5.351
6.15
8.553
6.38
5.497
6.077
5.874
5.765
6.021
5.799
5.4
5.852
5.574
4.774
5.167
5.37
5.449
5.618
5.565
5.344
5.303
5.607
13.377
5.288
4.561
5.332
5.755
5.189
5.661
5.724
6.047
5.948
17.609
9.063
8.094
8.055
7.553
6.986
6.952
6.901
7.262
8.176
5.315
5.455
5.107
4.913
5.219
4.997
5.017
5.264
5.031
4.836
5.165
4.721
4.658
5.519
5.508
5.263
5.516
5.226
5.444
5.197
5.441
5.117
5.445
5.343
5.618
5.215
5.532
5.694
5.462
5.735
5.138
5.317
5.586
4.878
5.521
5.075
5.404
5.281
5.283
4.726
5.156
5.04
5.209
4.699
5.103
5.114
5.054
5.071
4.605
4.851
4.468
5.176
4.269
43.529
5.134
5.106
5.289
2.808
3.939
4.973
6.534
4.969
5.319
4.764
4.887
4.996
5.305
5.042
5.151
5.119
4.904
5.213
6.365
4.818
5.624
5.074
4.985
5.025
5.055
5.276
5.003
4.992
5.054
4.966
5.042
5.405
4.731
5.233
5.154
4.892
5.241
5.023
5.209
5.322
5.181
5.381
5.302
7.806
5.79
5.616
5.707
5.957
5.795
5.541
5.073
5.092
5.467
5.301
5.464
5.291
5.267
5.091
5.385
5.071
6.718
5.607
5.356
5.434
31.237
5.434
27.263
5.25
5.364
4.943
5.009
5.471
5.234
5.274
4.963
2.897
3.007
4.81
5.08
5.358
5.137
5.062
4.91
5.534
5.171
5.036
4.646
5.07
5.308
35.224
4.919
5.177
3.502
5.403
4.771
5.02
2.8
2.453
4.967
5.315
13.135
5.52
5.476
5.175
5.19
5.216
4.572
5.121
2.555
4.741
4.632
5.194
5.006
5.111
5.431
5.175
4.82
5.153
5.026
5.178
5.165
5.206
5.085
5.289
4.797
5.436
5.055
5.495
5.062
4.941
5.012
5.039
5.101
5.179
4.303
4.859
4.95
5.19
4.937
4.869
5.277
5.105
5.056
4.817
4.785
5.124
5.016
5.114
5.144
5.176
4.673
5.014
38.583
4.903
4.515
4.492
38.325
5.245
4.568
5.077
5.111
4.831
4.472
4.568
5.049
5.347
5.202
5.171
4.871
4.983
5.113
5.07
5.192
2.504
5.376
46.721
4.805
4.987
5.099
4.886
5.078
4.823
5.005
5.031
5.105
4.867
5.048
5.262
6.327
4.936
5.01
5.173
5.461
4.757
4.543
4.845
5.197
5.299
5.377
4.982
5.156
5.401
5.148
5.317
2.475
4.904
4.58
5.227
5.102
4.718
5.38
5.362
5.433
5.342
5.073
5.029
5.374
5.297
5.414
4.905
5.219
5.326
5.264
5.294
5.237
4.755
4.838
5.279
5.509
5.315
5.188
10.654
7.126
7.176
43.801
7.757
9.342
6.844
7.151
7.097
7.225
4.744
5.675
5.731
5.732
5.756
5.74
5.827
5.314
4.879
4.743
5.062
4.54
5.091
5.211
4.654
4.896
4.745
4.867
32.147
5.505
5.151
3.529
5.173
5.235
5.492
5.329
5.049
5.404
5.235
5.402
38.978
5.732
4.973
5.622
5.632
5.344
5.73
5.293
5.543
5.455
5.336
4.906
5.222
5.005
6.819
5.288
39.002
5.334
5.332
5.481
5.287
5.299
4.92
5.003
5.302
5.601
5.468
5.271
5.52
5.334
5.231
5.207
5.333
5.328
5.004
5.477
5.187
5.141
5.183
4.697
5.402
5.149
5.341
4.746
6.184
5.527
5.251
5.463
5.054
5.191
5.37
5.757
5.428
5.479
5.034
39.187
5.498
5.547
13.18
4.843
4.843
4.732
4.851
5.649
5.525
5.458
5.524
5.369
5.402
4.998
5.413
4.934
5.863
82.796
5.407
5.02
5.163
5.581
5.313
5.99
5.482
5.794
5.744
5.797
5.752
36.405
5.56
5.083
5.785
5.453
5.357
5.261
5.49
5.547
5.449
5.06
4.691
4.896
5.158
5.32
5.065
5.035
4.771
5.242
5.391
5.282
4.981
5.312
5.275
5.527
5.321
4.981
5.245
5.448
4.966
5.414
5.318
4.871
5.41
5.621
5.047
5.054
5.237
4.831
4.91
5.426
5.055
5.481
5.233
5.3
5.193
5.099
5.008
6.113
5.328
5.179
4.753
4.719
5.361
5.04
5.163
4.939
5.064
5.26
5.112
5.254
5.353
5.374
4.591
5.761
4.968
5.513
4.717
5.281
5.304
5.147
4.749
4.897
5.4
5.395
4.905
4.994
5.103
4.956
5.189
5.35
4.56
4.513
4.81
5.524
5.363
4.895
4.904
5.005
5.161
35.723
5.222
7.334
7.312
5.398
5.551
5.206
5.291
5.573
5.309
5.12
5.03
38.687
5.367
4.82
5.187
5.377
5.442
5.431
5.427
5.51
5.643
8.761
5.19
5.241
5.373
5.519
5.601
5.273
5.656
5.868
39.302
5.582
5.487
5.643
5.314
6.208
5.365
5.633
5.002
5.161
5.432
5.584
5.163
5.364
4.95
5.354
4.967
4.833
5.306
5.33
5.116
4.944
5.226
5.087
5.285
5.257
5.158
4.878
5.302
5.374
5.334
5.417
5.244
4.997
4.962
5.292
5.068
5.376
5.402
5.323
5.05
15.609
5.674
5.14
5.185
5.388
5.413
5.353
5.594
5.086
5.138
5.35
5.569
5.13
5.03
5.287
5.352
4.995
5.105
5.195
5.287
5.492
5.226
5.364
5.291
5.76
5.273
5.591
5.208
5.324
5.619
5.527
5.508
5.366
38.971
5.132
5.237
5.475
5.37
5.26
5.555
5.361
35.966
4.93
5.347
5.35
5.406
5.397
5.371
5.297
5.344
5.125
5.137
5.249
5.496
5.468
5.112
5.332
5.599
5.061
5.37
4.824
5.548
65.399
5.48
5.281
5.395
5.401
5.246
5.438
5.314
5.851
5.279
5.601
5.491
5.472
5.127
4.818
4.43
5.691
5.255
5.022
5.249
5.611
39.115
5.53
5.724
5.234
5.131
5.025
5.095
4.839
5.016
5.12
5.559
5.071
5.646
5.095
5.468
4.882
5.395
5.031
5.195
5.411
5.419
5.382
5.359
5.402
4.979
4.893
5.159
5.25
5.79
5.072
5.001
4.925
5.25
5.066
4.727
4.658
5.257
5.327
5.426
5.274
5.355
4.85
5.04
5.157
4.478
6.496
5.166
5.269
5.411
5.165
5.301
5.365
5.434
5.354
5.29
4.889
5.34
5.038
5.013
5.313
5.344
4.717
5.317
5.285
5.164
4.685
5.572
5.096
5.306
5.148
5.399
5.211
5.58
5.147
4.841
5.126
5.499
4.805
4.666
4.957
5.327
5.226
5.222
12.621
4.831
4.862
5.146
5.023
5.235
5.023
5.003
5.234
5.069
4.952
5.189
4.896
5.366
5.232
5.42
5.162
5.278
5.482
4.714
5.179
5.081
4.369
5.344
5.036
5.005
4.937
5.408
5.315
5.168
5.009
38.716
5.291
5.189
4.852
5.224
5.065
5.236
5.316
5.382
38.967
5.231
5.059
5.382
5.052
5.196
5.348
5.486
5.345
5.162
5.615
5.083
5.069
5.426
4.963
5.28
5.238
5.45
5.268
38.945
5.635
5.763
4.915
4.474
4.832
5.149
5.184
5.181
5.071
5.267
5.094
5.29
5.268
5.63
5.134
5.204
5.671
5.083
5.544
5.167
5.266
4.751
4.901
5.217
4.982
4.581
5.454
5.268
5.306
5.262
5.178
5.376
7.207
39.045
5.659
5.648
5.081
5.33
39.31
5.133
5.378
5.519
5.513
5.574
5.451
5.027
824.728
976.282
1236.109
1065.638
725.713
1066.461
1017.211
1127.249
1316.618
1129.087
1826.537
1549.571
1750.363
1079.997
1318.652
1778.339
1659.914
1407.123
1801.553
1422.735
3157.259
3071.454
3194.218
3217.577
2842.176
3569.96
3482.001
3027.179
3689.189
3229.872
4519.423
5566.707
5119.49
5369.192
5219.38
5372.608
27.316
19.776
3.684
3.758
4.079
4.133
5.511
5.086
5.462
4.797
5.342
5.197
5.207
5.062
5.012
5.304
5.23
1152.933
5.797
5.447
5.562
5.313
750.369
5.864
5.484
4.762
5.253
5.038
4.947
4.789
5.085
99.357
6.05
5.244
5.662
5.127
5.03
5.499
5.609
5.234
5.69
5.322
5.71
5.963
9.467
4.889
3.861
4.991
4.385
4.89
52.05
5.132
4.901
757.713
6.627
4.809
5.746
5.197
5.081
5.05
4.969
5.067
5.225
5.244
5.283
5.032
5.332
5.012
4.672
5.518
5.099
5.058
5.307
5.057
5.09
5.439
765.966
5.224
4.971
5.095
4.462
4.666
5.079
4.672
4.882
1561.619
5.507
5.678
5.257
5.571
5.357
4.987
5.501
5.338
5.251
5.243
5.125
5.233
5.331
5.107
5.364
5.455
5.39
5.197
5.059
5.318
5.29
5.751
5.468
5.41
5.407
5.092
5.119
5.329
5.0
5.199
5.422
5.492
4.965
5.671
5.348
4.955
5.144
5.438
4.955
5.0
4.925
764.492
3.459
5.16
4.969
4.446
4.447
5.151
4.913
5.118
840.794
5.256
4.804
5.25
5.029
5.246
4.846
4.884
5.066
4.969
4.863
5.133
770.868
739.825
746.505
5.582
4.764
5.12
5.25
5.381
5.026
5.108
5.055
5.022
4.857
4.854
4.545
4.931
2.969
5.057
4.984
4.992
4.672
4.754
2.978
9.556
4.495
9.865
10.252
10.213
9.777
9.694
10.3
779.674
9.1
9.846
11.155
10.645
10.84
11.093
10.626
11.317
9.286
8.147
1046.53
1005.865
1275.886
947.5
5.963
5.148
4.979
5.34
5.516
4.932
5.196
5.231
4.916
4.908
4.828
4.205
4.836
4.274
4.547
4.637
4.532
776.987
5.147
5.062
4.562
5.072
4.769
3.087
4.709
5.282
4.939
5.052
5.422
5.141
5.176
5.228
4.834
5.218
4.871
4.878
5.156
1118.542
5.46
5.156
5.412
5.472
4.626
4.971
4.801
2.806
4.598
5.311
4.603
4.965
5.076
5.111
5.18
4.72
4.907
1126.612
5.55
5.36
2.941
4.59
4.929
4.14
5.089
5.197
4.811
5.094
5.178
5.113
5.146
5.167
3.151
744.975
33.846
5.321
5.059
5.101
5.116
4.814
5.201
5.114
4.805
4.7
5.121
4.954
2.996
4.867
5.547
4.963
4.636
4.657
4.561
4.759
4.514
4.627
4.498
746.845
5.908
4.408
4.957
4.745
5.109
4.641
4.817
4.674
4.396
782.546
744.087
5.356
5.553
5.079
4.187
5.077
18.569
4.848
5.018
5.221
5.276
4.94
5.012
4.645
4.527
4.978
5.11
5.141
5.939
4.979
2.85
5.219
4.707
5.707
4.698
4.444
2.846
4.809
5.187
4.302
5.219
4.845
2.714
4.838
4.588
4.931
4.642
4.876
5.076
5.547
5.405
4.86
5.095
4.767
5.016
4.678
4.584
4.707
4.616
4.746
5.492
4.848
4.535
4.864
7.95
5.065
745.562
5.655
5.162
5.107
5.54
5.456
5.048
748.435
5.832
5.333
5.457
5.222
5.288
5.092
5.483
5.21
5.211
5.568
5.209
4.754
9.808
5.015
5.092
4.743
5.063
4.797
5.227
5.118
5.289
4.786
4.861
4.995
5.279
4.896
4.81
5.126
5.008
4.38
4.487
5.004
5.055
5.247
5.121
5.214
4.868
4.82
5.024
4.811
4.701
4.698
4.677
4.957
4.684
4.719
4.325
4.665
5.094
745.187
4.732
4.651
4.421
5.364
5.249
5.071
4.869
5.174
5.044
5.024
5.406
4.855
4.678
5.365
43.194
4.775
5.416
5.025
5.079
5.15
5.046
5.116
23.791
1122.535
745.058
5.238
5.625
5.11
5.319
7.359
5.193
5.171
4.53
5.308
5.106
9.478
4.983
4.38
4.974
4.866
4.671
4.717
4.919
4.348
4.95
4.523
4.532
4.411
4.573
805.18
4.335
4.797
4.822
4.848
4.498
4.722
4.612
4.517
4.302
4.1
5.651
4.437
745.428
4.873
4.717
4.688
4.989
734.394
4.64
4.327
4.861
4.68
4.767
4.951
5.208
2.521
5.77
5.094
4.112
4.987
5.151
5.795
4.856
4.777
4.742
5.207
5.377
5.198
5.147
5.413
4.962
5.124
6.049
7.124
7.252
9.827
10.501
4.864
4.945
5.071
4.39
3.481
5.014
4.589
4.292
10.097
4.862
4.835
5.107
2.737
4.953
5.236
4.66
4.488
2.765
4.883
4.779
4.841
2.954
751.341
3.711
5.313
5.225
5.105
5.019
4.847
4.899
4.935
4.739
5.126
5.398
4.578
4.838
761.508
5.271
2.821
5.59
4.968
5.445
5.371
5.063
5.243
4.746
5.486
42.941
4.922
4.905
5.453
4.977
5.159
5.227
5.222
4.964
5.254
5.267
4.622
5.113
5.158
4.97
4.972
5.129
4.887
4.98
5.22
4.827
4.799
4.592
5.079
3.726
45.78
4.935
4.889
4.944
4.978
3.534
750.247
5.317
5.659
3.39
5.199
3.822
5.044
5.302
3.684
5.223
1129.879
4.928
5.946
5.569
5.379
1147.735
21.387
5.37
34.836
5.353
5.404
5.682
5.492
5.134
5.298
5.416
5.45
4.857
5.342
6.121
5.543
5.474
4.967
5.243
5.271
5.258
5.375
5.175
5.208
5.24
5.459
5.029
5.273
5.192
5.378
5.263
4.728
4.588
5.138
4.978
5.086
5.364
4.929
5.075
5.206
5.242
5.224
5.257
5.149
5.616
5.456
5.284
5.247
5.23
5.257
5.268
3.812
5.265
5.238
5.237
5.333
5.277
4.828
4.875
5.33
4.95
5.131
4.738
27.818
11.929
5.648
6.476
6.04
39.248
6.04
5.046
4.959
4.731
4.611
5.132
4.531
749.782
30.903
5.445
5.388
5.192
5.438
5.382
5.606
5.441
5.278
5.027
5.184
39.357
5.191
39.308
28.664
5.278
23.492
4.979
5.252
5.386
5.137
5.466
5.329
5.041
5.482
21.775
5.395
5.485
5.272
5.203
30.273
5.392
5.158
35.264
5.308
35.382
5.285
38.701
5.224
5.596
5.074
5.305
5.229
4.955
5.377
5.709
46.918
5.033
5.537
4.422
38.896
5.326
5.665
5.516
5.322
5.175
5.334
5.398
5.405
5.518
5.826
5.885
5.099
5.521
5.015
5.322
5.404
4.733
6.035
5.196
5.254
4.856
4.746
38.666
5.951
6.973
5.813
5.47
4.402
5.643
4.857
4.61
4.96
38.424
3.208
5.26
4.779
36.392
4.497
5.85
3.289
5.021
860.195
5.318
5.089
5.711
5.161
5.37
26.774
5.298
34.168
24.843
5.35
20.912
5.076
4.83
5.009
5.335
5.2
5.388
19.657
5.164
4.608
5.175
5.437
27.021
33.398
5.354
5.457
4.925
5.259
24.862
5.143
5.493
5.394
5.113
4.819
32.754
5.285
38.571
5.313
5.452
5.277
41.484
5.164
35.025
5.331
5.158
35.49
5.255
5.261
5.324
5.204
5.209
35.279
5.268
7.378
38.686
4.923
5.084
4.945
5.407
6.426
38.797
5.141
5.085
5.256
5.489
5.369
5.253
5.314
5.478
6.162
5.494
5.26
5.278
3.728
4.767
4.937
4.542
4.972
2.61
46.589
4.754
37.61
35.314
4.567
4.865
9.38
2.722
848.151
6.407
5.437
5.149
5.526
5.007
42.669
5.36
5.384
5.214
5.232
5.212
21.221
5.047
5.283
5.09
5.407
5.085
3.697
5.144
5.277
4.98
4.059
5.365
4.641
5.085
5.724
41.674
27.678
2.668
5.165
32.376
4.637
5.066
35.281
809.583
5.287
4.869
38.313
5.419
34.006
45.806
5.346
5.221
5.36
9.558
6.283
6.566
4.754
4.891
5.349
5.342
5.443
4.624
4.694
5.283
5.409
5.374
5.325
5.178
5.334
5.012
5.44
5.326
5.35
6.885
5.519
46.961
5.583
35.889
5.501
5.478
5.707
5.688
5.337
5.355
6.254
5.27
5.384
10.649
39.304
5.304
5.48
5.314
5.387
5.332
5.207
5.187
5.57
5.332
5.037
5.025
4.987
5.549
5.226
5.361
4.928
5.419
5.351
5.479
5.21
5.45
5.315
4.793
3.118
5.034
4.844
4.888
5.092
2.975
4.755
5.038
4.948
39.13
4.864
751.34
3.766
5.285
5.602
4.918
4.985
5.351
38.934
5.248
5.635
5.236
5.707
4.63
5.393
36.178
8.812
5.273
38.254
5.509
5.043
5.025
5.357
5.301
5.19
4.871
4.996
5.045
5.366
38.893
5.278
5.487
4.893
5.132
5.373
5.508
5.282
5.101
46.506
5.401
6.168
5.373
5.153
5.196
5.195
5.205
5.634
5.127
4.817
35.445
5.223
5.492
5.526
5.406
5.332
5.515
5.251
6.244
38.851
5.601
5.682
5.846
5.199
5.575
5.507
5.259
5.339
5.184
5.46
5.254
5.498
5.298
5.096
5.377
5.3
5.381
5.331
5.21
5.524
5.053
4.676
35.499
5.019
5.016
5.361
8.11
5.206
4.838
5.33
5.607
5.453
4.838
5.134
5.269
5.338
5.087
4.737
5.416
51.45
5.081
5.243
4.797
5.25
5.319
5.337
5.232
5.268
9.888
5.047
5.183
4.991
5.334
5.117
5.12
5.065
5.358
4.976
5.084
5.342
5.271
4.918
5.392
4.931
5.239
5.28
5.227
5.366
5.265
5.462
5.498
3.449
5.446
4.119
5.425
5.317
4.986
5.327
3.822
4.887
5.237
5.472
4.781
3.077
1154.709
5.191
4.779
4.538
4.01
1054.102
3.601
1135.194
5.357
5.02
5.387
5.185
5.22
4.905
5.048
5.319
5.121
5.187
5.265
1792.551
38.861
5.448
5.428
5.208
5.223
6.176
6.452
5.606
4.973
3.873
15.04
7.198
7.104
6.628
4.803
5.772
4.807
5.168
4.727
3.57
4.746
4.67
35.998
4.85
42.587
4.77
831.722
1148.084
3.946
5.341
4.718
5.086
5.746
3.407
5.103
4.672
5.813
5.526
5.209
5.247
5.306
5.062
10.364
5.519
5.195
5.109
32.955
5.125
4.538
5.47
5.01
4.86
4.964
4.476
32.371
5.36
4.99
5.03
5.003
38.638
38.631
5.123
5.24
4.867
38.601
4.99
5.232
5.322
5.281
4.851
38.735
5.292
5.321
5.216
32.168
4.73
38.733
5.263
5.016
5.25
5.594
5.372
5.351
5.144
5.305
5.311
5.169
5.202
38.296
5.141
35.844
51.59
5.19
5.252
5.444
5.516
5.101
26.11
4.688
5.342
5.334
5.181
4.69
35.612
5.261
5.168
5.303
5.351
5.17
5.274
9.187
5.318
5.235
5.422
38.546
4.87
5.003
5.081
4.732
4.741
4.847
5.335
4.934
4.748
5.397
38.735
10.565
4.768
38.759
5.089
4.909
5.239
4.764
4.891
4.903
4.826
5.351
5.267
4.955
5.199
2.965
2.94
50.575
29.796
4.679
4.771
35.21
25.55
3.461
2.988
3.153
4.669
4.428
35.103
22.127
816.047
4.424
2.582
4.41
5.071
5.069
39.203
5.191
5.255
25.086
5.66
5.203
5.071
5.178
5.299
6.443
5.284
38.997
1190.685
5.468
5.447
35.337
5.181
47.633
5.446
38.967
5.059
5.148
5.476
5.145
5.381
4.889
5.306
5.363
5.222
35.461
4.864
5.02
5.015
3.189
35.082
5.212
5.054
136.055
5.42
3.432
5.255
35.527
5.55
6.028
5.222
5.499
7.009
1150.987
6.923
6.58
6.899
5.569
5.455
40.482
5.797
5.225
5.114
6.979
5.493
5.251
39.847
5.214
36.343
5.24
5.285
4.752
5.24
4.956
5.285
36.813
4.331
5.253
5.102
5.367
5.192
4.031
5.407
5.343
5.205
5.223
3.756
5.289
5.679
5.088
5.116
3.954
4.847
4.733
4.775
4.839
999.711
3.227
4.693
32.84
5.166
4.699
4.904
5.372
3.055
5.127
32.707
5.427
5.021
4.755
35.486
5.993
5.198
5.184
4.969
2.647
5.232
5.262
4.71
5.375
109.509
5.492
4.731
35.219
38.742
5.072
5.362
4.811
4.8
5.065
27.037
4.633
39.127
5.006
4.758
5.064
5.284
5.092
5.229
38.822
5.228
38.72
5.131
5.142
39.04
5.091
4.763
2.961
4.737
4.89
2.821
2.789
33.05
2.715
4.525
5.212
35.198
3.07
39.065
2.447
4.595
763.376
5.385
4.868
3.159
2.923
4.369
4.428
4.39
3.14
2.528
4.555
4.528
5.568
5.326
4.54
5.235
38.65
5.591
5.628
35.309
4.947
44.411
5.476
5.624
4.933
10.025
5.346
4.422
5.262
5.512
4.826
5.032
5.433
42.937
5.357
5.419
5.35
32.636
5.952
4.882
4.948
35.378
5.24
4.552
4.748
4.829
4.332
5.006
5.16
5.235
4.711
4.852
4.444
4.843
38.763
38.419
5.314
4.722
4.841
38.665
5.047
38.61
46.511
39.564
34.092
5.278
5.17
4.505
24.938
28.154
5.091
31.89
5.173
4.956
5.38
7.22
5.0
35.589
5.364
5.121
4.226
34.91
40.972
5.703
37.281
5.261
5.105
5.324
5.07
5.181
4.294
36.569
38.825
5.442
5.471
35.398
5.355
5.063
4.701
4.524
5.194
5.699
5.192
5.38
4.776
5.135
4.426
4.397
4.555
5.045
4.848
7.618
7.653
5.276
4.96
5.002
5.405
5.051
4.725
5.263
5.526
4.979
33.94
5.201
4.899
5.264
5.491
5.414
5.396
5.402
5.441
5.074
5.198
5.226
6.505
8.474
5.389
5.441
5.442
5.987
5.302
5.466
35.405
5.315
5.815
4.062
4.005
5.474
5.563
3.978
4.261
4.868
5.373
5.224
3.997
4.105
4.055
5.364
5.527
5.418
5.158
1118.418
1171.354
3.663
1173.549
5.584
5.658
789.096
5.309
5.271
3.972
5.097
5.129
4.856
4.65
35.72
3.308
4.887
4.594
38.185
809.572
5.522
5.42
5.795
76.876
5.613
19.633
5.398
5.373
5.421
5.181
5.467
5.242
4.761
5.001
5.446
5.695
4.85
4.798
4.863
5.073
5.368
6.111
9.934
4.792
4.926
5.847
5.228
4.739
4.437
4.714
4.699
4.944
4.691
4.495
42.534
5.214
5.718
5.102
5.524
4.677
5.297
5.539
5.176
43.906
5.154
35.46
4.824
4.94
5.364
5.085
4.892
5.288
32.896
5.31
5.138
5.344
5.307
4.782
5.476
5.364
5.06
5.678
5.133
5.502
5.279
5.276
5.39
5.404
5.43
5.709
5.328
5.763
5.305
5.211
47.22
38.709
5.362
5.268
43.145
5.618
4.302
5.075
4.914
38.549
5.146
5.287
35.622
5.597
5.064
5.359
39.047
4.761
46.541
5.15
5.429
6.484
4.977
4.998
35.605
5.159
5.038
4.824
5.152
5.303
5.272
35.177
5.179
5.014
5.172
5.011
5.119
4.882
5.21
5.271
5.024
5.095
5.187
5.129
5.365
5.031
5.135
5.234
39.101
4.797
4.587
38.676
35.465
3.862
5.093
5.824
5.377
5.388
35.243
3.905
4.991
5.663
5.076
42.821
5.291
5.031
4.987
10.358
5.376
5.221
5.346
4.845
39.819
5.261
5.441
3.776
5.368
5.113
5.07
4.954
4.836
5.098
32.809
5.312
5.426
5.626
12.908
5.531
5.191
5.445
47.199
5.368
5.741
5.077
38.748
5.427
43.829
6.994
51.721
6.459
34.279
6.808
6.81
6.512
5.401
1144.836
5.447
5.427
5.5
4.895
1159.371
33.548
5.869
36.469
5.837
5.958
36.022
5.585
5.247
5.513
5.662
35.892
5.406
30.649
5.144
5.204
40.221
5.287
5.301
5.247
5.264
6.298
5.219
39.803
5.871
35.583
5.425
5.946
5.231
5.318
5.388
35.748
5.29
5.356
6.339
5.471
47.15
5.879
5.226
5.477
4.936
5.376
5.04
4.817
4.919
4.899
5.355
5.294
5.374
5.232
4.946
5.198
5.288
4.978
5.287
5.208
5.336
39.054
5.27
5.262
5.173
51.319
5.165
5.336
5.255
5.255
5.17
4.941
5.097
5.396
5.268
5.155
4.774
5.356
5.195
5.264
5.27
5.242
5.196
5.311
5.323
5.358
5.119
5.306
5.286
5.185
5.281
5.158
5.067
5.285
5.333
5.44
35.464
5.48
33.138
5.292
5.312
5.225
5.474
5.32
5.267
5.296
38.546
5.23
5.258
5.13
5.2
5.496
5.16
39.582
5.328
5.408
5.175
5.206
5.297
38.695
5.179
10.498
5.216
5.247
5.08
5.719
38.848
5.446
38.801
5.28
5.377
5.256
38.63
5.072
5.134
38.58
5.379
5.371
5.347
38.963
5.395
4.928
5.114
5.36
5.403
39.071
5.408
5.211
5.246
5.42
5.653
5.477
35.626
4.802
6.258
5.427
5.197
5.377
5.83
38.775
1140.547
35.892
46.776
5.659
5.466
4.978
1143.973
5.382
4.958
5.611
5.425
5.358
5.356
5.442
39.101
5.652
35.675
1158.308
5.762
35.719
5.769
34.121
39.126
27.673
34.882
3.715
5.317
21.189
4.648
4.719
5.198
5.012
5.37
4.883
5.484
5.266
5.569
22.703
5.123
5.045
5.266
5.215
4.687
5.165
5.414
5.021
5.044
5.232
4.623
5.0
5.584
5.711
31.127
5.25
89.732
5.514
5.079
5.272
5.608
5.32
5.302
5.327
5.3
4.631
24.649
38.559
5.168
4.688
5.013
4.911
5.061
4.813
4.764
4.504
797.155
787.246
752.426
5.236
5.429
5.329
5.13
4.81
5.115
4.602
4.539
4.26
4.53
4.277
4.371
4.432
4.191
4.94
4.71
4.778
4.667
4.554
3.945
4.547
767.695
4.468
5.041
4.524
5.35
5.289
5.078
5.26
5.262
4.908
5.308
5.229
5.352
5.255
4.869
5.147
5.219
5.138
5.249
6.136
2.798
4.79
5.029
4.51
4.824
4.748
4.429
4.544
4.514
4.209
4.571
4.733
4.833
4.513
4.283
753.403
4.942
4.47
5.231
4.704
4.739
4.5
4.726
4.904
4.468
4.448
4.646
754.214
4.46
4.895
5.247
4.774
5.444
5.17
5.217
5.228
5.872
5.042
5.238
5.269
4.773
4.096
5.252
4.602
4.811
38.373
4.522
748.339
749.008
764.487
5.981
6.002
43.199
5.336
5.614
36.804
28.223
5.417
5.753
5.144
5.331
5.156
5.024
5.118
5.235
35.252
5.242
5.239
5.296
4.978
4.859
5.285
5.124
5.03
9.943
4.942
5.013
5.062
5.249
5.186
5.268
4.816
5.241
4.929
5.156
4.887
5.159
5.137
4.924
5.195
5.232
4.774
5.184
4.777
4.919
4.768
4.741
4.819
5.141
35.829
5.25
5.345
5.338
4.794
38.668
5.278
36.707
5.214
5.318
39.131
4.918
5.086
5.283
5.418
7.962
5.055
4.852
5.681
35.632
5.315
5.141
5.387
5.32
40.678
5.524
5.12
4.895
66.071
4.908
5.44
5.477
35.408
34.285
5.033
4.855
26.353
7.25
5.189
5.314
4.893
5.13
4.87
5.098
5.334
5.044
5.255
5.376
5.276
5.242
30.507
5.291
5.525
5.23
5.2
5.201
5.109
5.231
5.24
4.705
5.15
5.171
5.387
5.822
5.095
5.424
5.154
5.131
12.195
38.812
5.311
5.236
5.342
5.327
5.14
5.198
43.12
5.691
5.741
5.744
5.405
5.156
5.313
5.596
5.115
5.082
5.414
6.703
5.269
4.989
5.224
5.225
5.307
5.374
5.121
2.569
4.385
35.517
5.25
5.355
5.169
5.444
5.408
5.239
5.338
38.742
5.88
5.263
5.362
5.093
38.679
10.164
5.07
5.18
4.617
5.369
35.278
5.283
5.292
38.651
5.456
5.236
5.178
5.099
5.157
5.258
35.438
5.241
5.192
5.239
5.0
5.131
5.263
5.146
5.242
4.988
5.416
5.466
5.162
39.335
5.498
5.209
3.179
38.625
5.106
41.503
5.076
5.554
5.297
5.218
4.996
29.993
5.27
5.25
4.908
4.949
5.244
5.288
38.816
5.334
5.028
5.326
5.323
4.725
38.591
5.544
5.387
38.357
5.155
35.237
5.212
5.338
5.28
4.967
35.355
5.246
5.243
5.266
5.464
5.179
5.273
5.279
5.332
35.582
5.764
5.346
5.232
10.908
38.224
5.413
5.292
5.291
38.509
5.254
5.207
5.209
4.999
5.273
5.254
5.277
5.31
5.165
5.225
35.425
37.387
5.192
5.399
5.293
5.11
5.279
5.279
30.242
5.484
33.657
5.403
5.146
5.059
5.212
5.268
5.235
5.193
5.188
5.155
5.204
5.206
5.125
5.196
5.11
5.209
25.083
4.744
5.192
5.614
5.716
5.331
5.701
45.32
5.551
5.594
5.779
5.786
32.73
5.094
5.763
5.909
5.635
35.507
4.764
5.121
24.567
5.972
5.067
4.99
69.46
1221.807
5.301
5.352
5.177
5.484
5.06
5.012
5.043
5.146
5.309
5.154
4.495
4.988
4.986
5.368
5.587
2.766
5.345
4.872
4.921
4.628
4.748
4.608
5.247
4.935
4.873
35.269
35.354
25.712
4.87
5.042
3.054
1125.135
6.426
7.614
7.436
1142.443
28.688
7.339
5.193
5.681
4.613
4.871
4.922
4.783
4.759
3.322
5.483
28.191
4.593
4.495
34.461
4.689
33.018
4.356
4.959
4.992
4.803
4.551
4.707
4.522
4593.626
4.341
4.378
4.875
4.717
5.029
5.134
5.161
5.338
5.256
5.162
5.042
5.321
5.271
5.06
5.075
4.833
5.286
5.194
5.309
4.936
5.049
5.209
5.253
3.699
5.11
5.503
5.213
5.017
4.705
4.355
4.507
4.734
26.597
4.887
4.735
4.324
4.28
4.35
4.233
7.023
4.756
9.0
4.96
779.173
5.089
4.542
4.904
4.912
1146.266
5.132
4.92
4.946
5.204
4.996
4.903
4.951
6.853
4.24
4.322
4.444
4.655
4.418
4.768
4.932
5.004
1718.752
4.791
4.809
5.032
5.229
4.848
4.651
4.572
4.613
5.268
766.146
3.971
5.072
4.56
5.072
4.745
2.919
4.628
4.671
5.249
1132.749
773.352
5.352
3.684
4.716
5.391
950.652
5.564
4.675
2.891
4.954
5.335
4.98
5.3
5.113
4.644
5.344
4.851
5.309
4.782
5.116
5.36
5.245
4.996
1748.923
5.422
5.048
5.359
4.863
4.921
5.235
4.591
5.496
5.324
4.949
5.063
4.985
5.269
42.43
5.185
5.155
5.025
5.164
5.126
4.916
5.109
5.254
5.133
4.817
5.281
5.08
5.706
4.695
4.436
4.414
4.881
4.904
4.669
4.892
5.01
4.722
35.343
4.399
4.771
4.276
4.703
4.426
765.672
4.545
39.207
5.674
5.231
4.759
4.677
5.063
4.99
5.295
4.883
4.844
5.072
4.606
5.028
35.678
752.756
4.736
5.216
4.92
5.271
86.091
4.83
38.723
5.155
1167.856
5.626
38.698
5.274
5.627
5.567
5.123
51.401
5.317
5.085
5.06
5.095
5.305
4.889
5.28
5.251
30.833
5.896
5.994
6.112
38.792
4.888
34.851
5.301
29.405
6.955
4.929
5.86
5.546
5.142
5.406
4.976
4.702
5.012
4.417
4.923
5.024
24.179
5.436
5.616
6.019
5.667
5.739
6.129
5.639
5.292
5.27
5.037
9.731
5.112
5.948
5.565
5.363
5.233
5.104
46.711
5.02
5.094
5.184
4.988
5.317
5.801
5.2
4.738
4.691
4.916
5.374
4.936
4.828
5.635
4.789
4.965
5.125
4.835
4.961
5.198
5.081
4.958
5.037
4.799
38.904
5.177
38.79
33.463
5.268
5.218
5.182
5.031
6.361
11.602
29.992
6.794
32.329
6.252
6.11
5.857
6.185
4.852
32.337
5.024
38.546
5.187
4.529
5.01
4.777
4.911
5.048
4.987
35.591
34.641
5.49
5.814
4.941
5.147
26.242
5.283
5.163
5.089
35.207
34.65
5.022
5.252
31.263
28.239
5.257
5.119
35.346
5.393
5.61
5.431
5.42
5.171
5.49
6.476
5.231
5.788
32.714
5.252
5.599
38.289
5.395
6.612
5.838
5.446
5.092
5.196
32.97
5.333
5.458
5.046
5.235
4.742
5.074
5.129
38.835
5.46
5.174
5.252
5.424
35.246
37.517
5.601
5.298
5.302
25.143
5.1
32.741
5.045
7.609
6.037
5.948
4.943
5.954
32.792
5.415
5.444
5.415
4.919
5.317
5.289
5.256
5.247
35.318
5.143
5.088
5.393
5.21
5.299
5.255
38.594
5.546
5.593
38.44
5.194
5.216
5.042
5.262
5.216
5.018
8.781
5.276
6.455
5.108
5.324
5.447
5.192
5.28
5.242
4.976
5.041
5.331
4.823
5.1
5.416
5.168
5.281
5.224
5.145
4.916
5.0
5.128
4.89
5.3
5.157
4.906
5.003
4.625
4.76
4.937
5.021
5.24
5.151
5.47
4.991
5.142
5.163
5.183
5.305
5.139
5.101
5.385
5.091
5.153
5.174
5.116
5.118
5.173
5.074
5.066
1170.653
1133.935
7.673
5.408
4.858
5.232
5.283
5.106
5.317
5.229
5.185
4.931
5.165
4.829
5.112
5.122
5.198
4.917
5.18
5.124
4.568
5.145
6.589
5.134
4.945
5.136
5.116
5.033
5.018
5.173
5.29
5.127
4.837
4.312
5.128
5.169
5.154
4.884
5.054
5.083
5.162
5.072
5.36
8.587
4.904
5.035
4.972
5.062
48.256
5.248
5.627
5.174
828.176
4.877
5.232
4.564
5.144
5.036
5.094
4.923
5.253
19.051
4.995
5.024
4.916
5.104
1129.177
5.36
5.328
5.18
5.04
5.066
4.982
5.212
5.211
4.932
5.005
4.479
6.251
5.117
5.071
4.737
5.103
4.985
5.164
5.102
5.079
4.711
5.114
5.16
5.961
5.123
5.197
33.205
5.028
4.793
5.167
35.009
4.446
4.933
4.943
4.83
5.1
5.073
5.382
5.053
5.057
5.088
5.048
5.24
35.39
5.197
5.11
4.979
5.147
5.482
5.22
5.428
38.897
5.086
5.194
4.95
4.734
4.851
5.098
5.119
4.626
4.616
4.821
4.879
4.332
4.237
5.08
41.816
4.546
47.674
4.746
4.62
4.215
4.435
4.186
771.689
5.049
5.138
4.622
25.699
4.895
4.678
35.279
4.982
29.811
5.018
825.825
5.293
4.805
4.801
39.683
5.053
5.028
44.04
5.233
1225.66
39.119
5.257
47.025
5.353
4.989
46.062
4.951
4.534
4.724
4.231
1242.36
5.099
42.418
38.966
4.743
37.829
5.145
4.309
766.713
4.808
4.463
4.626
4.863
4.57
4.891
4.349
4.411
4.028
4.075
4.978
4.728
5.185
5.066
5.149
5.062
4.669
4.704
4.696
4.627
4.793
4.734
4.372
4.331
4.925
4.435
4.179
4.356
11.953
45.881
34.548
4.435
35.804
4.541
4.713
771.004
5.295
4.742
4.763
38.638
5.131
4.905
28.121
38.421
5.277
35.305
5.274
5.581
1167.578
5.45
35.915
38.854
5.317
5.088
5.278
5.389
35.652
38.587
5.399
45.963
5.513
5.319
5.334
5.536
4.995
5.196
5.139
35.373
35.509
5.197
5.063
38.068
5.214
5.121
4.891
4.217
38.288
5.053
5.546
5.1
5.17
5.333
5.038
28.49
4.884
11.862
7.102
7.097
6.601
6.066
5.335
5.155
5.1
4.978
5.131
5.18
5.064
5.139
5.031
5.148
5.191
5.005
4.922
4.736
43.121
5.121
5.058
4.616
25.63
4.797
4.456
4.612
4.608
4.494
4.788
4.724
4.564
4.715
4.786
4.78
4.734
4.729
775.42
32.423
4.607
5.134
4.714
4.972
5.097
5.06
18.02
4.719
5.208
5.128
5.043
5.193
5.151
5.279
4.78
5.142
5.036
5.121
4.646
4.786
5.605
4.463
4.614
4.686
4.377
4.211
4.416
4.29
4.673
4.608
4.826
23.519
4.646
4.409
748.402
4.967
4.86
4.965
4.68
4.757
5.367
5.815
5.178
5.154
5.142
5.199
5.165
5.005
5.093
5.2
4.556
4.812
4.705
4.653
4.731
4.478
4.65
4.729
4.451
4.849
4.596
4.222
4.442
4.661
4.612
4.684
755.89
5.164
5.143
5.341
5.174
6.128
5.092
4.927
5.0
35.483
32.772
5.205
5.231
5.35
5.161
5.235
4.93
5.204
5.183
5.004
5.105
5.117
5.2
5.158
5.045
5.231
5.198
5.241
6.272
5.092
5.138
5.042
5.205
5.183
38.594
5.125
4.621
4.961
5.092
5.202
5.117
5.214
5.165
5.156
5.114
38.789
4.919
5.15
5.137
5.12
5.227
5.119
5.165
5.138
5.042
4.649
88.758
5.051
4.986
5.194
5.087
38.669
4.941
5.098
5.182
5.126
5.053
5.226
38.766
5.266
5.139
4.781
4.97
4.486
4.575
4.219
4.073
4.282
4.554
1166.044
4.883
4.741
4.683
38.193
4.752
4.985
4.117
774.29
5.322
4.894
5.348
47.005
5.131
38.809
4.8
5.165
4.978
5.291
5.22
5.026
5.21
4.77
5.21
5.144
5.093
5.124
5.255
5.238
4.921
5.151
5.063
5.178
5.215
5.165
5.116
5.156
5.054
5.018
5.094
4.746
5.092
42.006
5.239
5.116
5.097
4.884
5.122
5.111
5.467
4.982
5.252
5.373
5.088
5.402
5.0
1123.174
1144.631
5.53
5.708
5.418
10.173
5.182
5.101
4.702
5.238
5.298
5.023
5.003
4.958
5.093
4.813
4.771
5.323
4.769
5.05
4.891
4.688
4.729
4.73
764.599
4.984
38.32
4.994
4.841
4.795
4.472
5.337
35.404
5.271
4.991
5.246
4.94
5.23
5.498
5.168
5.112
5.059
35.392
38.557
5.273
5.343
5.058
5.142
5.054
5.228
28.227
5.416
4.925
5.271
4.946
38.864
5.209
38.707
5.123
5.289
5.366
42.554
5.017
4.962
5.248
4.964
5.437
35.094
4.707
5.163
35.5
5.156
5.155
5.217
5.225
5.141
5.108
5.12
5.099
5.08
5.261
38.726
5.291
5.135
5.041
5.008
5.206
5.098
4.728
4.739
5.128
5.202
5.138
5.132
4.889
5.069
5.111
5.356
5.0
6.272
4.918
38.811
4.931
5.186
5.097
5.094
5.158
5.039
5.178
5.089
5.069
8.473
5.131
5.42
4.958
5.084
38.688
5.023
5.1
5.126
5.113
5.073
5.076
46.751
5.141
5.138
5.009
38.296
5.106
5.461
5.129
5.169
5.091
4.959
4.94
10.303
5.111
5.098
5.294
5.149
5.126
5.14
4.972
5.045
5.073
5.087
5.103
4.909
5.152
32.78
5.107
5.086
5.063
5.078
5.175
4.882
5.176
5.509
5.036
5.966
5.021
5.232
5.117
4.924
5.279
5.012
4.694
5.232
5.098
5.075
5.135
5.201
4.986
4.958
10.05
5.003
5.037
4.829
5.082
5.112
5.186
5.03
5.129
38.334
4.94
5.04
5.124
5.139
5.111
5.09
4.922
4.586
5.242
5.216
1128.54
38.762
5.17
5.435
5.259
5.469
5.54
5.018
5.193
1133.002
5.304
5.24
5.138
4.889
38.74
5.179
5.096
5.248
4.911
4.905
38.54
5.286
5.606
5.074
5.598
4.669
38.476
5.183
4.964
4.834
5.125
4.945
5.384
5.271
4.862
5.217
5.168
5.182
5.366
5.235
5.24
5.117
5.124
5.015
5.122
4.896
4.945
5.111
5.12
5.177
5.0
4.921
4.676
4.834
5.022
4.977
4.945
4.737
5.343
5.179
4.799
4.557
4.71
4.708
4.729
4.514
4.38
4.31
4.38
816.413
5.101
5.188
4.37
4.673
4.607
4.524
4.395
5.036
4.444
4.444
4.105
4.085
4.288
763.225
4.111
4.733
4.238
4.94
4.494
4.714
4.696
4.601
4.452
4.702
4.494
4.17
739.186
5.02
4.663
4.751
4.427
46.365
5.017
4.464
4.714
4.824
5.846
37.969
4.671
4.54
41.806
4.596
764.024
7.11
5.033
35.952
4.684
4.971
4.747
4.885
4.744
4.598
4.426
766.068
4.325
4.513
4.549
46.95
4.732
5.073
5.17
5.087
5.259
5.413
5.563
5.068
5.034
5.19
4.696
5.216
5.2
5.341
11.417
7.144
5.652
5.161
5.26
5.565
50.689
5.208
4.886
38.974
5.048
5.186
5.156
5.111
5.181
4.964
5.184
5.133
4.982
5.044
5.196
5.088
4.818
4.978
5.175
5.256
5.13
5.29
5.11
5.069
5.208
5.342
5.193
5.485
5.195
5.183
5.168
5.188
5.519
6.304
5.255
5.128
4.99
5.346
5.187
5.165
5.128
4.806
5.268
5.139
6.045
5.173
5.12
5.444
5.189
25.785
5.124
5.432
5.369
5.139
5.254
5.0
4.916
5.186
5.153
5.018
5.124
5.043
32.643
5.295
5.108
5.294
10.8
4.234
6.498
6.599
6.578
5.225
4.877
5.164
5.239
5.241
4.814
4.856
4.752
4.803
4.7
4.643
4.93
4.422
4.263
39.768
39.488
4.684
4.647
4.312
754.293
4.922
5.243
46.808
36.752
40.963
5.639
5.977
4.959
4.918
25.643
5.104
5.16
5.17
4.865
4.974
2.956
5.083
4.91
38.334
5.05
4.873
5.042
5.055
5.161
5.097
26.734
5.072
5.111
5.338
5.041
3.023
4.68
4.639
5.384
5.092
4.817
4.97
5.167
4.963
4.95
5.068
5.023
4.842
4.947
4.937
5.095
4.814
4.459
4.592
4.923
4.504
4.52
4.817
4.336
4.02
4.831
4.616
3.403
4.803
4.417
762.515
1126.629
26.986
5.312
4.923
5.144
5.045
4.857
4.988
4.95
5.059
2.056
5.524
5.456
3.163
4.572
5.263
1105.971
5.022
38.723
4.343
38.539
4.634
4.524
4.468
4.874
4.478
4.071
29.676
4.417
4.674
4.901
4.364
4.61
4.462
4.202
5.706
4.124
794.617
5.066
4.697
4.977
38.671
5.03
5.203
5.043
38.756
5.019
5.084
38.594
5.149
38.624
5.103
5.372
5.09
5.166
5.066
5.058
5.054
4.991
5.179
5.139
5.196
3.403
4.82
5.357
4.757
5.137
4.73
4.896
6.767
11.855
39.253
35.491
5.316
5.16
5.427
5.435
38.71
4.875
5.278
5.277
5.054
5.198
5.127
5.303
5.096
38.915
4.537
5.155
9.502
9.826
5.196
4.674
5.119
5.072
5.092
5.108
5.173
7.741
5.052
5.029
5.169
28.458
5.156
3.485
4.946
4.431
5.173
4.976
5.233
5.081
4.937
5.131
4.84
5.006
4.653
4.35
5.037
4.987
4.978
4.499
4.725
5.232
4.851
5.364
5.059
1154.512
4.905
5.335
4.611
5.566
5.134
4.484
5.455
5.046
5.532
5.196
4.398
5.472
4.629
5.283
5.34
5.351
5.279
5.129
4.994
5.272
38.831
5.049
1136.555
6.799
7.009
5.54
43.435
5.624
39.137
5.085
4.88
5.057
4.962
4.837
41.691
4.795
5.209
19.19
4.896
5.026
5.275
4.974
5.089
4.709
4.82
5.012
4.993
5.168
4.893
5.023
5.121
5.011
4.982
5.053
5.035
5.037
5.041
5.098
4.706
5.16
32.789
5.166
5.199
5.029
4.807
5.249
5.161
35.829
5.018
5.357
38.626
5.021
4.853
5.012
5.036
5.066
4.811
5.066
4.988
14.081
6.171
7.186
40.808
6.851
7.074
5.701
5.966
5.216
1131.627
5.441
5.409
5.347
5.171
4.963
5.096
5.105
5.109
5.022
5.094
46.829
5.149
5.197
47.392
47.182
5.069
5.198
5.186
23.774
5.177
5.061
5.131
5.113
4.847
5.142
5.01
5.095
4.136
5.089
5.178
5.125
5.12
4.738
4.982
5.188
5.477
5.337
5.085
4.85
5.039
5.039
5.004
5.0
5.029
5.169
5.106
5.439
30.266
5.264
5.07
5.161
5.055
5.151
35.466
5.161
5.109
5.187
5.109
5.189
3.791
5.047
5.119
5.135
5.179
4.896
5.415
5.202
5.535
5.209
5.084
5.123
5.085
5.102
5.098
32.705
5.571
5.377
3.191
5.101
5.15
5.093
5.176
3.212
5.146
5.183
5.013
5.174
5.103
5.088
5.084
5.08
5.176
5.117
5.33
5.144
5.064
5.12
5.457
4.927
5.268
5.305
5.19
5.516
5.45
5.676
38.797
5.146
5.098
5.108
5.121
5.219
4.967
5.05
5.247
4.958
5.105
13.651
5.045
5.719
4.97
5.165
5.283
5.187
5.298
5.126
5.304
4.739
5.375
5.428
5.141
5.02
4.941
5.331
5.254
5.286
5.11
5.218
5.137
5.254
5.517
5.043
5.151
4.417
5.28
5.164
5.199
4.868
5.568
4.075
5.317
4.911
5.325
38.798
5.148
5.28
5.273
4.801
4.965
39.052
5.308
5.337
5.114
6.134
6.846
5.34
5.331
5.29
4.993
5.214
5.34
5.134
5.259
46.662
5.108
5.157
5.22
5.066
5.067
4.824
38.756
4.892
5.511
4.881
5.096
1122.333
5.209
5.142
5.407
5.841
5.604
5.359
4.965
5.08
5.27
5.439
5.193
6.248
5.11
4.985
5.229
4.984
4.991
5.13
5.049
4.943
5.016
4.968
4.938
5.655
5.353
5.138
5.097
5.04
5.907
5.322
4.938
5.044
5.05
5.09
5.187
5.025
4.908
4.885
5.272
39.052
5.197
5.092
50.484
4.983
5.048
5.094
5.18
5.064
5.225
1120.875
5.201
5.122
5.189
42.305
38.702
4.654
5.129
35.389
4.837
5.103
5.062
4.96
4.673
4.938
1153.268
35.585
4.922
43.236
5.345
4.611
38.972
38.59
5.096
5.312
4.999
5.102
4.95
4.738
4.959
38.651
4.817
4.998
5.147
4.675
10.022
4.669
4.98
4.817
4.384
4.863
4.75
5.33
35.353
4.962
5.092
5.202
5.25
5.738
35.562
4.922
4.653
5.069
38.622
5.222
4.917
4.939
38.685
38.356
5.044
4.837
5.154
5.235
4.942
4.859
4.847
5.094
5.121
38.705
4.875
5.171
4.823
5.016
4.862
5.051
4.906
4.909
4.996
4.492
4.05
38.164
38.167
4.316
4.395
4.268
5.075
4.678
38.137
4.473
1123.534
4.786
4.8
4.879
4.008
4.702
4.068
4.441
764.379
4.708
4.519
4.728
4.133
38.474
4.683
5.448
5.104
5.128
5.052
5.019
5.234
42.891
5.319
6.88
6.65
28.112
4.242
4.373
4.504
4.249
4.22
4.563
934.995
39.127
5.09
46.641
5.226
5.095
4.751
4.86
5.312
21.344
5.403
5.045
5.036
5.061
5.069
5.14
4.819
4.975
4.82
5.204
5.118
6.066
4.827
4.897
5.761
46.033
4.944
5.177
5.069
38.546
4.943
5.028
5.13
5.148
5.068
5.06
4.83
4.726
4.72
5.092
39.737
5.119
5.031
5.3
5.001
4.92
5.311
4.797
5.063
5.025
4.922
5.174
5.037
6.34
5.105
5.067
49.827
5.368
5.311
5.219
5.138
5.074
4.962
5.13
5.103
4.718
5.056
5.142
4.833
38.444
5.17
5.224
4.555
4.706
5.134
4.966
5.028
35.347
4.729
4.819
5.363
5.45
5.09
4.908
35.332
5.132
9.83
5.171
4.94
5.128
5.003
5.016
5.028
5.121
4.666
4.245
4.966
4.807
4.574
46.965
4.978
4.963
5.218
5.108
5.17
5.934
5.227
38.487
5.302
4.997
6.057
5.108
5.113
5.122
5.196
5.141
5.105
5.113
5.139
5.152
3.793
4.742
4.965
4.956
5.336
6.769
5.113
5.185
5.149
5.021
4.963
5.115
5.338
5.547
4.563
5.159
5.082
4.725
5.155
5.227
39.316
5.289
5.079
5.558
38.835
5.01
4.955
5.072
5.093
5.2
5.188
5.203
5.095
35.711
5.096
5.125
5.1
4.975
5.334
5.119
5.165
4.855
5.377
5.272
5.156
5.869
4.838
5.195
5.156
4.903
5.124
5.159
6.952
4.987
5.044
5.299
5.273
5.193
5.271
5.165
5.297
5.166
5.388
4.707
5.307
5.032
4.984
5.213
5.231
5.187
5.186
38.729
5.061
5.325
39.04
47.253
4.936
4.944
5.33
5.25
5.224
5.374
4.669
5.201
5.314
6.478
5.25
5.173
6.634
5.492
5.451
5.788
5.162
38.874
5.457
5.238
5.782
5.422
4.834
5.052
5.286
38.853
5.106
5.213
5.162
5.285
5.3
5.502
5.235
5.007
5.295
5.157
5.091
39.021
5.155
5.345
38.651
5.183
5.231
5.073
38.548
5.069
5.124
5.223
42.881
5.345
5.288
4.933
39.173
4.955
5.103
38.919
6.155
6.771
6.727
37.08
5.157
5.35
5.181
5.076
5.237
5.178
4.894
5.148
5.083
5.18
5.082
4.994
4.946
5.291
5.147
5.153
5.341
5.437
23.154
4.9
5.651
5.061
5.43
5.126
5.086
4.898
4.823
5.112
5.358
5.115
4.758
14.781
5.215
4.938
5.038
5.238
5.027
5.121
5.141
5.021
4.596
5.059
5.271
38.815
5.352
41.459
38.987
5.272
5.372
4.993
5.403
5.287
5.218
5.087
5.172
5.319
4.664
5.049
4.97
6.648
6.468
1151.768
6.287
6.389
6.232
4.57
4.293
1168.578
4.283
4.098
4.435
4.234
4.415
4.822
4.235
4.755
5.025
1682.119
4.518
4.236
4.303
4.538
4.78
4.475
33.487
4.703
4.897
4.708
4.574
4.394
4.387
4.296
4.419
4.64
4.516
4.26
4.1
4.496
756.456
5.435
1126.434
5.38
40.906
5.153
5.136
4.869
95.899
5.059
4.724
4.511
4.977
5.125
4.99
5.038
4.911
5.009
5.002
5.056
4.96
5.135
5.023
4.964
5.057
5.047
4.852
4.799
5.179
5.08
5.206
5.123
4.89
5.15
5.043
4.918
5.257
5.15
5.304
5.304
5.162
5.311
40.249
5.669
5.368
5.231
4.746
799.452
5.323
4.928
4.668
35.039
4.589
4.141
4.486
4.187
31.7
4.338
4.748
4.597
4.492
762.116
5.178
4.61
4.954
5.199
5.308
4.918
4.967
4.489
4.816
4.815
4.989
4.813
4.651
5.001
4.868
4.985
5.048
4.939
5.194
4.959
32.907
5.2
4.6
5.019
4.881
5.102
5.054
4.813
4.727
4.566
38.191
38.112
38.446
45.563
841.991
5.132
5.083
4.84
38.816
4.757
5.168
4.548
4.836
4.556
4.946
4.402
4.48
38.514
4.496
4.223
34.913
4.876
4.423
4.657
5.069
4.306
5.035
4.426
728.699
4.404
38.81
38.902
5.283
5.152
5.013
4.643
6.283
4.879
4.742
4.93
5.09
5.031
4.986
4.973
5.068
5.11
42.357
4.999
4.819
4.786
4.777
5.109
4.905
4.761
4.986
4.985
4.983
35.435
4.923
38.705
4.982
5.133
4.725
4.849
5.057
4.307
4.493
4.181
4.536
4.653
4.606
4.726
35.036
4.561
759.492
4.619
4.506
9.637
4.401
4.477
4.698
4.659
4.537
4.313
3.996
4.09
4.142
1127.526
4.982
4.338
4.388
4.57
4.473
4.424
4.165
4.224
4.582
760.908
5.049
38.603
5.196
4.847
4.755
6.101
4.997
4.946
4.797
4.66
4.83
4.77
4.875
4.714
4.813
4.922
4.965
4.971
4.756
4.921
4.894
4.804
5.076
4.997
4.378
4.774
3.964
4.515
4.363
4.245
4.653
4.278
4.728
4.403
4.392
4.818
4.671
4.199
748.15
4.725
4.685
4.18
4.87
4.996
5.008
4.881
4.684
4.91
4.948
4.738
38.587
4.943
4.808
4.974
4.805
5.164
5.043
4.995
4.841
38.615
5.011
12.023
38.504
4.912
4.982
5.092
4.828
4.955
4.944
4.746
42.538
4.918
4.888
4.856
5.072
4.743
38.595
5.097
5.241
5.664
5.746
6.067
5.16
5.229
38.867
35.349
4.902
5.826
5.056
4.705
4.768
4.857
4.981
4.697
4.973
38.456
5.033
5.192
38.502
5.024
4.85
5.189
5.158
4.721
5.001
5.093
4.162
38.601
4.99
4.717
5.21
4.868
4.934
4.816
4.276
4.225
4.186
4.477
4.483
4.172
4.441
8.611
4.219
4.413
4.327
4.611
4.529
4.417
4.556
4.678
4.69
4.253
785.885
4.847
4.882
38.566
4.528
4.937
4.379
5.156
4.843
4.803
4.929
38.653
5.093
4.955
4.935
4.886
4.682
4.745
4.798
4.93
4.853
5.126
4.963
4.889
4.883
4.904
4.945
4.795
4.825
4.743
5.001
4.855
38.257
4.973
5.232
4.992
35.38
5.035
5.005
5.113
4.747
46.862
5.096
38.418
4.857
4.859
40.637
4.94
46.542
4.951
37.95
4.896
7.217
4.869
5.025
4.999
4.78
4.88
4.969
5.018
4.759
5.602
4.91
4.762
35.409
42.019
5.292
38.877
4.881
5.206
4.919
4.942
5.025
4.928
4.867
4.877
4.931
38.607
5.082
5.005
4.958
4.938
38.349
4.861
44.718
5.039
5.025
38.704
5.052
4.902
4.781
4.916
5.051
42.827
5.196
6.533
4.945
4.993
32.473
5.017
38.147
5.098
34.958
5.063
5.105
4.886
4.775
4.975
5.044
5.091
4.984
4.947
5.099
5.104
5.02
38.413
5.012
5.075
5.002
4.959
4.94
5.049
4.993
38.324
4.986
4.925
4.894
5.015
38.532
5.235
5.058
5.063
5.073
38.657
5.212
5.027
38.607
5.037
5.229
4.86
5.073
5.083
5.052
4.999
4.892
5.253
4.915
5.144
4.966
4.992
4.88
38.414
5.108
5.331
5.364
4.971
5.148
5.044
4.963
4.959
5.044
5.054
5.177
4.983
5.077
10.139
4.912
4.913
1126.496
5.186
4.847
4.503
4.513
4.661
4.545
4.518
4.579
4.822
4.641
4.709
4.768
4.7
725.985
2.982
4.453
4.428
5.257
5.003
4.99
5.333
5.078
4.771
4.862
5.101
4.85
5.279
5.297
4.879
4.872
5.04
5.003
5.045
4.946
4.938
5.286
4.954
4.334
4.595
4.709
4.544
4.548
4.89
4.624
4.238
4.866
4.179
4.424
4.749
4.54
4.195
748.889
5.126
5.369
5.057
5.192
5.127
5.06
5.124
5.237
1162.307
4.701
5.213
5.326
5.138
5.396
5.251
9.737
5.034
5.135
4.833
5.121
5.231
4.841
5.075
5.091
5.042
5.03
5.087
5.019
5.025
5.172
4.926
4.839
4.946
4.953
5.032
4.95
4.952
38.517
8.915
35.047
4.507
4.679
4.982
5.106
4.947
4.788
4.897
4.853
4.938
5.091
4.949
4.749
4.922
4.832
4.892
4.79
4.925
5.385
4.953
5.013
4.973
4.897
5.141
4.82
4.794
4.949
4.702
4.988
4.921
5.005
4.975
4.919
4.851
4.96
4.829
4.987
6.183
5.081
4.965
4.692
4.957
5.267
5.118
5.316
4.822
4.973
5.169
4.999
15.426
6.037
5.244
5.383
5.181
4.809
5.031
5.058
4.898
5.077
5.058
4.844
5.007
5.011
5.018
6.082
5.119
5.058
5.002
4.886
4.995
4.734
5.087
5.043
4.971
4.717
41.828
4.946
4.642
4.963
5.046
4.994
4.916
5.14
5.017
5.248
5.006
5.218
5.009
5.064
4.876
5.052
5.099
5.065
5.021
4.63
5.247
4.99
5.155
4.983
5.069
5.138
5.106
4.856
5.072
5.076
5.087
5.089
10.267
5.134
5.421
5.091
5.119
5.025
4.882
5.153
5.025
4.893
5.06
4.988
5.028
5.014
5.042
38.603
4.974
5.202
5.076
5.069
5.151
5.02
5.006
4.967
5.046
5.078
5.058
5.07
4.897
5.007
4.925
4.991
5.117
5.156
4.978
5.125
4.967
5.23
4.727
4.94
5.008
5.062
38.629
4.633
6.158
4.852
5.116
4.971
5.104
5.087
5.078
5.034
4.942
4.971
5.047
32.69
4.962
4.979
5.059
4.938
5.097
4.984
5.042
4.796
4.716
5.083
4.735
4.908
5.027
5.039
4.941
4.793
5.1
5.056
5.054
4.884
4.992
4.926
5.05
5.089
4.909
5.096
11.107
4.988
6.177
4.918
41.916
5.283
5.3
5.276
6.215
4.995
4.899
4.922
5.052
4.953
5.035
5.172
38.611
5.014
5.209
4.643
4.778
4.77
5.227
4.562
4.974
5.04
5.091
4.948
4.844
4.851
5.003
5.023
5.128
5.509
5.039
4.989
5.03
4.943
4.895
4.913
4.939
5.215
5.012
5.069
4.883
4.827
4.986
5.052
5.096
4.952
4.994
5.048
4.926
5.383
6.143
5.07
5.066
4.875
4.94
38.742
5.108
4.876
5.162
5.088
5.016
5.035
5.208
4.985
5.023
5.097
4.811
5.121
5.103
4.929
5.114
5.052
36.176
6.317
6.629
6.594
6.069
6.674
5.108
4.765
5.188
5.033
5.027
4.948
4.92
5.133
5.043
5.189
5.196
5.136
4.947
4.956
4.918
5.064
5.274
4.906
5.201
5.245
5.198
5.19
5.138
5.314
4.911
5.385
5.018
5.015
5.176
5.052
4.77
4.949
4.908
5.126
5.211
5.122
4.899
5.099
5.286
4.872
4.896
5.012
5.11
5.169
5.193
5.063
5.127
5.048
5.085
5.106
5.198
3.349
5.171
4.944
4.853
4.945
4.905
5.11
5.229
5.056
4.925
5.101
5.021
4.85
5.124
5.166
5.113
4.997
5.177
4.904
7.249
5.098
5.079
4.954
4.846
5.314
5.493
4.789
5.112
4.967
5.099
5.072
5.018
5.099
4.962
5.02
5.117
4.855
5.097
5.135
5.1
4.997
4.951
5.004
4.965
5.018
5.152
5.0
5.235
5.156
5.546
4.942
5.057
5.024
5.025
4.841
5.166
5.141
5.043
4.914
5.139
5.046
5.025
5.102
4.921
5.096
4.999
5.156
5.054
4.98
5.035
5.027
5.087
5.06
5.003
5.071
4.977
5.035
4.882
5.101
4.992
5.062
5.054
5.098
5.101
4.783
4.876
4.986
4.973
5.058
4.913
4.93
5.159
5.211
4.975
4.97
5.112
5.046
4.991
5.036
5.042
4.959
5.11
5.151
5.05
5.129
5.126
4.988
5.117
5.023
4.938
5.013
4.875
5.048
4.995
5.372
4.825
4.945
5.015
4.884
4.995
5.01
4.953
5.137
4.761
4.869
5.044
5.015
5.024
5.109
5.033
5.029
4.981
5.165
4.993
5.14
5.226
5.076
5.199
5.108
5.054
5.103
45.751
5.29
5.412
5.066
4.734
5.049
5.0
4.968
5.203
5.033
5.02
5.047
4.929
5.72
5.039
4.946
5.142
4.981
4.951
4.85
5.016
5.219
5.134
4.976
4.995
3.916
4.996
6.149
9.712
5.514
4.946
5.079
5.172
5.159
5.19
5.112
4.926
5.228
5.124
5.278
4.946
5.138
5.252
5.011
4.783
5.016
5.103
5.114
6.171
5.118
5.505
5.105
5.297
5.108
5.132
5.154
5.243
5.006
5.043
9.956
5.074
5.833
5.074
5.054
5.154
5.141
5.205
5.064
4.972
5.071
4.933
5.04
5.22
5.178
5.141
5.23
5.143
5.25
5.175
5.125
5.106
5.109
4.875
5.067
5.105
5.125
5.035
5.065
5.041
5.06
5.116
5.036
5.135
5.169
5.101
5.265
5.24
5.064
5.098
4.845
3.433
5.112
5.215
4.916
5.222
4.957
5.036
5.264
4.837
5.02
4.986
4.965
4.786
5.237
4.909
4.905
5.101
4.864
5.041
4.981
4.942
4.89
5.081
4.944
4.985
4.824
4.895
4.909
4.998
4.814
4.988
4.904
4.948
4.982
5.051
4.833
5.035
5.012
4.903
4.851
5.023
9.72
4.911
4.987
4.821
4.837
4.804
4.883
4.836
4.968
6.094
4.962
4.82
4.974
4.947
4.856
5.069
4.971
4.97
4.752
4.987
4.83
4.88
4.93
4.91
4.907
4.812
5.01
4.702
4.759
4.977
4.912
4.931
5.004
4.948
4.964
5.151
4.825
4.819
4.949
4.958
4.994
4.812
4.822
4.879
4.827
4.973
5.03
4.837
4.98
4.825
5.042
4.933
5.077
5.037
5.013
4.993
4.933
4.94
5.0
5.075
32.325
4.901
4.931
4.868
4.918
5.049
5.3
5.144
4.976
4.924
5.056
5.13
5.104
5.084
5.18
5.059
4.926
5.033
5.16
5.05
4.997
5.098
5.114
5.062
4.999
5.049
5.121
5.293
5.057
5.475
4.876
5.049
5.207
4.982
5.162
5.072
5.023
5.124
4.986
4.843
5.059
5.051
4.984
4.731
38.734
5.14
5.157
5.082
5.547
5.5
5.208
5.154
4.828
4.913
5.084
5.051
5.214
5.155
5.288
5.052
5.089
4.784
5.043
5.154
5.025
5.16
5.082
4.934
5.113
5.108
4.973
4.958
5.24
5.01
5.009
5.095
5.13
5.17
5.008
4.983
4.965
4.854
5.22
5.187
4.96
4.911
5.138
5.019
4.891
5.059
5.075
5.025
5.058
5.022
5.066
5.003
5.034
4.974
5.109
5.008
5.06
5.084
4.868
4.872
5.246
5.137
5.196
5.052
5.242
5.096
4.973
4.861
5.035
5.019
4.956
38.551
5.015
5.136
5.02
5.152
5.089
5.192
5.183
4.955
5.047
5.182
5.12
4.997
5.126
5.13
5.133
4.911
4.947
5.064
5.055
4.95
5.037
22.709
5.225
5.308
5.666
4.947
5.177
5.086
5.306
5.14
5.245
5.045
5.26
5.081
5.131
5.298
5.072
5.061
5.001
4.985
5.145
5.197
5.213
4.938
6.095
5.132
5.07
5.09
6.213
5.03
5.064
5.012
4.937
5.047
5.069
5.062
4.965
5.022
5.153
5.111
5.077
5.125
4.953
5.011
5.051
4.977
4.823
5.06
5.174
5.066
5.089
4.92
4.872
4.94
4.852
5.196
5.04
5.103
4.855
5.104
5.25
39.089
5.157
5.09
5.163
5.283
5.07
5.216
5.155
5.27
5.08
5.055
5.092
5.066
5.056
5.059
10.303
4.965
5.037
38.502
4.976
5.102
4.984
5.087
5.213
5.018
5.291
5.104
5.031
4.894
5.219
5.097
5.09
5.625
5.59
5.062
5.37
4.893
5.229
5.1
5.089
5.037
5.138
5.024
5.352
5.118
4.936
4.815
5.097
5.135
5.082
5.097
5.308
5.095
4.911
5.16
5.237
5.107
5.141
5.079
4.993
5.132
5.125
4.982
4.947
5.064
5.063
5.056
6.031
4.872
5.183
4.895
5.142
5.095
14.056
4.985
5.094
5.4
4.965
4.846
5.232
5.193
5.083
5.167
5.085
4.857
5.193
42.231
5.106
5.134
5.084
4.909
5.08
4.765
4.981
5.001
4.854
4.979
4.922
5.07
4.864
5.124
5.05
4.967
5.097
5.1
5.021
5.032
4.984
5.102
5.007
4.961
4.99
5.068
4.996
5.252
4.982
4.952
5.039
3.889
5.035
4.875
4.769
6.732
4.914
4.563
5.473
4.894
5.041
4.734
4.735
5.133
4.892
5.18
5.006
5.553
4.964
5.133
5.045
4.972
5.025
4.899
4.891
5.004
4.972
5.212
5.076
5.517
32.58
5.149
5.041
5.075
5.05
5.081
5.214
4.98
5.124
5.046
5.163
5.033
5.112
5.155
5.091
9.466
4.966
5.048
5.043
5.055
5.151
5.122
5.186
4.951
38.798
38.757
6.281
6.446
6.104
5.896
6.715
5.101
5.061
4.99
5.102
5.097
7.754
5.165
6.303
5.23
5.094
5.192
5.046
5.054
5.0
5.131
4.884
4.856
4.998
4.868
4.929
5.058
4.917
5.059
5.183
5.151
5.118
5.085
5.075
5.114
5.075
5.071
5.183
4.947
5.118
4.949
5.096
27.071
5.105
5.067
5.152
5.096
5.199
5.256
5.449
4.907
4.808
4.942
6.373
4.914
6.905
4.966
5.007
4.81
5.486
5.066
5.27
5.135
4.975
5.059
5.339
4.976
5.024
4.934
5.068
4.945
5.071
4.934
5.033
4.982
5.094
5.032
6.068
5.022
4.887
4.933
4.959
4.885
4.86
4.996
4.924
4.802
4.884
4.907
4.981
4.661
4.915
4.693
5.02
5.044
4.943
4.983
4.85
35.268
5.017
4.974
4.929
5.024
5.055
4.749
5.008
5.059
4.977
5.084
5.066
5.009
4.77
5.088
4.896
4.966
5.038
4.992
4.835
4.985
4.521
4.9
5.04
5.29
5.063
4.997
4.918
4.966
5.043
5.003
5.017
4.786
5.036
4.729
4.916
5.044
4.829
4.943
5.014
4.945
4.947
4.979
4.81
5.112
4.97
4.981
4.865
4.912
5.022
4.836
5.033
4.71
4.901
5.016
4.882
4.983
5.214
5.506
46.731
5.024
4.843
5.026
5.136
4.965
5.058
4.932
4.92
4.846
5.104
5.119
5.048
26.979
4.848
5.121
5.048
4.8
4.796
4.825
5.137
5.057
5.089
5.032
38.376
5.186
5.264
5.292
5.114
5.024
5.097
5.522
5.02
5.053
5.137
5.072
31.974
5.049
5.024
4.953
5.018
4.838
5.009
4.973
5.072
4.963
4.998
4.871
4.962
5.228
4.848
5.21
5.157
4.89
5.126
5.305
4.995
5.138
4.899
5.006
5.042
4.943
4.811
4.813
4.987
4.735
5.0
4.815
4.932
4.96
4.919
4.888
4.977
4.989
4.902
4.975
5.051
5.008
4.975
5.083
11.781
5.295
5.027
5.178
5.143
5.126
5.113
4.971
5.145
4.941
4.981
5.233
5.166
37.806
5.007
5.057
5.039
5.127
5.043
5.041
5.093
5.069
5.215
5.362
4.878
4.922
4.991
4.979
4.904
38.53
4.957
4.897
5.046
9.899
5.023
4.977
5.096
4.862
4.908
4.983
38.437
4.882
4.829
4.975
4.9
4.699
4.955
4.96
5.023
5.032
5.001
5.019
5.038
4.695
5.169
4.871
5.562
5.421
5.101
5.088
5.036
4.964
5.296
4.871
4.856
5.025
5.092
5.125
4.942
4.911
4.935
5.018
4.875
34.743
5.055
5.005
4.9
4.813
5.061
5.472
5.555
48.024
4.865
4.83
4.761
4.726
4.819
4.949
4.832
4.914
4.881
5.08
4.978
5.005
4.811
5.092
4.833
4.736
5.023
4.872
5.269
5.439
5.648
101.127
4.933
5.01
4.896
5.008
4.846
4.764
4.942
4.804
4.927
4.891
4.912
5.007
4.971
5.103
4.931
4.87
5.043
4.968
4.829
28.738
4.816
4.846
4.999
4.985
4.879
4.72
4.859
5.13
4.907
4.813
5.095
4.852
4.969
4.801
4.9
5.115
5.697
4.944
4.928
5.112
4.852
38.452
5.022
4.959
4.916
4.787
4.751
5.05
5.01
5.004
4.897
4.961
4.959
4.983
5.023
4.935
4.831
5.029
4.94
5.028
5.23
4.892
4.82
4.937
4.848
4.79
4.846
57.872
4.958
5.005
4.99
5.073
4.967
4.972
4.914
4.999
4.991
4.796
4.86
4.89
5.011
4.743
5.175
4.931
4.956
4.995
5.009
5.0
4.969
4.908
4.987
5.849
4.771
5.014
4.939
4.972
4.966
5.101
5.034
6.096
4.941
28.224
5.03
4.986
38.585
4.957
5.074
4.996
4.875
5.0
4.932
4.975
5.238
4.849
5.0
69.083
5.01
5.02
5.007
4.857
5.042
5.134
4.8
5.012
4.923
4.865
4.897
5.073
4.97
5.015
4.917
4.773
4.893
4.655
4.875
4.9
4.921
4.799
5.097
4.992
4.977
5.018
4.79
4.923
4.972
4.925
60.035
5.039
5.043
5.004
5.003
5.006
5.074
4.86
4.959
4.887
4.936
5.008
4.675
5.036
5.019
5.007
5.062
4.967
4.885
4.825
4.916
4.997
5.057
5.148
38.721
4.965
5.235
4.907
4.864
5.085
4.855
4.874
5.0
5.03
4.977
5.004
5.448
5.021
4.923
4.836
4.948
5.064
4.799
4.97
4.99
5.065
4.845
13.841
6.549
6.388
6.04
6.52
5.324
4.791
4.785
5.36
5.007
4.859
5.164
4.807
4.897
4.967
4.902
4.807
5.08
4.871
4.849
5.004
4.91
4.733
5.132
4.951
4.868
4.922
5.548
4.799
38.727
4.99
4.774
5.091
5.073
4.94
4.951
4.939
4.989
4.934
4.913
4.718
5.019
4.814
5.064
5.105
4.917
5.008
4.971
4.92
4.892
4.961
5.078
5.051
5.051
4.956
5.036
5.013
4.939
5.077
4.692
4.926
5.076
5.152
4.945
4.903
5.046
5.099
5.013
5.048
5.116
5.057
4.908
4.992
25.743
4.968
5.19
5.261
5.522
5.097
5.055
4.98
4.989
5.137
4.908
5.075
5.076
5.057
5.094
5.213
5.015
4.965
5.145
5.181
5.447
5.076
4.888
5.022
5.073
5.205
5.157
5.108
5.041
5.043
5.016
4.887
5.107
5.173
5.017
5.039
5.133
4.945
5.01
4.911
5.065
5.046
5.146
4.885
5.099
5.187
7.818
5.655
5.125
5.044
5.091
5.138
4.84
5.025
5.103
4.982
5.177
5.017
5.041
5.141
5.087
5.312
5.154
5.028
4.952
5.035
5.062
4.858
5.114
5.121
5.075
5.107
5.008
4.885
5.092
5.149
4.939
5.067
4.953
4.928
5.125
4.906
5.143
4.956
5.045
5.091
5.112
5.052
5.016
5.104
5.038
5.106
5.149
5.009
5.069
5.147
5.076
6.44
5.446
5.919
5.496
5.198
5.128
5.054
5.121
5.209
5.18
5.132
5.206
5.081
5.208
5.133
5.107
4.846
5.305
5.083
5.016
5.341
5.063
5.045
4.927
4.985
5.294
5.159
5.218
5.226
5.23
5.292
5.055
5.259
4.966
5.112
4.935
5.333
5.092
5.116
5.147
5.131
5.678
5.049
5.332
3.559
5.075
5.112
5.048
3.579
5.364
5.292
5.409
3.629
5.313
5.059
5.103
4.995
3.734
4.991
5.029
5.155
4.998
4.965
5.189
5.029
5.085
5.108
4.854
5.058
4.866
4.835
39.998
4.999
4.965
5.041
4.927
5.011
5.002
5.006
4.988
5.068
5.003
4.731
5.194
5.386
93.633
5.052
5.062
5.14
4.903
5.159
4.971
5.239
4.938
4.97
5.039
4.995
5.097
5.224
5.161
5.075
5.156
5.03
5.016
5.017
5.11
5.133
4.975
5.024
5.107
4.927
5.037
4.938
4.991
5.143
5.011
5.089
5.224
4.963
5.01
5.104
5.107
5.072
5.025
5.006
5.061
5.157
5.005
5.22
5.137
5.113
1.818
5.38
5.177
5.007
5.072
5.093
4.977
5.004
12.211
4.955
5.04
4.948
5.179
5.145
5.157
5.101
5.115
5.055
67.359
4.953
5.243
5.991
5.187
4.967
5.15
5.052
4.966
5.059
5.097
5.01
5.047
5.105
4.997
35.399
5.076
5.108
5.159
4.846
5.071
4.71
5.136
4.977
5.122
4.985
5.107
5.071
5.044
5.014
4.933
5.1
5.06
5.005
5.087
5.086
5.219
5.081
5.187
5.107
4.879
5.067
4.84
4.991
5.273
38.644
5.24
5.103
5.163
5.201
5.116
5.038
5.177
5.037
5.042
5.086
5.096
5.038
5.216
5.1
5.231
5.196
5.105
5.066
4.776
5.273
5.206
5.648
4.964
4.983
5.139
5.043
5.243
5.126
5.087
5.108
5.166
5.068
4.981
5.039
5.166
5.096
5.151
5.209
5.052
4.981
5.193
5.129
5.079
5.101
4.991
5.068
4.73
5.219
5.082
5.188
5.077
39.209
5.248
5.446
5.038
4.979
5.016
4.794
4.977
5.039
5.05
4.996
5.005
4.881
4.901
5.083
4.93
4.835
4.829
5.069
4.947
35.227
4.845
5.002
5.565
4.464
4.876
5.199
5.034
4.967
5.043
5.149
5.21
5.018
38.386
5.179
5.43
5.517
5.78
5.014
4.984
5.122
5.301
6.265
5.03
5.09
5.202
5.041
4.992
5.063
4.92
70.01
5.24
5.443
4.961
5.054
5.018
5.041
5.047
5.015
5.142
5.002
5.116
6.527
5.067
5.062
5.118
5.093
4.949
5.011
5.052
5.34
5.03
5.195
5.02
5.016
5.053
5.045
5.135
5.066
5.077
5.07
4.926
5.038
14.375
5.137
5.305
6.122
4.96
5.112
4.959
5.113
5.057
5.235
5.139
5.577
5.181
5.369
5.036
5.077
5.129
5.12
5.152
5.252
5.14
5.087
5.069
5.018
5.103
5.031
5.107
5.012
5.13
5.092
5.046
5.065
4.93
5.178
5.176
5.101
5.145
4.979
5.047
4.801
4.936
4.992
5.232
5.104
5.111
5.072
5.232
5.051
5.095
5.27
4.857
6.007
5.71
5.201
5.104
5.1
4.835
5.098
5.146
5.222
5.235
5.052
5.206
5.134
5.212
5.402
5.221
5.034
4.922
5.117
5.178
4.978
4.886
8.331
5.109
5.048
5.032
5.119
5.085
5.023
5.093
5.076
5.128
5.233
5.016
5.145
5.184
5.072
5.21
5.163
5.263
5.233
4.854
4.941
4.948
4.935
5.22
5.079
5.162
5.181
5.083
5.181
5.033
5.115
5.033
5.068
5.256
5.285
5.202
5.07
5.311
5.184
5.13
5.022
5.264
5.212
5.085
4.892
5.116
5.172
42.213
5.199
5.044
5.271
5.104
5.142
4.924
5.144
32.5
5.286
7.115
4.934
5.137
5.097
4.648
5.15
5.13
4.864
38.667
5.228
5.06
5.264
4.817
4.917
20.11
5.1
5.301
5.281
4.954
5.22
4.874
1.71
5.369
5.109
5.003
4.888
5.058
5.112
5.059
4.77
42.31
6.822
6.95
6.513
6.768
6.614
5.178
5.204
4.928
5.052
5.142
5.105
5.185
7.071
5.205
5.057
4.982
5.248
5.132
5.098
5.086
5.154
5.076
5.12
5.136
5.079
5.333
4.993
5.253
4.937
5.0
5.05
5.084
5.013
5.103
5.219
3.157
5.048
4.877
4.993
4.92
5.025
4.866
5.014
4.882
4.98
4.924
5.204
4.977
4.955
5.099
4.99
4.948
5.538
5.295
5.048
5.026
5.03
5.004
5.212
5.112
4.959
5.017
33.432
5.044
5.351
5.245
5.352
4.857
4.95
5.071
4.92
5.1
5.086
5.016
5.092
5.067
4.887
4.878
6.647
35.508
34.861
5.042
4.947
5.098
4.97
5.03
5.575
4.94
4.795
4.848
4.962
5.049
26.478
5.067
5.147
5.811
4.963
4.872
4.897
4.965
4.946
5.155
4.968
5.155
5.164
5.113
5.076
35.159
4.932
35.045
5.117
5.034
5.043
5.067
5.016
2.509
4.778
5.088
5.66
5.294
43.003
5.101
4.835
5.116
5.231
5.258
5.214
4.967
5.178
5.129
5.149
38.555
5.053
5.351
5.477
5.389
5.195
5.198
5.223
5.307
5.285
5.306
5.085
5.113
4.916
5.102
5.037
5.144
5.115
5.122
5.304
5.729
5.103
4.899
5.243
4.938
5.132
5.239
5.372
5.203
5.093
4.843
5.095
5.096
5.188
5.109
38.995
5.049
5.079
5.154
5.086
4.926
5.182
5.19
4.893
5.085
5.268
4.928
4.933
4.701
4.858
38.074
5.15
40.002
5.106
32.469
4.817
5.056
5.203
5.145
4.95
5.058
5.022
4.88
5.016
5.149
5.109
4.976
5.116
5.275
5.008
4.983
4.995
5.023
4.752
4.803
4.92
3.128
5.02
5.02
5.235
5.106
4.792
5.076
5.169
4.873
5.158
5.066
5.043
5.023
4.655
9.908
5.135
5.055
4.734
4.87
4.984
5.012
4.933
4.942
5.073
4.959
4.587
4.936
5.073
4.919
4.568
4.899
5.053
5.019
5.068
5.134
5.042
4.935
4.98
5.018
5.902
4.585
4.869
5.018
5.108
5.053
5.014
4.982
5.006
5.128
4.992
4.638
5.1
5.082
5.017
4.885
5.057
5.05
5.025
4.956
4.954
5.648
5.134
5.172
4.851
5.076
5.009
5.057
5.01
4.882
5.041
4.931
5.047
4.909
4.994
5.101
90.295
5.312
5.911
5.162
5.004
5.053
5.139
5.044
5.033
5.702
5.055
5.021
5.035
4.934
4.995
5.069
5.062
5.071
5.283
5.358
5.137
6.285
5.033
5.084
5.497
5.103
5.288
5.074
4.912
5.062
5.136
4.709
5.798
5.171
5.136
5.133
5.103
5.061
5.373
5.1
5.11
5.087
5.062
32.519
5.06
5.113
4.902
5.14
5.137
5.149
14.223
4.695
5.018
5.048
5.08
5.289
5.084
4.989
5.095
5.103
4.694
5.214
5.305
5.37
5.137
5.117
5.228
4.958
5.107
5.098
5.096
38.677
5.001
5.092
32.44
5.045
34.822
5.099
4.876
5.22
5.004
5.159
5.182
5.138
5.051
5.377
4.913
5.208
5.207
5.195
5.445
4.886
4.975
5.152
4.855
4.709
4.918
5.623
5.132
4.855
4.812
4.988
5.011
4.988
5.034
5.062
4.919
4.906
4.936
5.318
5.337
57.949
5.157
4.916
4.958
5.121
5.05
4.95
5.009
5.163
4.85
4.872
6.033
4.931
4.607
4.89
4.82
5.044
5.016
5.018
5.026
4.68
5.102
30.206
32.899
5.104
5.3
4.94
4.876
4.952
5.361
5.144
5.008
4.981
4.885
24.806
5.122
5.885
5.291
5.1
4.893
5.125
4.925
5.255
5.016
5.113
5.124
4.904
5.304
5.014
4.965
4.957
5.114
5.106
5.054
5.041
5.1
5.089
5.033
5.078
5.013
5.098
5.172
5.147
5.079
5.047
5.053
5.067
5.031
5.005
5.044
5.099
5.125
5.058
5.102
5.136
5.015
4.954
4.604
4.527
5.13
