7050.219
6940.582
6938.973
6935.207
6932.902
6934.199
6932.688
6933.633
6932.563
6933.211
7345.25
7498.051
7760.484
7973.984
8221.813
8436.852
8648.445
8928.34
9223.813
9630.422
9859.633
9862.203
9868.512
9869.457
9870.676
9844.398
9845.949
9846.734
9849.066
9910.594
9904.605
9904.152
9904.492
9905.492
9901.711
9901.77
10306.676
10622.902
10871.551
10877.145
10897.871
10839.031
10841.547
10838.438
10839.406
10838.598
10838.934
10858.09
10863.098
10867.352
10865.523
10874.676
10886.504
11173.539
11178.992
11196.266
11175.168
11248.324
11254.66
11247.953
11230.676
11230.375
11245.516
11409.172
12378.434
12958.293
13839.488
13432.438
13413.723
13413.523
13436.391
13444.945
13439.512
13468.727
13440.957
13436.5
13407.383
13408.508
13410.168
13435.477
13435.949
13439.121
13436.309
13547.199
13490.098
13486.215
13485.926
13486.223
13488.426
13487.535
13492.688
13491.461
13487.156
13491.809
13488.508
13455.75
13465.117
13468.531
13482.977
13461.387
13481.227
13511.445
13485.281
13466.125
13469.07
13482.844
13481.059
13483.457
13488.043
13488.0
13493.32
13486.629
13485.918
13487.172
13487.508
13479.691
13447.707
13480.016
13453.484
13453.359
13477.293
13474.863
13454.367
13684.621
13682.078
13686.223
13694.777
13692.254
13694.895
13696.668
13732.434
13732.367
13731.973
13677.25
13706.02
13705.785
13712.082
13713.598
13706.25
13708.668
13682.219
13692.125
13680.961
13681.168
13689.316
13677.285
13676.309
13728.836
13676.125
13695.051
13704.656
13703.145
13688.238
13700.559
13703.449
13707.789
13709.391
13714.141
13717.922
13707.973
13690.609
13725.203
13706.543
13707.484
13711.273
13711.695
13712.789
13684.121
13679.129
13680.977
13696.637
13710.68
13705.758
13706.152
13680.996
13679.508
13678.355
13679.801
13693.059
13679.816
13674.93
13679.426
13678.246
13689.551
13677.496
13689.543
13721.266
13739.453
13739.418
13724.074
13708.652
13680.625
13682.754
13708.523
13693.707
13679.609
13681.223
13691.746
13684.477
13682.207
13682.934
13687.809
13692.535
13684.863
13692.586
13694.977
13687.074
13684.816
13693.832
13711.066
13690.035
13697.934
15121.0
16565.668
26249.18
25678.355
24998.309
24993.934
24996.582
24374.242
23814.828
16069.344
16069.262
16101.184
16108.492
16078.918
16237.754
17117.641
17121.535
17192.211
17132.605
17625.25
17632.422
17626.492
17630.051
17625.828
17626.785
17629.949
17634.52
18760.477
18681.516
18681.957
18687.898
19437.457
19181.191
19181.152
19187.375
19205.863
19201.047
19229.207
19212.426
19185.848
19184.578
19183.289
19184.891
19189.527
19187.332
19206.652
19185.059
19184.176
19192.117
19201.969
19189.777
19183.578
19189.918
19201.473
19186.699
19186.797
19188.07
19195.914
19200.496
19203.414
19213.59
19212.621
19204.402
19204.656
19219.324
19272.512
19211.203
19215.965
19211.016
19214.086
19216.379
19213.563
19217.969
19219.984
19240.672
19241.844
19241.418
19241.723
19262.23
19266.008
19241.875
19243.004
19242.324
19244.215
19247.035
19243.254
19253.891
19243.969
19257.57
19264.105
19540.848
20308.691
20808.313
20800.387
20800.375
20799.641
20804.086
20800.605
20802.078
20804.727
20813.816
20813.469
20813.363
20810.684
20831.766
20835.27
20836.383
20815.766
20810.035
20831.035
20812.543
20839.383
20849.875
20841.344
20814.625
20815.086
20822.902
20812.137
20812.609
20828.848
20847.012
20863.965
20854.457
19314.758
19308.652
19322.887
19281.539
19282.496
19280.258
19307.457
19305.504
19308.574
19310.73
19286.273
19287.59
19321.906
19313.539
19325.137
19327.148
19307.285
19300.809
19306.395
19303.438
19311.379
19305.863
19305.102
19306.563
19307.043
19309.996
19330.16
19306.402
19328.055
19337.973
19332.965
19335.156
19313.949
19310.969
19308.234
19311.859
19320.648
19305.098
19310.879
19307.184
19308.992
19391.59
17779.074
17789.934
17805.07
17780.391
17780.246
18306.75
18855.453
19663.344
21471.844
21448.992
21448.922
21462.297
21520.852
21968.613
22042.781
22043.387
22048.379
22069.746
21966.031
21974.008
21968.617
21968.313
22024.34
21998.289
22000.297
22009.48
21995.004
22478.301
22479.48
22480.188
22479.859
22480.73
20932.246
19387.211
17839.777
17843.895
17862.266
17896.539
17899.98
17842.941
17843.484
17851.75
19933.754
20387.492
20533.301
20542.09
21029.949
21003.273
21003.551
21013.871
21005.73
21005.195
21004.258
21006.316
21007.75
21008.148
21005.691
21014.25
21008.086
21009.309
21011.742
21007.684
21006.953
21008.371
21010.258
21027.68
21036.508
21009.617
21009.668
21011.418
21012.793
21013.91
21016.508
21017.891
21013.48
21021.035
21015.094
21081.512
21074.012
21070.965
20527.402
19477.266
19490.164
19569.883
19492.133
19495.004
19494.168
19507.449
19493.402
19572.824
19547.414
19548.352
19547.293
19502.895
19498.734
19502.32
19504.121
19503.793
19505.148
19506.762
19506.359
19520.539
19531.578
19510.324
19517.941
19511.246
19533.363
19516.828
19517.16
19514.977
19516.41
19517.805
19515.02
19516.402
17971.063
17974.43
17977.762
17979.938
17979.313
17991.762
17993.879
17984.336
18016.785
17987.422
17987.484
18013.766
17990.586
19253.391
19283.082
19539.277
19540.109
19559.219
19639.715
19609.219
19608.25
19608.715
19613.23
19616.301
19583.273
19586.195
19581.961
19583.883
19590.457
19586.574
19586.516
19563.578
19577.809
19564.617
19567.926
19554.242
19551.691
19579.23
19580.84
19555.805
19556.711
19557.176
19562.02
19559.867
19560.566
19560.996
19564.637
19564.801
18020.707
18021.586
18022.609
18023.301
18023.289
18024.449
18034.734
18034.945
18028.887
18038.172
18029.688
18030.047
18029.004
18030.676
18032.355
16485.996
16485.301
16591.555
16500.836
16500.688
16539.75
16513.727
16513.488
16514.164
16515.375
16505.934
16487.855
16487.074
16473.715
16471.688
16471.406
16476.816
16473.078
16474.016
16472.492
16474.328
16476.637
16476.609
16476.836
16475.039
16482.867
16476.844
16477.496
16478.34
16476.148
16476.309
16476.105
16477.5
16479.164
16477.254
16477.418
16477.867
16480.953
16481.246
16479.965
16482.141
16480.426
16480.426
16484.578
16480.68
16481.578
16479.574
16499.434
16480.211
16482.172
16482.84
16481.82
16480.988
16481.469
16483.125
16483.816
16482.863
16480.602
16491.363
16495.156
16482.945
16488.723
16482.063
16481.953
16482.902
16482.07
16480.508
16480.457
16481.648
16485.848
16483.895
16482.895
16484.266
16483.949
16484.113
16483.137
16480.629
16480.566
16483.391
16486.176
16495.09
16482.441
16483.133
16511.039
16511.723
16485.688
16492.863
16489.262
16488.668
16487.398
16489.383
16494.383
16512.051
16489.551
16488.793
16500.043
16494.355
16491.648
16527.371
16529.297
16491.191
16491.656
16491.672
16490.426
16491.125
16495.563
16490.555
16490.961
16489.68
16489.855
16489.109
16491.523
16492.254
16402.137
16400.566
16401.031
16401.375
16388.301
16375.93
16364.074
16364.016
16365.605
16366.273
16365.531
16439.719
