278.14
12.43
153.815
106.209
81.991
0.386
0.579
0.246
0.433
0.444
0.4
0.499
0.609
0.404
0.351
0.435
0.419
0.321
0.304
0.324
0.327
0.317
0.293
0.322
0.317
0.419
0.356
0.309
0.321
0.262
0.279
0.339
0.295
0.307
0.358
0.345
0.334
0.419
0.285
0.49
0.351
0.33
0.329
0.266
0.307
0.296
0.291
0.29
0.29
0.297
0.295
0.268
0.289
0.288
0.285
0.285
0.334
0.284
0.247
0.285
0.246
0.288
0.251
0.288
0.297
0.243
0.278
0.283
0.3
0.425
0.328
0.31
0.228
0.276
0.271
0.276
0.288
0.295
0.284
0.275
0.274
0.268
0.275
0.274
0.274
0.266
0.356
0.326
0.239
0.289
0.297
0.307
0.453
0.434
0.305
0.292
0.274
0.253
0.249
0.253
1.243
0.289
0.206
0.316
0.619
0.368
0.229
0.206
0.185
0.182
0.203
0.21
0.206
0.208
0.231
0.216
0.21
0.177
0.173
0.225
0.304
0.253
0.196
0.204
0.167
0.196
0.169
0.4
0.318
0.227
0.227
0.225
0.219
0.196
0.213
0.202
0.217
0.194
0.203
0.228
0.332
0.202
0.205
0.234
0.209
0.194
0.212
0.193
0.224
0.207
0.08
0.107
0.221
0.232
0.201
0.207
0.209
0.157
0.241
0.077
0.086
0.194
0.207
0.215
0.188
0.185
0.195
0.186
0.157
0.158
0.149
0.155
0.184
0.185
0.184
0.181
0.201
0.193
0.185
0.186
0.191
0.191
0.211
0.185
0.184
0.191
0.194
0.184
0.183
0.25
0.191
0.183
0.154
0.185
0.183
0.189
0.149
0.2
0.187
0.188
0.143
0.182
0.216
0.199
0.341
0.179
0.209
0.213
0.138
0.186
0.188
0.139
0.215
0.193
0.138
0.133
0.211
0.157
0.222
0.219
0.249
0.233
0.197
0.212
0.167
0.171
0.183
0.181
0.214
0.219
0.183
0.216
0.215
0.125
0.169
0.215
0.174
0.116
0.212
0.234
0.166
0.23
0.222
0.182
0.161
0.121
0.169
0.119
0.172
0.122
0.165
0.166
0.697
0.241
0.169
0.231
0.357
0.148
0.14
0.144
0.18
0.173
0.174
0.141
0.188
0.148
0.163
0.142
0.145
0.141
0.144
0.102
0.152
0.139
0.143
0.144
0.143
0.144
0.139
0.151
0.154
0.102
0.171
0.148
0.11
0.142
0.211
0.101
0.135
0.138
0.161
0.139
0.105
0.135
0.152
0.148
0.135
0.138
0.148
0.144
0.108
0.143
0.141
38.195
78.131
0.152
0.142
0.196
0.174
0.146
0.143
0.145
0.156
0.15
0.162
0.167
0.16
0.144
0.142
0.139
0.178
0.162
0.138
0.143
0.136
0.197
0.276
0.167
0.144
0.136
0.136
0.143
0.136
0.136
0.153
0.135
0.142
0.138
0.153
0.142
0.136
0.137
0.137
0.137
0.143
0.135
0.136
0.164
0.188
0.428
0.38
0.155
0.149
0.144
0.146
0.067
0.143
0.11
0.099
0.06
0.127
0.151
0.139
0.105
0.101
0.134
0.123
0.095
0.14
0.135
0.171
0.148
0.139
0.149
0.223
0.143
0.152
0.159
0.149
0.15
0.194
0.149
0.192
0.14
0.1
0.13
0.138
0.143
0.151
0.136
0.157
0.176
0.175
0.123
0.142
0.134
0.125
0.137
0.127
0.114
0.156
0.143
0.151
0.139
0.137
0.149
0.138
0.139
0.136
0.138
0.151
0.137
0.161
0.143
0.136
0.157
0.144
0.137
0.217
0.11
0.092
0.125
0.152
0.138
0.1
0.126
0.151
0.164
0.157
0.153
0.144
0.243
0.126
0.129
0.122
90.414
40.527
252.211
70.918
90.619
320.491
0.093
0.118
0.176
0.166
0.182
0.128
0.187
0.183
0.176
0.168
0.144
0.199
0.158
0.183
0.142
0.134
0.143
0.14
0.14
0.187
0.191
0.158
0.175
0.13
0.14
0.19
0.092
0.142
0.085
0.139
0.156
0.138
0.155
0.145
0.167
0.147
0.109
0.153
0.146
0.125
0.155
0.136
0.145
0.124
0.102
0.094
0.149
0.127
0.102
0.096
0.148
0.136
0.116
0.187
0.128
0.152
0.137
0.127
0.133
0.127
0.126
0.137
0.122
0.137
0.139
0.152
0.1
0.083
0.156
0.1
0.131
0.172
0.149
0.162
0.155
0.095
0.125
0.117
0.091
0.092
580.122
0.112
0.144
0.087
0.122
0.127
0.142
0.172
0.168
0.127
0.126
0.127
0.127
0.126
0.134
0.126
0.129
0.128
0.152
0.142
0.124
0.124
0.125
0.094
0.125
0.082
0.163
0.156
0.169
0.12
0.127
0.124
0.124
0.09
0.084
0.127
0.091
0.194
0.135
0.161
0.126
0.162
0.132
0.127
0.137
0.126
0.12
0.132
0.133
0.127
0.128
0.125
0.12
0.147
0.131
0.125
0.125
0.129
0.125
0.126
0.132
0.15
0.16
0.125
0.126
0.086
0.135
0.082
0.125
0.131
0.137
0.133
0.131
0.126
0.12
0.131
0.125
0.133
0.119
0.153
0.123
0.079
0.12
0.136
0.123
0.12
0.12
0.123
0.083
0.12
0.125
0.135
0.124
0.133
0.151
0.147
0.128
0.122
0.121
0.121
0.126
0.131
0.128
0.123
0.121
0.17
0.17
0.121
0.129
0.121
0.12
0.121
0.136
0.12
0.121
0.12
0.121
0.12
0.14
0.128
0.119
0.078
0.128
0.118
0.155
0.173
0.12
0.079
0.12
0.078
0.12
0.128
0.151
0.119
0.126
0.13
0.126
0.179
0.142
0.092
0.128
0.159
0.116
0.095
0.123
0.118
0.117
0.119
0.116
0.077
0.118
0.076
0.117
0.153
0.115
0.111
0.111
0.122
0.112
0.088
0.128
0.084
0.13
0.172
0.105
0.08
0.114
0.218
0.105
0.104
0.106
0.08
0.137
0.069
0.12
0.076
0.107
0.106
0.129
0.112
0.118
0.104
0.111
0.11
0.129
0.153
0.105
0.114
29.487
0.106
0.103
0.102
0.113
0.126
0.149
0.164
0.156
58.183
0.165
0.109
0.101
0.111
0.1
0.123
0.179
0.107
0.099
0.11
0.107
0.101
0.084
0.131
0.11
0.208
0.109
0.099
0.105
0.104
0.098
0.099
0.099
0.098
0.099
0.098
0.098
0.098
0.099
0.099
0.101
0.102
0.099
0.099
0.098
0.099
0.1
0.099
0.099
0.098
0.102
0.101
0.098
0.121
0.099
0.098
0.098
0.098
0.098
0.105
0.1
0.1
0.098
0.098
0.099
0.113
0.098
0.098
0.098
0.124
0.099
0.101
0.116
0.126
0.136
30.788
0.099
0.098
0.114
0.107
0.108
0.106
0.097
0.098
0.105
0.098
0.097
0.073
0.125
0.127
0.152
0.097
0.13
0.102
0.097
0.103
0.1
0.092
0.129
0.094
0.097
0.096
0.097
0.106
0.097
0.097
0.103
0.096
0.096
0.096
0.132
0.119
0.103
0.096
0.096
0.096
0.095
0.096
0.103
0.096
0.096
0.095
0.094
0.094
0.096
0.103
0.103
0.113
0.112
0.097
0.1
0.096
0.096
0.1
0.101
0.096
0.096
0.096
0.097
0.103
0.096
0.096
0.094
0.096
0.096
0.096
0.096
0.096
0.115
0.095
0.096
0.095
0.103
0.096
0.096
0.097
0.105
0.096
0.104
0.145
0.097
0.094
0.097
0.097
0.141
0.116
0.062
0.055
0.796
0.096
0.097
335.432
377.853
266.752
346.642
116.412
75.874
1087.085
378.384
587.709
1087.251
1195.718
1377.679
946.856
1416.187
846.38
1307.183
545.6
666.883
1416.303
1087.555
266.551
1517.344
1729.331
0.1
1437.806
1587.812
0.128
0.095
0.13
0.107
0.107
0.111
0.112
1904.184
0.105
0.079
0.109
0.133
0.106
0.144
0.138
0.105
0.098
0.121
0.099
0.122
0.097
0.107
0.097
0.097
0.096
0.096
0.1
0.099
0.098
0.098
0.098
0.099
0.096
0.098
0.108
0.098
0.098
0.109
0.098
0.096
0.096
0.103
0.157
0.063
0.13
0.096
0.096
0.096
0.096
0.097
0.097
0.096
0.118
0.096
0.093
0.093
0.069
0.109
0.096
0.103
0.08
0.126
0.121
0.096
0.104
0.107
0.105
0.121
0.098
0.122
0.068
0.12
0.096
0.105
0.112
0.121
0.109
0.096
0.096
0.073
0.106
0.112
0.073
0.081
0.106
0.133
0.117
0.104
0.102
0.129
0.099
0.105
0.099
0.072
0.099
0.099
0.106
0.096
0.115
0.096
0.07
0.105
0.106
0.101
0.096
0.084
0.123
0.142
0.14
0.096
0.11
0.095
0.095
0.107
0.083
0.08
0.106
0.064
0.096
0.141
0.117
0.093
0.109
0.103
0.1
0.098
0.095
0.096
0.142
0.115
0.197
0.103
0.093
0.097
0.095
0.096
0.098
0.099
0.103
0.119
0.097
0.099
0.095
0.066
0.098
0.099
0.065
0.1
0.098
0.103
0.103
0.098
0.098
0.095
0.098
0.065
0.102
0.065
0.094
0.095
0.1
0.318
0.168
0.129
0.128
0.137
0.123
0.098
0.103
0.119
0.129
0.155
0.198
0.146
0.107
0.11
0.112
0.126
0.101
0.13
0.2
0.113
0.094
0.094
0.136
0.111
0.133
0.105
0.105
0.074
0.077
0.094
0.118
0.063
0.093
0.102
0.104
0.076
0.118
0.093
0.104
0.118
0.103
0.104
0.078
0.102
0.105
0.105
0.117
0.093
0.098
0.101
0.093
0.127
0.093
0.095
0.104
0.092
0.127
0.124
0.113
0.119
0.094
0.105
0.103
0.119
0.093
0.069
0.104
0.118
0.098
0.093
0.118
0.091
0.103
0.093
0.118
0.095
0.094
0.093
0.094
0.091
0.093
0.093
0.093
0.104
0.104
0.093
0.093
0.09
0.157
0.093
0.091
0.091
0.093
0.091
0.093
0.114
0.11
0.141
0.112
0.092
0.092
0.092
0.099
0.064
0.092
0.06
0.091
0.058
0.091
0.098
0.092
0.109
0.092
0.093
0.093
0.091
0.091
0.06
0.092
0.092
0.091
0.097
0.094
0.091
0.091
0.092
0.092
0.1
0.091
0.092
0.093
0.122
0.095
0.102
0.075
0.117
0.145
0.107
0.092
0.091
0.064
0.124
0.118
0.092
0.063
0.091
0.061
0.09
0.091
0.09
0.09
0.091
0.097
0.057
0.092
0.09
0.09
0.124
0.063
0.113
0.115
0.11
0.112
0.116
0.126
0.093
0.087
0.099
0.128
0.095
0.117
0.1
0.088
0.12
0.095
0.118
0.116
0.118
0.091
0.106
0.121
0.124
0.091
0.09
0.089
0.126
0.094
0.092
0.119
0.074
0.141
0.139
0.109
0.118
0.063
0.093
0.097
0.064
0.101
0.092
0.063
0.05
0.088
0.1
0.064
0.092
0.058
0.093
0.055
0.053
0.061
0.064
0.11
0.091
0.089
0.16
0.118
0.09
0.088
0.088
0.088
0.088
0.094
0.088
0.089
0.056
0.049
0.088
0.088
0.095
0.089
0.059
0.089
0.09
0.214
0.081
0.07
0.061
0.087
0.091
0.134
0.062
0.05
0.088
0.056
0.096
0.058
0.113
0.114
0.09
0.149
0.098
0.101
0.101
0.098
0.101
0.07
0.097
0.107
0.113
0.103
0.11
0.093
0.088
0.091
0.095
0.089
0.091
0.09
0.115
0.09
0.056
0.062
0.088
0.089
0.09
0.055
0.088
0.088
0.069
0.089
0.059
0.055
0.089
0.089
0.089
0.088
0.056
0.067
0.089
0.088
0.088
0.089
0.088
0.088
0.09
0.063
0.049
0.111
0.089
0.056
0.088
0.088
0.088
0.091
0.09
0.072
0.088
0.092
0.06
0.049
0.106
0.089
0.089
0.096
0.088
0.089
0.091
0.091
0.099
0.091
0.089
0.09
0.09
0.097
0.087
0.09
0.089
0.095
0.172
0.124
0.09
0.095
0.096
0.065
0.103
0.094
0.09
0.089
0.088
0.089
0.091
0.055
0.088
0.088
0.054
0.091
0.089
0.09
0.059
0.193
0.093
0.06
0.089
0.252
0.112
0.12
0.089
0.089
0.066
0.101
0.09
0.086
0.091
0.09
0.065
0.093
0.097
0.089
0.089
0.1
0.086
0.088
0.065
0.089
0.089
0.088
0.089
0.081
0.088
0.094
0.091
0.087
0.09
0.098
1.214
0.086
0.063
0.051
0.091
0.088
0.189
0.087
0.087
0.06
0.085
0.087
0.087
0.101
0.088
0.087
0.087
0.121
0.086
0.088
0.09
0.088
0.088
0.087
0.087
0.087
0.086
0.087
0.087
0.087
0.088
0.087
0.088
0.09
0.088
0.063
0.105
0.086
0.086
0.088
0.085
0.087
0.101
0.059
0.096
0.118
0.088
0.095
0.087
0.104
0.055
0.092
0.087
0.087
0.091
0.088
0.085
0.089
0.094
0.087
0.087
0.054
0.051
0.094
0.087
0.057
0.104
0.087
0.06
0.086
0.087
0.087
0.087
0.094
0.087
0.096
0.087
0.087
0.059
0.131
0.061
0.088
1.562
0.124
0.097
0.087
0.059
0.09
0.097
0.091
0.059
0.153
0.236
0.13
0.051
0.206
0.111
0.107
0.109
0.098
0.112
0.061
0.098
0.116
0.091
0.087
0.106
0.074
0.094
0.098
0.088
0.095
0.118
0.089
0.09
0.102
0.113
0.09
0.106
0.087
0.098
0.098
0.088
0.088
0.09
0.1
0.088
0.09
0.088
0.097
0.113
0.088
0.09
0.091
0.091
0.104
0.087
0.087
0.087
0.087
0.103
0.095
0.094
0.095
0.092
0.103
0.096
0.088
0.09
0.091
0.105
0.088
0.095
0.095
0.096
0.098
0.09
0.09
0.09
0.089
0.103
0.095
0.091
0.09
0.086
0.064
0.09
0.09
0.09
0.058
0.086
0.087
0.095
0.107
0.087
0.102
0.09
0.09
0.065
0.091
0.098
0.102
0.095
0.084
0.122
0.107
0.094
0.091
0.09
0.09
0.098
0.057
0.087
0.088
0.11
0.098
0.09
0.058
0.066
0.096
0.108
0.09
0.095
0.112
0.09
0.097
0.058
0.103
0.118
0.05
0.109
0.144
0.095
0.057
0.105
0.091
0.095
0.091
0.096
0.093
0.07
0.152
0.108
0.064
0.061
0.115
0.104
0.091
0.107
0.116
0.096
0.092
0.101
0.103
0.102
0.077
0.075
0.1
0.119
0.097
0.097
0.138
0.098
0.104
0.12
0.102
0.097
0.088
0.091
0.114
0.088
0.098
0.091
0.1
0.099
0.101
0.104
0.105
0.118
0.089
0.09
0.097
0.115
0.098
0.098
0.113
0.091
0.104
0.087
0.108
0.103
0.095
0.096
0.097
0.094
0.067
0.099
0.098
0.092
0.099
0.087
0.102
0.095
0.191
0.094
0.106
0.096
0.091
0.098
0.103
0.097
0.096
0.089
0.097
0.058
0.092
0.107
0.138
0.068
0.1
0.069
0.084
0.097
0.053
0.081
0.138
0.078
0.123
0.091
0.087
0.135
0.118
0.068
0.071
0.13
0.071
0.089
0.151
0.108
0.048
0.068
0.07
0.14
0.148
0.244
0.117
0.116
0.075
0.059
0.11
0.093
0.065
0.057
0.113
0.069
0.095
0.088
0.063
0.061
0.107
0.074
0.096
0.059
0.1
0.096
0.113
0.094
0.059
0.052
0.062
0.057
0.099
0.089
0.089
0.058
0.047
0.124
0.09
0.056
0.097
0.098
0.111
0.065
0.096
0.1
0.109
0.126
0.166
0.106
0.121
0.104
0.084
0.087
0.096
0.096
0.102
0.097
0.094
0.064
0.094
0.087
0.093
0.112
0.127
0.157
0.09
0.104
0.097
0.096
0.057
0.053
0.098
0.086
0.091
0.056
0.09
0.097
0.09
0.057
0.09
0.058
0.098
0.086
0.059
0.096
0.091
0.097
0.059
0.086
0.09
0.059
0.097
0.094
0.097
0.058
0.091
0.097
0.057
0.111
0.123
0.092
0.077
0.067
0.051
0.094
0.091
0.091
0.096
0.057
0.104
0.101
0.103
0.1
0.099
0.072
0.052
0.057
0.111
0.11
0.111
0.1
0.147
0.111
0.097
0.073
0.097
0.108
0.093
0.097
0.096
0.062
0.123
0.107
0.087
0.087
0.092
0.098
0.118
0.099
0.086
0.112
0.115
0.09
0.088
0.088
0.095
0.109
0.113
0.088
0.089
0.087
0.09
0.091
0.094
0.091
0.086
0.095
0.095
0.09
0.073
0.096
0.108
0.09
0.087
0.086
0.116
0.103
0.094
0.16
0.091
0.098
0.096
0.085
0.089
0.089
0.094
0.086
0.089
0.086
0.09
0.087
0.095
0.113
0.086
0.096
0.097
0.084
0.093
0.091
0.089
0.096
0.084
0.094
0.075
0.098
0.087
0.095
0.09
0.108
0.091
0.084
0.112
0.086
0.097
0.087
0.095
0.096
0.173
0.092
0.089
0.089
0.098
0.089
0.104
0.089
0.088
0.094
0.103
0.087
0.087
0.091
0.09
0.093
0.086
0.086
0.098
0.087
97.097
97.221
15.57
0.088
0.059
0.053
0.047
0.11
0.097
0.058
0.093
0.092
0.114
164.116
0.087
0.105
0.104
0.092
0.093
0.096
0.1
0.086
0.116
0.089
0.11
0.091
0.105
0.092
0.095
0.089
0.094
0.117
0.105
0.107
0.094
0.1
0.088
0.096
0.092
0.092
0.111
0.114
0.147
0.094
0.088
0.099
0.108
0.121
0.102
0.098
0.093
0.129
0.112
0.08
0.099
0.096
0.089
0.09
0.096
0.099
0.062
0.113
0.087
0.117
0.094
0.114
0.099
0.105
0.089
0.089
0.099
0.096
0.115
0.092
0.093
0.095
0.092
0.089
0.092
0.096
0.089
0.109
0.099
0.09
0.089
0.104
0.095
0.099
0.089
0.089
0.113
0.086
0.091
0.116
0.116
0.089
0.096
0.089
0.099
0.094
0.115
0.092
0.097
0.091
0.092
0.096
0.092
0.091
0.096
0.118
0.107
0.099
0.089
0.102
0.104
0.111
0.113
0.098
0.13
0.111
0.063
0.089
0.092
0.107
0.059
0.104
0.089
0.099
0.1
0.096
0.092
0.093
0.098
0.088
0.106
0.094
0.096
0.095
0.098
0.099
0.104
0.104
0.095
0.196
0.098
0.104
0.071
0.108
0.106
0.073
0.122
0.091
0.123
0.088
0.098
0.064
0.054
0.094
0.119
0.071
0.106
0.06
0.123
0.078
0.088
0.091
0.098
0.096
0.096
0.067
0.112
0.109
0.086
0.088
0.096
0.117
0.098
0.113
0.088
0.092
0.086
0.096
0.189
0.123
0.095
0.109
0.058
0.09
0.091
0.089
0.089
0.088
0.088
0.088
0.055
0.086
0.089
0.086
0.088
0.089
0.104
0.088
0.088
0.088
0.089
0.088
0.089
0.09
0.091
0.09
0.085
0.2
0.084
0.084
0.084
0.081
0.084
0.084
0.081
0.084
0.084
0.089
0.085
0.084
0.086
0.084
0.092
0.087
0.084
0.084
0.084
0.084
0.084
0.084
0.084
0.057
0.084
0.084
0.082
0.118
0.117
0.147
0.084
0.084
0.083
0.1
0.083
0.113
0.092
0.087
0.085
0.083
0.083
0.084
0.084
0.056
0.082
0.086
0.088
0.163
0.113
0.111
0.053
0.083
0.047
0.084
0.084
0.052
0.083
0.083
0.053
0.046
0.089
0.083
0.083
0.083
0.082
0.083
0.083
0.06
0.084
0.053
0.082
0.084
0.083
0.083
0.09
0.083
0.083
0.083
0.083
0.083
0.051
0.054
0.083
0.083
0.081
0.058
0.083
0.083
0.099
0.058
0.084
0.093
0.093
0.083
0.082
0.089
0.057
0.048
0.101
0.083
0.083
0.051
0.09
0.05
0.084
0.084
0.083
0.083
0.084
0.088
0.083
0.081
0.084
0.084
0.087
0.084
0.09
0.093
0.102
0.083
0.081
0.083
0.084
0.089
0.081
0.084
0.083
0.084
0.083
0.083
0.09
0.083
0.083
0.083
0.084
0.081
0.084
0.091
0.116
0.11
0.057
0.053
0.104
0.083
0.083
0.058
0.084
0.089
0.052
0.085
0.051
0.087
0.048
0.062
0.085
0.083
0.059
0.047
0.083
0.083
0.084
0.083
0.052
0.084
0.054
0.046
0.085
0.083
0.083
0.083
0.051
0.084
0.083
0.083
0.049
0.09
0.083
0.083
0.083
0.083
0.09
0.058
0.082
0.09
0.142
0.059
0.089
0.051
0.084
0.085
0.084
0.054
0.046
0.085
0.085
0.084
0.084
0.085
0.084
0.084
0.057
0.088
0.054
0.083
0.09
0.083
0.083
0.083
0.05
0.046
0.083
0.059
0.082
0.083
0.083
0.083
0.051
0.083
0.059
0.083
0.082
0.082
0.083
0.082
0.05
0.089
0.083
0.083
0.083
0.083
0.082
0.082
0.063
0.083
0.083
0.083
0.059
0.081
0.081
0.106
0.083
0.083
0.083
0.08
0.082
0.083
0.06
0.046
0.285
0.112
0.052
0.083
0.082
0.083
0.09
0.083
0.082
0.069
0.083
0.083
0.05
0.089
0.099
0.068
0.082
0.049
0.082
0.051
0.051
0.105
0.102
0.084
0.084
0.084
0.088
0.051
0.084
0.103
0.084
0.088
0.084
0.083
0.059
0.08
0.083
0.084
0.083
0.084
0.081
0.086
0.084
0.088
0.084
0.083
0.083
0.379
0.088
0.083
0.081
0.094
0.106
0.093
0.092
0.093
0.063
0.102
0.091
0.055
0.11
0.083
0.088
0.058
0.118
0.149
0.146
0.078
0.069
0.06
0.101
0.086
0.053
0.09
0.088
0.09
0.05
0.082
0.097
0.081
0.086
0.086
0.082
0.078
0.081
0.057
0.081
0.081
0.087
0.078
0.051
0.082
0.119
0.088
0.083
0.081
0.078
0.082
0.082
0.054
0.096
0.055
0.082
0.063
0.078
0.079
0.082
0.09
0.082
0.088
0.078
0.096
0.053
0.083
0.061
0.081
0.083
0.079
0.083
0.062
0.119
0.093
0.059
0.068
0.063
0.126
0.076
0.089
0.108
0.064
0.078
0.082
0.101
0.086
0.078
0.057
0.046
0.17
0.077
0.079
0.052
0.042
0.092
0.08
0.081
0.08
0.085
0.08
0.08
0.087
0.049
0.085
0.081
0.084
0.086
0.077
0.092
0.08
0.09
0.077
0.08
0.085
0.085
0.093
0.08
0.099
0.089
0.101
0.084
0.083
0.089
0.08
0.08
0.087
0.099
0.077
0.049
0.054
0.084
0.08
0.08
0.092
0.053
0.043
0.077
0.08
0.08
0.091
0.07
0.043
0.085
0.09
0.115
0.08
0.08
0.097
0.085
0.097
0.192
0.246
0.096
0.166
0.171
0.122
0.076
0.09
0.093
0.083
0.084
0.109
0.081
0.083
0.084
0.1
0.081
0.086
0.083
0.074
0.071
0.082
0.078
0.072
0.076
0.08
0.073
0.074
0.053
0.073
0.219
0.142
0.109
0.092
0.144
0.046
0.09
0.095
0.054
0.151
0.088
0.079
0.072
0.075
0.075
0.082
0.044
0.05
0.038
0.075
0.075
0.05
0.047
0.077
0.083
0.078
0.075
0.046
0.076
0.08
0.072
0.036
0.076
0.032
0.044
0.066
0.076
0.076
0.051
0.082
0.079
0.047
0.043
0.041
0.08
0.075
0.053
0.088
0.084
0.064
0.079
0.077
0.077
0.082
0.085
0.071
0.077
0.049
0.101
0.106
0.072
0.048
0.093
0.081
0.073
0.077
0.076
0.077
0.083
0.089
0.076
0.033
0.032
0.035
0.074
0.078
0.079
0.095
0.087
0.107
0.086
0.075
0.076
0.077
0.076
0.079
0.073
0.05
0.043
0.037
0.041
0.075
0.046
0.04
0.054
0.046
0.095
0.048
0.073
0.099
0.08
0.049
0.079
0.072
0.076
0.09
0.08
0.047
0.076
0.094
0.08
0.083
0.073
0.074
0.096
0.098
0.034
0.072
0.08
0.076
0.081
0.048
0.041
0.08
0.073
0.075
0.116
0.047
0.127
0.07
0.075
0.076
0.075
0.05
0.072
0.075
0.047
0.072
0.041
0.074
0.086
0.073
0.083
0.078
0.075
0.073
0.075
0.07
0.072
0.091
0.081
0.073
0.072
0.032
0.075
0.08
0.071
0.075
0.072
0.073
0.082
0.072
0.075
0.075
0.075
0.083
0.08
0.03
0.075
0.075
0.075
0.08
0.072
0.075
0.081
0.082
0.218
0.072
0.032
0.032
0.075
0.072
0.072
0.072
0.076
0.082
0.075
0.079
0.082
0.091
0.098
0.072
0.083
0.082
0.082
0.08
0.08
0.076
0.078
0.077
0.075
0.072
0.078
0.08
0.083
0.089
0.079
0.071
0.092
0.081
0.045
0.079
0.042
0.074
0.074
0.074
0.048
0.071
0.075
0.093
0.074
0.08
0.042
0.076
0.046
0.075
0.079
0.079
0.071
0.073
0.054
0.074
0.083
0.079
0.071
0.074
0.075
0.052
0.079
0.071
0.071
0.074
0.093
0.076
0.096
0.071
0.092
0.051
0.071
0.05
0.048
0.056
0.122
0.102
0.052
0.038
0.082
0.034
0.066
0.093
0.081
0.078
0.042
0.074
0.046
0.08
0.097
0.096
0.071
0.074
0.074
0.075
0.097
0.059
0.071
0.044
0.039
0.049
0.078
0.045
0.071
0.091
0.021
0.018
0.023
0.021
0.013
0.018
0.017
0.015
0.018
0.013
0.017
0.017
0.018
0.015
0.02
0.013
0.018
0.02
0.017
0.014
0.015
0.012
0.018
0.015
0.015
0.02
0.014
0.018
0.017
0.018
0.015
0.014
0.1
0.014
0.019
0.02
0.017
0.022
0.013
0.017
0.014
0.014
0.019
0.021
0.012
0.081
0.075
0.075
0.075
0.079
0.08
0.05
0.041
0.083
0.078
0.076
0.08
0.075
0.04
0.077
0.079
0.076
0.079
0.072
0.029
0.14
0.135
0.081
0.077
0.075
0.075
0.07
0.094
0.077
0.07
0.079
0.076
0.075
0.072
0.084
0.072
0.085
0.072
0.072
0.046
0.075
0.079
0.072
0.072
0.075
0.077
0.077
0.102
0.076
0.086
0.077
0.073
0.087
0.082
0.066
0.042
0.047
0.111
0.082
0.087
0.091
0.08
0.077
0.047
0.072
0.081
0.077
0.075
0.075
0.076
0.08
0.046
0.071
0.086
0.076
0.075
0.098
0.072
0.073
0.074
0.085
0.073
0.075
0.076
0.081
0.082
0.084
0.089
0.083
0.081
0.105
0.084
0.091
0.074
0.093
0.08
0.058
0.083
0.073
0.073
0.081
0.074
0.089
0.082
0.089
0.076
0.077
0.079
0.084
0.072
0.084
0.076
0.075
0.084
0.069
0.076
0.076
0.083
0.073
0.083
0.072
0.076
0.076
0.082
0.071
0.076
0.075
0.077
0.084
0.052
0.047
0.077
0.074
0.076
0.082
0.072
0.072
0.097
0.076
0.083
0.071
0.173
0.098
0.046
0.058
0.052
0.074
0.076
0.082
0.073
0.075
0.075
0.075
0.075
0.082
0.072
0.081
0.095
0.097
0.077
0.083
0.086
0.073
0.191
0.164
0.09
0.084
0.084
0.094
0.104
0.071
0.069
0.072
0.073
0.073
0.086
0.068
0.068
0.071
0.07
0.073
0.08
0.068
0.076
0.074
0.073
0.226
0.15
0.078
0.072
0.073
0.078
0.067
0.072
0.072
0.069
0.079
0.085
0.068
0.078
0.072
0.055
0.079
0.068
0.071
0.072
0.073
0.079
0.044
0.068
0.07
0.071
0.072
0.083
0.078
0.065
0.072
0.073
0.038
0.052
0.049
0.037
0.038
0.071
0.088
0.075
0.072
0.067
0.044
0.071
0.071
0.097
0.099
0.069
0.072
0.097
0.078
0.068
0.093
0.068
0.072
0.067
0.071
0.072
0.079
0.068
0.071
0.074
0.079
0.087
0.075
0.068
0.07
0.075
0.071
0.085
0.082
0.038
0.072
0.075
0.077
0.051
0.084
0.074
0.079
0.079
0.069
0.073
0.083
0.072
0.079
0.068
0.069
0.072
0.074
0.077
0.156
0.079
0.07
0.073
0.074
0.245
0.07
0.074
0.073
0.091
0.08
0.07
0.071
0.074
0.072
0.071
0.08
0.069
0.071
0.075
0.078
0.074
0.083
0.079
0.07
0.07
0.074
0.074
0.076
0.083
0.069
0.073
0.071
0.083
0.081
0.084
0.057
0.083
0.088
0.074
0.051
0.071
0.074
0.073
0.074
0.074
0.08
0.069
0.074
0.073
0.077
0.073
0.08
0.07
0.08
0.074
0.086
0.078
0.106
0.088
0.083
0.08
0.076
0.054
0.037
0.091
0.074
0.071
0.08
0.078
0.069
0.074
0.071
0.074
0.081
0.081
0.067
0.074
0.074
0.08
0.09
0.073
0.078
0.079
0.074
0.08
0.098
0.067
0.073
0.073
0.073
0.08
0.086
0.071
0.116
0.085
0.07
0.053
0.075
0.074
0.074
0.081
0.07
0.074
0.05
0.071
0.074
0.081
0.07
0.074
0.073
0.075
0.073
0.074
0.074
0.074
0.053
0.081
0.083
0.071
0.074
0.074
0.073
0.081
0.081
0.07
0.074
0.076
0.074
0.082
0.093
0.074
0.062
0.075
0.08
0.085
0.07
0.074
0.071
0.072
0.081
0.081
0.07
0.074
0.044
0.074
0.083
0.055
0.072
0.054
0.082
0.074
0.104
0.068
0.073
0.072
0.073
0.081
0.083
0.067
0.073
0.074
0.074
0.083
0.085
0.07
0.073
0.05
0.042
0.044
0.046
0.043
0.037
0.042
0.073
0.073
0.079
0.084
0.067
0.074
0.129
0.074
0.079
0.068
0.067
0.08
0.08
0.066
0.073
0.08
0.08
0.069
0.073
0.073
0.073
0.081
0.082
0.069
0.073
0.078
0.074
0.079
0.081
0.07
0.075
0.072
0.073
0.074
0.08
0.077
0.07
0.074
0.075
0.073
0.092
0.081
0.07
0.073
0.073
0.073
0.053
0.074
0.075
0.078
0.081
0.071
0.069
0.074
0.091
0.074
0.08
0.069
0.07
0.073
0.073
0.074
0.085
0.07
0.069
0.095
0.073
0.073
0.077
0.046
0.074
0.074
0.075
0.08
0.08
0.069
0.071
0.073
0.134
0.071
0.08
0.081
0.08
0.084
0.072
0.073
0.073
0.073
0.08
0.08
0.069
0.073
0.073
0.074
0.08
0.08
0.069
0.073
0.073
0.073
0.086
0.08
0.069
0.074
0.077
0.075
0.08
0.083
0.046
0.071
0.116
0.081
0.079
0.074
0.08
0.046
0.029
0.038
0.073
0.073
0.079
0.074
0.086
0.119
0.071
0.085
0.073
0.082
0.069
0.074
0.08
0.074
0.074
0.08
0.069
0.079
0.073
0.09
0.08
1.231
0.126
0.156
0.077
0.08
0.051
0.069
0.075
0.073
0.074
0.08
0.08
0.073
0.073
819.183
970.936
1231.123
1060.236
719.114
1060.753
1011.156
1121.587
1310.94
1121.052
1818.141
1540.964
1742.081
1071.116
1310.589
1770.8
1651.029
1398.349
1792.94
1412.571
1859.549
818.782
930.104
950.464
569.67
1282.511
1181.835
718.478
1341.537
819.716
1681.035
1793.012
1330.471
1572.053
1392.856
1372.969
0.597
0.077
0.073
0.048
0.08
0.078
0.08
0.07
0.093
0.073
0.074
0.093
0.046
0.083
0.089
0.069
0.07
0.088
0.077
0.081
0.07
0.07
0.076
0.078
0.074
0.044
0.082
0.069
0.07
0.081
0.09
0.074
0.257
0.094
0.076
0.077
0.095
0.084
0.083
0.094
0.073
0.105
0.118
0.097
0.142
0.074
0.045
0.074
0.047
0.073
0.072
0.073
0.073
0.083
0.069
0.073
0.104
0.08
0.08
0.081
0.069
0.04
0.081
0.073
0.045
0.087
0.046
0.093
0.082
0.073
0.069
0.047
0.069
0.043
0.071
0.072
0.076
0.085
0.053
0.041
0.069
0.073
0.074
0.07
0.073
0.075
0.07
0.074
0.072
0.043
0.073
0.092
0.069
0.044
0.094
0.068
0.08
0.092
0.071
0.079
0.087
0.049
0.036
0.081
0.048
0.069
0.081
0.05
0.068
0.08
0.047
0.073
0.087
0.084
0.073
0.072
0.072
0.073
0.045
0.045
0.073
0.079
0.074
0.069
0.081
0.073
0.073
0.051
0.071
0.08
0.052
0.038
0.039
0.084
0.069
0.073
0.079
0.067
0.045
0.088
0.12
0.092
0.073
0.08
0.086
0.082
0.07
0.073
0.079
0.09
0.086
0.074
0.056
0.069
0.072
0.081
0.072
0.072
0.059
0.042
0.038
0.068
0.087
0.073
0.083
0.081
0.082
0.074
0.101
0.053
0.082
0.081
0.08
0.078
0.057
0.036
0.075
0.072
0.074
0.083
0.05
0.074
0.087
0.048
0.04
0.037
0.036
0.038
0.075
0.083
0.067
0.075
0.077
0.103
0.096
0.073
0.051
0.073
0.073
0.074
0.072
0.073
0.081
0.102
0.073
0.041
0.073
0.1
0.06
0.074
0.073
0.081
0.072
0.086
0.049
0.086
0.069
0.087
0.079
0.086
0.08
0.07
0.073
0.07
0.073
0.09
0.044
0.077
0.077
0.074
0.08
0.076
0.086
0.111
0.072
0.118
0.077
0.089
0.075
0.046
0.094
0.074
0.087
0.074
0.074
0.069
0.074
0.082
0.045
0.079
0.073
0.08
0.076
0.044
0.08
0.042
0.08
0.069
0.072
0.079
0.073
0.073
0.068
0.072
0.081
0.158
0.072
0.052
0.072
0.078
0.08
0.072
0.068
0.081
0.044
0.036
0.081
0.068
0.074
0.087
0.093
0.08
0.07
0.08
0.074
0.074
0.043
0.073
0.079
0.074
0.072
0.04
0.073
0.072
0.088
0.074
0.073
0.044
0.038
0.089
0.093
0.129
0.091
0.075
0.053
0.074
0.073
0.056
0.073
0.081
0.083
0.073
0.038
0.041
0.08
0.074
0.08
0.07
0.073
0.09
0.074
0.072
0.049
0.064
0.04
0.039
0.054
0.069
0.079
0.051
0.073
0.078
0.059
0.074
0.05
0.093
0.073
0.073
0.094
0.073
0.089
0.049
0.08
0.096
0.083
0.086
0.074
0.07
0.073
0.083
0.076
0.075
0.076
0.074
0.052
0.074
0.083
0.082
0.046
0.074
0.081
0.082
0.08
0.084
0.078
0.073
0.081
0.073
0.072
0.051
0.075
0.073
0.102
0.074
0.08
0.079
0.079
0.044
0.075
0.069
0.072
0.087
0.073
0.072
0.08
0.045
0.071
0.095
0.095
0.075
0.067
0.084
0.085
0.075
0.04
0.087
0.076
0.075
0.082
0.082
0.074
0.078
0.07
0.071
0.075
0.081
0.08
0.123
0.12
0.069
0.061
0.079
0.072
0.09
0.1
0.065
0.062
0.051
0.071
0.092
0.04
0.069
0.094
0.086
0.079
0.059
0.069
0.079
0.079
0.052
0.099
0.068
0.073
0.084
0.072
0.042
0.087
0.052
0.095
0.086
0.144
0.082
0.069
0.08
0.074
0.08
0.073
0.079
0.076
0.077
0.08
0.068
0.073
0.049
0.072
0.072
0.093
0.033
0.097
0.072
0.08
0.087
0.085
0.075
0.072
0.117
0.086
0.082
0.085
0.075
0.074
0.088
0.048
0.041
0.088
0.081
0.082
0.074
0.102
0.072
0.072
0.097
0.092
0.114
0.055
0.047
0.079
0.073
0.081
0.07
0.057
0.069
0.088
0.086
0.076
0.093
0.072
0.045
0.083
0.074
0.074
0.105
0.073
0.071
0.081
0.074
0.18
0.281
0.117
0.091
0.072
0.023
0.087
0.081
0.081
0.072
0.038
0.08
0.093
0.157
0.077
0.081
0.082
0.075
0.07
0.081
0.058
0.04
0.084
0.069
0.073
0.09
0.078
0.081
0.079
0.083
0.073
0.098
0.05
0.071
0.075
0.074
0.05
0.08
0.089
0.054
0.074
0.044
0.098
0.079
0.068
0.079
0.085
0.073
0.086
0.068
0.05
0.086
0.078
0.072
0.086
0.072
0.052
0.067
0.078
0.079
0.033
0.067
0.079
0.044
0.078
0.073
0.079
0.072
0.047
0.034
0.078
0.078
0.088
0.075
0.077
0.073
0.047
0.049
0.079
0.073
0.097
0.081
0.088
0.074
0.078
0.078
0.04
0.05
0.032
0.038
0.081
0.041
0.073
0.083
0.097
0.125
0.059
0.087
0.044
0.05
0.05
0.078
0.057
0.097
0.096
0.073
0.084
0.047
0.078
0.095
0.059
0.093
0.101
0.084
0.069
0.099
0.085
0.073
0.076
0.114
0.072
0.049
0.072
0.079
0.082
0.072
0.081
0.098
0.044
0.069
0.081
0.079
0.049
0.082
0.07
0.059
0.087
0.073
0.045
0.038
0.072
0.044
0.073
0.085
0.07
0.043
0.082
0.043
0.072
0.069
0.073
0.086
0.072
0.079
0.08
0.044
0.037
0.086
0.05
0.085
0.085
0.046
0.058
0.05
0.081
0.044
0.068
0.08
0.08
0.087
0.079
0.068
0.073
0.054
0.071
0.09
0.072
0.072
0.071
0.049
0.073
0.08
0.094
0.044
0.079
0.05
0.081
0.069
0.056
0.057
0.046
0.055
0.064
0.086
0.09
0.072
0.08
0.067
0.074
0.084
0.071
0.07
0.081
0.078
0.08
0.071
0.073
0.068
0.069
0.083
0.08
0.073
0.085
0.08
0.156
0.051
0.074
0.071
0.051
0.099
0.158
0.081
0.077
0.074
0.055
0.041
0.097
0.05
0.073
0.074
0.052
0.081
0.096
0.039
0.079
0.072
0.079
0.052
0.074
0.09
0.13
0.085
0.05
0.072
0.055
0.038
0.035
0.072
0.072
0.054
0.08
0.073
0.081
0.074
0.085
0.074
0.048
0.072
0.071
0.052
0.081
0.044
0.092
0.082
0.072
0.081
0.072
0.056
0.074
0.061
0.074
0.08
0.074
0.068
0.088
0.067
0.069
0.087
0.149
0.098
0.045
0.073
0.08
0.073
0.079
0.05
0.07
0.044
0.079
0.072
0.07
0.05
0.05
0.08
0.089
0.068
0.071
0.069
0.073
0.072
0.083
0.042
0.08
0.051
0.094
0.05
0.042
0.094
0.038
0.074
0.053
0.081
0.043
0.078
0.051
0.07
0.08
0.068
0.072
0.09
0.069
0.069
0.045
0.073
0.072
0.086
0.079
0.082
0.041
0.051
0.073
0.043
0.12
0.102
0.081
0.081
0.089
0.072
0.115
0.073
0.073
0.044
0.073
0.08
0.05
0.08
0.044
0.086
0.082
0.039
0.067
0.063
0.074
0.073
0.088
0.076
0.08
0.097
0.131
0.078
0.093
0.137
0.093
0.077
0.078
0.095
0.067
0.068
0.051
0.073
0.073
0.088
0.07
0.115
0.194
0.139
0.075
0.131
0.098
0.081
0.088
0.113
0.034
0.082
0.088
0.084
0.04
0.077
0.027
0.074
0.089
0.1
0.056
0.066
0.102
0.143
0.057
0.054
0.074
0.069
0.057
0.25
0.184
0.021
0.089
0.074
0.08
0.082
0.08
0.041
0.088
0.073
0.074
0.045
0.075
0.074
0.052
0.073
0.075
0.083
1.072
0.12
0.051
0.088
0.072
0.056
0.071
0.073
0.055
0.071
0.092
0.073
0.07
0.1
0.074
0.07
0.081
0.158
0.081
0.075
0.055
0.092
0.067
0.074
0.089
0.051
0.075
0.071
0.073
0.085
0.061
0.073
0.083
0.073
0.073
0.069
0.074
0.072
0.082
0.069
0.073
0.052
0.073
0.063
0.053
0.074
0.066
0.057
0.072
0.068
0.089
0.108
0.055
0.091
0.083
0.041
0.074
0.088
0.088
0.079
0.071
0.082
0.09
0.055
0.08
0.088
0.074
0.05
0.069
0.057
0.081
0.072
0.074
0.08
0.049
0.075
0.094
0.07
0.032
0.059
0.081
0.078
0.039
0.082
0.08
0.074
0.058
0.044
0.056
0.083
0.074
0.049
0.061
0.055
0.081
0.055
0.076
0.054
0.072
0.055
0.07
0.074
0.082
0.075
0.073
0.088
0.073
0.072
0.087
0.082
0.133
0.075
0.074
0.101
0.069
0.074
0.07
0.074
0.073
0.069
0.077
0.088
0.073
0.074
0.059
0.055
0.083
0.083
0.075
0.056
0.082
0.085
0.087
0.08
0.08
0.052
0.058
0.071
0.073
0.081
0.053
0.043
0.082
0.074
0.074
0.046
0.073
0.04
0.051
0.071
0.073
0.151
0.069
0.083
0.081
0.073
0.082
0.048
0.073
0.087
0.072
0.072
0.089
0.072
0.079
0.081
0.075
0.08
0.082
0.073
0.068
0.08
0.08
0.074
0.073
0.068
0.072
0.094
0.088
0.079
0.116
0.068
0.067
0.072
0.085
0.072
0.078
0.068
0.078
0.085
0.049
0.039
0.078
0.065
0.043
0.039
0.033
0.082
0.084
0.076
0.072
0.062
0.098
0.108
0.103
0.048
0.081
0.068
0.074
0.085
0.069
0.075
0.067
0.08
0.079
0.085
0.073
0.094
0.109
0.076
0.073
0.048
0.032
0.077
0.074
0.083
0.075
0.083
0.086
0.073
0.069
0.099
0.081
0.038
0.04
0.051
0.04
0.046
0.085
0.08
0.097
0.11
0.044
0.042
0.081
0.078
0.087
0.074
0.089
0.101
0.081
0.074
0.067
0.048
0.072
0.145
0.074
0.073
0.086
0.051
0.04
0.084
0.045
0.075
0.085
0.043
0.034
0.072
0.079
0.072
0.072
0.053
0.049
0.051
0.122
0.073
0.082
0.08
0.073
0.074
0.074
0.089
0.08
0.069
0.075
0.095
0.081
0.053
0.073
0.075
0.08
0.085
0.063
0.075
0.073
0.057
0.073
0.074
0.074
0.073
0.082
0.079
0.101
0.044
0.07
0.073
0.082
0.074
0.074
0.04
0.053
0.081
0.069
0.074
0.052
0.071
0.08
0.08
0.082
0.089
0.073
0.074
0.098
0.072
0.07
0.09
0.079
0.051
0.074
0.074
0.042
0.083
0.036
0.083
0.049
0.035
0.086
0.078
0.147
0.067
0.104
0.081
0.081
0.089
0.068
0.073
0.098
0.079
0.084
0.094
0.068
0.071
0.096
0.073
0.049
0.071
0.079
0.041
0.093
0.045
0.072
0.071
0.1
0.04
0.035
0.084
0.049
0.095
0.081
0.08
0.096
0.114
0.109
0.081
0.089
0.081
0.088
0.081
0.069
0.069
0.069
0.071
0.073
0.074
0.086
0.076
0.079
0.092
0.05
0.115
0.089
0.077
0.13
0.058
0.082
0.073
0.069
0.079
0.091
0.073
0.078
0.087
0.091
0.074
0.055
0.114
0.044
0.041
0.032
0.108
0.057
0.153
0.084
0.087
0.055
0.088
0.056
0.073
0.07
0.073
0.076
0.043
0.033
0.069
0.075
0.089
0.071
0.074
0.051
0.051
1.157
0.157
0.074
0.087
0.067
0.056
0.049
0.045
0.08
0.073
0.08
0.083
0.072
0.088
0.073
0.071
0.099
0.084
0.072
0.081
0.069
0.074
0.081
0.068
0.073
0.086
0.074
0.053
0.084
0.073
0.08
0.045
0.044
0.083
0.083
0.037
0.079
0.079
0.072
0.078
0.066
0.073
0.072
0.041
0.073
0.08
0.041
0.071
0.068
0.073
0.087
0.068
0.087
0.085
0.099
0.048
0.085
0.049
0.087
0.073
0.071
0.051
0.086
0.049
0.072
0.089
0.073
0.073
0.054
0.088
0.078
0.051
0.072
0.08
0.059
0.082
0.068
0.096
0.078
0.055
0.089
0.071
0.074
0.062
0.072
0.072
0.069
0.073
0.073
0.072
0.051
0.035
0.073
0.072
0.078
0.076
0.065
0.05
0.077
0.068
0.084
0.102
0.073
0.042
0.095
0.041
0.074
0.047
0.087
0.08
0.09
0.074
0.051
0.069
0.071
0.088
0.12
0.068
0.062
0.051
0.038
0.089
0.08
0.082
0.07
0.05
0.08
0.079
0.045
0.08
0.084
0.071
0.075
0.083
0.093
0.06
0.073
0.077
0.073
0.078
0.087
0.041
0.081
0.072
0.042
0.069
0.073
0.079
0.085
0.042
0.033
0.076
0.071
0.056
0.073
0.08
0.086
0.078
0.046
0.062
0.08
0.074
0.054
0.05
0.046
0.034
0.067
0.071
0.032
0.032
0.032
0.069
0.074
0.08
0.051
0.072
0.091
0.075
0.033
0.083
0.071
0.097
0.074
0.095
0.073
0.079
0.081
0.079
0.051
0.079
0.066
0.071
0.085
0.071
0.078
0.05
0.047
0.036
0.069
0.072
0.085
0.055
0.045
0.031
0.073
0.081
0.073
0.073
0.092
0.041
0.055
0.081
0.083
0.069
0.074
0.081
0.073
0.043
0.089
0.08
0.072
0.087
0.073
0.073
0.08
0.05
0.08
0.034
0.069
0.041
0.032
0.031
0.072
0.07
0.093
0.073
0.08
0.093
0.079
0.073
0.087
0.073
0.079
0.082
0.074
0.098
0.084
0.072
0.089
0.081
0.076
0.1
0.075
0.07
0.075
0.075
0.083
0.076
0.08
0.071
0.046
0.076
0.098
0.096
0.094
0.124
0.1
0.095
0.08
0.074
0.08
0.073
0.069
0.041
0.127
0.061
0.041
0.052
0.074
0.128
0.096
0.084
0.08
0.105
0.081
0.073
0.081
0.084
0.073
0.079
0.083
0.045
0.079
0.071
0.073
0.05
0.059
0.075
0.057
0.07
0.062
0.078
0.053
0.08
0.073
0.08
0.08
0.083
0.089
0.093
0.071
0.072
0.04
0.04
0.125
0.123
0.077
0.087
0.088
0.095
0.094
0.088
0.066
0.075
0.065
0.077
0.06
0.068
0.083
0.083
0.052
0.052
0.072
0.074
0.091
0.075
0.072
0.091
0.073
0.08
0.08
0.074
0.069
0.069
0.081
0.073
0.072
0.095
0.079
0.072
0.116
0.071
0.074
0.081
0.076
0.069
0.1
0.068
0.095
0.045
0.074
0.042
0.189
0.088
0.072
0.157
0.114
0.079
0.072
0.134
0.05
0.067
0.047
0.069
0.086
0.077
0.04
0.083
0.043
0.041
0.055
0.07
0.083
0.065
0.033
0.076
0.069
0.066
0.038
0.069
0.069
0.076
0.086
0.036
0.034
0.083
0.072
0.098
0.101
0.065
0.068
0.063
0.087
0.04
0.073
0.064
0.078
0.041
0.066
0.075
0.089
0.067
0.081
0.086
0.116
0.077
0.053
0.077
0.065
0.076
0.076
0.073
0.063
0.084
0.071
0.075
0.064
0.074
0.071
0.086
0.076
0.075
0.069
0.071
0.065
0.067
0.073
0.087
0.279
0.44
0.055
0.069
0.08
0.076
0.067
0.098
0.079
0.064
0.085
0.117
0.071
0.074
0.071
0.035
0.066
0.071
0.088
0.07
0.073
0.049
0.072
0.036
0.033
0.078
0.089
0.076
0.067
0.094
0.117
0.076
0.098
0.067
0.071
0.071
0.073
0.08
0.054
0.036
0.066
0.068
0.083
0.063
0.069
0.078
0.068
0.068
0.083
0.068
0.068
0.072
0.07
0.08
0.065
0.07
0.061
0.067
0.069
1.063
0.085
0.067
0.131
0.07
0.065
0.075
0.075
0.071
0.077
0.04
0.066
0.076
0.076
0.076
0.063
0.068
0.069
0.068
0.078
0.082
0.071
0.087
0.075
0.076
0.077
0.043
0.065
0.068
0.071
0.092
0.07
0.069
0.086
0.069
0.048
0.085
0.063
0.068
0.081
0.07
0.072
0.066
0.069
0.069
0.069
0.09
0.07
0.066
0.085
0.079
0.076
0.069
0.076
0.078
0.069
0.074
0.084
0.068
0.144
0.078
0.103
0.066
0.071
0.069
0.065
0.069
0.076
0.064
0.049
0.077
0.085
0.069
0.072
0.088
0.05
0.068
0.077
0.066
0.069
0.077
0.069
0.07
0.078
0.067
0.07
0.036
0.084
0.067
0.075
0.074
0.074
0.076
0.077
0.068
0.067
0.07
0.068
0.084
0.069
0.069
0.078
0.071
0.071
0.077
0.077
0.078
0.075
0.075
0.065
0.037
0.068
0.064
0.069
0.072
0.043
0.086
0.084
0.076
0.078
0.07
0.075
0.089
0.07
0.087
0.089
0.078
0.069
0.069
0.085
0.068
0.09
0.075
0.079
0.088
0.099
0.08
0.09
0.104
0.088
0.085
0.103
0.104
0.15
0.221
0.071
0.073
0.098
0.075
0.048
0.046
0.05
0.052
0.072
0.069
0.08
0.066
0.074
0.147
0.07
0.069
0.049
0.032
0.036
0.077
0.038
0.069
0.054
0.064
0.068
0.068
0.065
0.091
0.08
0.215
0.077
0.068
0.066
0.105
0.076
0.078
0.069
0.048
0.066
0.046
0.084
0.07
0.047
0.067
0.062
0.082
0.069
0.077
0.076
0.068
0.083
0.044
0.069
0.071
0.045
0.077
0.064
0.068
0.068
0.064
0.079
0.078
0.04
0.086
0.069
0.037
0.083
0.039
0.069
0.085
0.074
0.07
0.068
0.039
0.032
0.042
0.069
0.094
0.042
0.1
0.078
0.07
0.065
0.077
0.076
0.066
0.076
0.085
0.074
0.076
0.069
0.076
0.067
0.077
0.078
0.077
0.07
0.065
0.069
0.068
0.082
0.04
0.068
0.083
0.038
0.08
0.065
0.064
0.068
0.075
0.078
0.068
0.055
0.093
0.091
0.065
0.04
0.081
0.066
0.065
0.077
0.055
0.04
0.08
0.095
0.096
0.041
0.085
0.077
0.065
0.069
0.084
0.076
0.07
0.076
0.079
0.038
0.07
0.073
0.046
0.071
0.066
0.122
0.072
0.072
0.123
0.079
0.068
0.043
0.093
0.067
0.079
0.086
0.152
0.065
0.067
0.093
0.065
0.068
0.086
0.068
0.069
0.084
0.068
0.049
0.081
0.072
0.059
0.055
0.069
0.077
0.069
0.094
0.076
0.07
0.077
0.066
0.067
0.055
0.066
0.068
0.03
0.074
0.05
0.083
0.07
0.054
0.071
0.079
0.077
0.042
0.069
0.054
0.076
0.067
0.071
0.077
0.069
0.069
0.074
0.094
0.045
0.074
0.077
0.062
0.07
0.13
0.149
0.09
0.071
0.075
0.066
0.068
0.075
0.066
0.048
0.077
0.07
0.079
0.077
0.069
0.074
0.077
0.053
0.076
0.077
0.069
0.061
0.047
0.072
0.061
0.072
0.076
0.067
0.07
0.075
0.065
0.071
0.085
0.069
0.069
0.076
0.067
0.07
0.075
0.075
0.091
0.07
0.037
0.07
0.07
0.077
0.073
0.07
0.044
0.066
0.076
0.082
0.065
0.077
0.073
0.069
0.075
0.062
0.068
0.07
0.065
0.07
0.073
0.085
0.071
0.16
0.279
0.077
0.069
0.085
0.147
0.084
0.068
0.076
0.096
0.069
0.069
0.066
0.069
0.069
0.121
0.066
0.066
0.054
0.036
0.067
0.07
0.069
0.076
0.066
0.077
0.077
0.07
0.082
0.077
0.066
0.073
0.069
0.068
0.068
0.067
0.07
0.081
0.084
0.062
0.085
0.084
0.067
0.076
0.085
0.065
0.066
0.069
0.069
0.069
0.067
0.072
0.07
0.067
0.082
0.069
0.07
0.085
0.07
0.118
0.076
0.067
0.26
0.069
0.069
0.033
0.078
0.02
0.033
0.035
0.069
0.078
0.076
0.066
0.061
0.066
0.086
0.072
0.069
0.086
0.069
0.067
0.075
0.085
0.077
0.079
0.067
0.074
0.07
0.094
0.045
0.04
0.082
0.07
0.066
0.077
0.075
0.068
0.077
0.067
0.069
0.076
0.077
0.07
0.076
0.077
0.067
0.064
0.081
0.065
0.07
0.075
0.066
0.068
0.066
0.071
0.07
0.074
0.078
0.069
0.074
0.076
0.068
0.076
0.069
0.07
0.075
0.083
0.074
0.066
0.069
0.077
0.066
0.07
0.072
0.076
0.146
0.067
0.075
0.07
0.065
0.067
0.082
0.065
0.075
0.078
0.065
0.069
0.077
0.069
0.069
0.076
0.066
0.046
0.076
0.095
0.131
0.077
0.105
0.168
0.112
0.102
0.088
0.102
0.079
0.157
0.164
0.1
0.088
0.05
0.052
0.081
0.102
0.089
0.074
0.063
0.082
0.068
0.068
0.077
0.064
0.069
0.068
0.064
0.068
0.076
0.068
0.069
0.038
0.087
0.08
0.078
0.094
0.069
0.092
0.067
0.076
0.091
0.066
0.069
0.121
0.08
0.083
0.075
0.056
0.047
0.08
0.093
0.085
0.072
0.071
0.09
0.09
0.088
0.088
0.182
0.084
0.069
0.087
0.119
0.069
0.074
0.081
0.082
0.043
0.068
0.05
0.038
0.067
0.048
0.03
0.042
0.091
0.073
0.079
0.092
0.069
0.049
0.069
0.067
0.046
0.083
0.116
0.075
0.066
0.089
0.077
0.046
0.077
0.065
0.069
0.082
0.065
0.069
0.046
0.072
0.069
0.078
0.077
0.07
0.071
0.083
0.067
0.078
0.077
0.081
0.094
0.041
0.035
0.109
0.068
0.074
0.076
0.067
0.038
0.036
0.03
0.027
0.068
0.068
0.568
0.07
0.073
0.087
0.036
0.075
0.092
0.073
0.092
0.047
0.054
0.062
0.099
0.093
0.097
0.059
0.035
0.034
0.097
0.071
0.041
0.068
0.068
0.116
0.126
0.092
0.088
0.105
0.092
0.093
0.083
0.067
0.092
0.044
0.077
0.099
0.099
0.035
0.084
0.092
0.087
0.038
0.059
0.097
0.091
0.042
0.062
0.062
0.038
0.114
0.07
0.07
0.042
0.03
0.069
0.075
0.036
0.068
0.068
0.076
0.075
0.033
0.098
0.037
0.075
0.083
0.064
0.068
0.078
0.064
0.069
0.064
0.086
0.038
0.068
0.048
0.082
0.066
0.077
0.07
0.069
0.064
0.068
0.066
0.068
0.039
0.068
0.076
0.064
0.068
0.068
0.064
0.068
0.064
0.038
0.075
0.041
0.038
0.057
0.073
0.089
0.066
0.041
0.087
0.041
0.087
0.072
0.075
0.032
0.041
0.028
0.077
0.046
0.068
0.078
0.085
0.064
0.11
0.095
0.129
0.096
0.069
0.076
0.086
0.076
0.066
0.067
0.054
0.076
0.202
0.072
0.129
0.153
0.043
0.035
0.079
0.071
0.077
0.05
0.04
0.065
0.078
0.065
0.067
0.065
0.046
0.068
0.065
0.091
0.065
0.072
0.081
0.072
0.082
0.19
0.134
0.089
0.051
0.067
0.092
0.041
0.116
0.046
0.181
0.08
0.061
0.062
0.074
0.036
0.064
0.036
0.036
0.045
0.065
0.109
0.076
0.064
0.102
0.064
0.075
0.064
0.075
0.064
0.091
0.071
0.064
0.041
0.074
0.031
0.075
0.089
0.029
0.065
0.031
0.084
0.064
0.085
0.215
0.092
0.037
0.03
0.062
0.058
0.058
0.077
0.058
0.03
0.068
0.028
0.027
0.034
0.077
0.055
0.069
0.077
0.072
0.07
0.039
0.062
0.039
0.043
0.078
0.069
0.035
0.076
0.069
0.056
0.039
0.075
0.062
0.07
0.044
0.024
0.029
0.023
0.082
0.06
0.041
0.036
0.072
0.034
0.058
0.044
0.062
0.061
0.045
0.062
0.069
0.063
0.04
0.028
0.04
0.077
0.03
0.067
0.039
0.035
0.082
0.06
0.061
0.057
0.05
0.067
0.087
0.059
0.063
0.08
0.066
0.061
0.059
0.059
0.058
0.066
0.087
0.144
0.062
0.063
0.076
0.064
0.063
0.069
0.058
0.064
0.06
0.077
0.059
0.065
0.051
0.056
0.062
0.06
0.07
0.058
0.062
0.075
0.067
0.054
0.062
0.068
0.058
0.065
0.07
0.067
0.058
0.218
0.099
0.084
0.038
0.079
0.062
0.07
0.059
0.064
0.061
0.076
0.071
0.062
0.065
0.067
0.062
0.062
0.065
0.079
0.064
0.078
0.074
0.059
0.084
0.227
0.04
0.063
0.077
0.042
0.042
0.036
0.078
0.079
0.062
0.041
0.078
0.082
0.032
0.104
0.064
0.056
0.034
0.062
0.062
0.059
0.062
0.063
0.07
0.059
0.063
0.069
0.07
0.029
0.062
0.071
0.07
0.03
0.033
0.063
0.034
0.072
0.031
0.069
0.058
0.064
0.038
0.069
0.061
0.062
0.07
0.069
0.059
0.059
0.063
0.063
0.063
0.078
0.03
0.063
0.062
0.074
0.098
0.065
0.077
0.079
0.03
0.028
0.063
0.076
0.101
0.069
0.06
0.069
0.069
0.076
0.058
0.038
0.062
0.033
0.059
0.062
0.07
0.068
0.062
0.062
0.069
0.058
0.063
0.071
0.125
0.057
0.039
0.062
0.115
0.088
0.071
0.062
0.035
0.079
0.033
0.081
0.071
0.03
0.068
0.063
0.059
0.069
0.08
0.069
0.061
0.075
0.078
0.102
0.072
0.038
0.063
0.028
0.064
0.071
0.069
0.059
0.064
0.068
0.069
0.059
0.038
0.062
0.036
0.07
0.072
0.064
0.032
0.07
0.032
0.071
0.069
0.058
0.063
0.062
0.038
0.06
0.062
0.069
0.069
0.032
0.062
0.069
0.07
0.03
0.07
0.062
0.086
0.059
0.069
0.061
0.072
0.036
0.06
0.029
0.063
0.062
0.035
0.059
0.062
0.07
0.034
0.032
0.059
0.072
0.075
0.059
0.09
0.062
0.076
0.06
0.042
0.067
0.087
0.094
0.072
0.061
0.071
0.073
0.069
0.134
0.077
0.081
0.07
0.063
0.077
0.077
0.039
0.028
0.139
0.076
0.073
0.063
0.072
0.066
0.063
0.036
0.029
0.124
0.102
0.08
0.06
0.033
0.07
0.071
0.058
0.063
0.106
0.094
0.073
0.076
0.036
0.065
0.102
0.045
0.037
0.089
0.075
0.075
0.072
0.049
0.102
0.093
0.093
0.079
0.064
0.088
0.063
0.035
0.036
0.099
0.057
0.061
0.042
0.067
0.047
0.029
0.084
0.078
0.035
0.092
0.082
0.066
0.09
0.044
0.03
0.043
0.017
0.035
0.034
0.074
0.072
0.063
0.137
0.058
0.064
0.07
0.064
0.064
0.073
0.033
0.03
0.038
0.026
0.079
0.063
0.065
0.031
0.047
0.028
0.035
0.068
0.067
0.086
0.08
0.036
0.069
0.061
0.053
0.063
0.034
0.046
0.091
0.039
0.07
0.085
0.103
0.087
0.099
0.082
0.068
0.062
0.075
0.094
0.042
0.03
0.027
0.072
0.073
0.084
0.074
0.077
0.075
0.064
0.076
0.062
0.068
0.063
0.087
0.058
0.066
0.08
0.071
0.028
0.06
0.15
0.079
0.064
0.058
0.062
0.077
0.037
0.033
0.063
0.069
0.076
0.059
0.07
0.062
0.071
0.069
0.07
0.078
0.063
0.077
0.043
0.063
0.081
0.077
0.061
0.071
0.071
0.057
0.095
0.06
0.07
0.067
0.071
0.062
0.036
0.077
0.048
0.062
0.068
0.091
0.068
0.062
0.07
0.06
0.062
0.072
0.1
0.031
0.034
0.03
0.152
0.053
0.059
0.069
0.057
0.07
0.059
0.063
0.061
0.072
0.084
0.066
0.068
0.071
0.057
0.081
0.126
0.076
0.059
0.084
0.064
0.039
0.032
0.063
0.062
0.074
0.065
0.069
0.06
0.092
0.03
0.043
0.083
0.083
0.076
0.083
0.1
0.073
0.06
0.062
0.07
0.07
0.057
0.071
0.06
0.069
0.059
0.079
0.07
0.076
0.036
0.062
0.039
0.059
0.038
0.028
0.036
0.06
0.034
0.04
0.071
0.042
0.03
0.072
0.086
0.05
0.098
0.069
0.058
0.063
0.068
0.07
0.057
0.066
0.069
0.073
0.059
0.071
0.063
0.07
0.093
0.063
0.07
0.062
0.074
0.065
0.072
0.078
0.063
0.059
0.062
0.07
0.07
0.07
0.083
0.058
0.064
0.034
0.08
0.063
0.038
0.071
0.065
0.064
0.07
0.077
0.068
0.059
0.071
0.028
0.064
0.06
0.07
0.057
0.071
0.071
0.064
0.063
0.085
0.072
0.054
0.062
0.063
0.068
0.064
0.068
0.069
0.059
0.062
0.069
0.069
0.057
0.071
0.068
0.093
0.087
0.043
0.075
0.032
0.029
0.055
0.063
0.08
0.077
0.071
0.082
0.032
0.049
0.071
0.028
0.074
0.092
0.067
0.095
0.065
0.136
0.077
0.067
0.071
0.069
0.056
0.065
0.07
0.069
0.038
0.084
0.063
0.064
0.062
0.076
0.062
0.062
0.071
0.056
0.062
0.071
0.07
0.06
0.063
0.071
0.075
0.07
0.059
0.07
0.066
0.07
0.07
0.06
0.063
0.07
0.072
0.063
0.026
0.07
0.141
0.086
0.148
0.069
0.065
0.094
0.091
0.087
0.078
0.081
0.075
0.062
0.07
0.058
0.063
0.058
0.08
0.069
0.063
0.049
0.068
0.072
0.083
0.07
0.063
0.07
0.062
0.062
0.067
0.044
0.07
0.229
0.06
0.07
0.052
0.077
0.062
0.069
0.081
0.061
0.063
0.078
0.074
0.073
0.063
0.082
0.057
0.076
0.07
0.064
0.069
0.064
0.082
0.06
0.065
0.072
0.063
0.077
0.068
0.083
0.059
0.061
0.069
0.064
0.071
0.061
0.068
0.08
0.069
0.059
0.078
0.056
0.071
0.069
0.08
0.062
0.059
0.072
0.07
0.063
0.062
0.075
0.063
0.069
0.078
0.06
0.06
0.069
0.078
0.063
0.062
0.079
0.063
0.058
0.063
0.069
0.069
0.085
0.068
0.062
0.062
0.069
0.077
0.062
0.063
0.07
0.088
0.066
0.058
0.073
0.069
0.072
0.07
0.069
0.066
0.07
0.07
0.059
0.041
0.075
0.067
0.084
0.058
0.069
0.062
0.068
0.069
0.06
0.064
0.069
0.08
0.056
0.069
0.136
0.071
0.059
0.071
0.063
0.063
0.064
0.07
0.07
0.07
0.078
0.059
0.044
0.086
0.044
0.059
0.063
0.075
0.083
0.038
0.078
0.077
0.062
0.075
0.076
0.061
0.069
0.066
0.062
0.062
0.056
0.099
0.062
0.063
0.074
0.152
0.049
0.03
0.058
0.062
0.062
0.08
0.063
0.059
0.062
0.049
0.03
0.07
0.043
0.103
0.063
0.071
0.072
0.064
0.059
0.062
0.08
0.03
0.064
0.071
0.061
0.068
0.064
0.078
0.068
0.072
0.069
0.062
0.082
0.075
0.06
0.081
0.072
0.068
0.082
0.068
0.07
0.07
0.063
0.041
0.043
0.07
0.063
0.037
0.071
0.039
0.157
0.09
0.069
0.144
0.043
0.038
0.064
0.03
0.035
0.07
0.07
0.062
0.062
0.07
0.07
0.069
0.059
0.069
0.069
0.059
0.07
0.063
0.039
0.063
0.062
0.067
0.049
0.078
0.063
0.038
0.07
0.037
0.028
0.032
0.071
0.059
0.06
0.063
0.071
0.062
0.07
0.056
0.03
0.067
0.079
0.062
0.037
0.024
0.076
0.056
0.098
0.036
0.078
0.069
0.064
0.04
0.063
0.07
0.032
0.07
0.041
0.032
0.037
0.053
0.085
0.047
0.087
0.07
0.06
0.063
0.039
0.059
0.063
0.067
0.04
0.064
0.086
0.077
0.064
0.068
0.04
0.08
0.041
0.072
0.057
0.03
0.039
0.068
0.08
0.035
0.077
0.088
0.113
0.042
0.081
0.055
0.08
0.066
0.063
0.077
0.062
0.031
0.072
0.026
0.042
0.083
0.124
0.048
0.069
0.072
0.069
0.062
0.063
0.093
0.068
0.063
0.064
0.042
0.042
0.063
0.137
0.087
0.04
0.078
0.085
0.136
0.071
0.271
0.063
0.058
0.057
0.073
0.062
0.068
0.064
0.089
0.073
0.058
0.058
0.059
0.059
0.084
0.08
0.07
0.062
0.092
0.061
0.061
0.061
0.081
0.058
0.06
0.062
0.134
0.07
0.062
0.083
0.07
0.063
0.075
0.061
0.059
0.064
0.027
0.069
0.041
0.07
0.062
0.078
0.062
0.063
0.068
0.058
0.062
0.069
0.08
0.07
0.06
0.09
0.078
0.063
0.062
0.084
0.058
0.063
0.059
0.03
0.069
0.059
0.078
0.078
0.059
0.063
0.063
0.061
0.071
0.079
0.071
0.064
0.07
0.083
0.07
0.064
0.065
0.039
0.063
0.063
0.064
0.071
0.069
0.027
0.028
0.06
0.061
0.043
0.031
0.065
0.066
0.207
0.255
0.106
0.102
0.092
0.063
0.064
0.033
0.03
0.033
0.028
0.028
0.062
0.063
0.08
0.035
0.068
0.066
0.034
0.048
0.032
0.033
0.063
0.063
0.063
0.093
0.038
0.062
0.07
0.036
0.034
0.026
0.032
0.063
0.063
0.032
0.025
0.062
0.069
0.037
0.07
0.07
0.058
0.058
0.061
0.072
0.069
0.073
0.043
0.041
0.031
0.027
0.088
0.039
0.027
0.067
0.039
0.066
0.067
0.039
0.036
0.061
0.083
0.04
0.063
0.08
0.059
0.062
0.031
0.087
0.059
0.062
0.091
0.072
0.071
0.032
0.073
0.044
0.135
0.068
0.043
0.08
0.038
0.039
0.068
0.062
0.068
0.03
0.027
0.043
0.076
0.067
0.069
0.073
0.032
0.025
0.083
0.033
0.08
0.069
0.043
0.104
0.042
0.063
0.064
0.065
0.068
0.044
0.071
0.061
0.062
0.076
0.079
0.145
0.075
0.067
0.071
0.062
0.063
0.063
0.07
0.072
0.069
0.159
0.073
0.078
0.07
0.058
0.07
0.062
0.06
0.031
0.071
0.067
0.067
0.071
0.078
0.068
0.076
0.062
0.063
0.067
0.074
0.07
0.06
0.071
0.064
0.039
0.074
0.102
0.094
0.226
0.08
0.059
0.064
0.063
0.066
0.07
0.06
0.07
0.084
0.063
0.07
0.074
0.083
0.064
0.063
0.063
0.069
0.059
0.072
0.067
0.084
0.071
0.069
0.032
0.026
0.031
0.041
0.059
0.026
0.026
0.062
0.041
0.07
0.073
0.065
0.065
0.071
0.073
0.074
0.088
0.068
0.087
0.065
0.074
0.081
0.077
0.062
0.061
0.072
0.071
0.069
0.072
0.063
0.063
0.064
0.08
0.057
0.062
0.052
0.065
0.078
0.085
0.062
0.147
0.084
0.063
0.031
0.062
0.028
0.026
0.028
0.063
0.084
0.067
0.045
0.032
0.068
0.03
0.061
0.058
0.058
0.069
0.032
0.068
0.082
0.058
0.068
0.033
0.031
0.07
0.028
0.058
0.032
0.105
0.059
0.062
0.069
0.062
0.063
0.069
0.058
0.071
0.069
0.056
0.057
0.086
0.026
0.069
0.071
0.069
0.061
0.061
0.036
0.062
0.063
0.063
0.049
0.058
0.061
0.046
0.079
0.084
0.119
0.063
0.065
0.077
0.083
0.084
0.073
0.064
0.062
0.036
0.078
0.058
0.074
0.059
0.065
0.074
0.072
0.135
0.064
0.058
0.08
0.056
0.059
0.076
0.069
0.068
0.062
0.076
0.066
0.068
0.142
0.098
0.062
0.068
0.064
0.074
0.063
0.072
0.121
0.069
0.077
0.071
0.062
0.055
0.063
0.063
0.062
0.077
0.059
0.1
0.244
0.077
0.063
0.059
0.069
0.07
0.057
0.068
0.074
0.067
0.064
0.062
0.075
0.063
0.059
0.069
0.077
0.072
0.062
0.058
0.062
0.062
0.054
0.077
0.068
0.069
0.076
0.061
0.063
0.062
0.08
0.035
0.069
0.069
0.055
0.059
0.063
0.07
0.069
0.069
0.056
0.07
0.067
0.062
0.072
0.059
0.059
0.06
0.07
0.068
0.068
0.064
0.062
0.065
0.06
0.162
0.046
0.066
0.068
0.058
0.068
0.062
0.061
0.07
0.077
0.029
0.061
0.033
0.026
0.033
0.058
0.076
0.032
0.066
0.077
0.028
0.062
0.062
0.071
0.033
0.14
0.087
0.058
0.077
0.059
0.058
0.062
0.061
0.069
0.069
0.066
0.137
0.07
0.058
0.058
0.071
0.063
0.07
0.069
0.06
0.065
0.063
0.071
0.082
0.103
0.06
0.063
0.064
0.062
0.07
0.069
0.057
0.068
0.063
0.064
0.064
0.174
0.066
0.08
0.063
0.075
0.063
0.064
0.063
0.067
0.059
0.087
0.119
0.083
0.069
0.058
0.035
0.061
0.04
0.057
0.064
0.071
0.069
0.101
0.072
0.087
0.079
0.074
0.075
0.06
0.071
0.067
0.063
0.072
0.084
0.069
0.033
0.063
0.069
0.059
0.063
0.071
0.061
0.089
0.075
0.059
0.076
0.063
0.076
0.064
0.073
0.067
0.058
0.063
0.064
0.071
0.071
0.058
0.057
0.071
0.109
0.072
0.103
0.058
0.06
0.086
0.062
0.065
0.086
0.063
0.067
0.078
0.063
0.078
0.069
0.032
0.061
0.046
0.04
0.089
0.068
0.07
0.127
0.063
0.063
0.033
0.07
0.04
0.084
0.041
0.037
0.072
0.062
0.072
0.056
0.052
0.408
0.07
0.059
0.064
0.062
0.07
0.031
0.036
0.063
0.063
0.033
0.069
0.081
0.031
0.07
0.03
0.045
0.031
0.064
0.032
0.039
0.072
0.141
0.108
0.076
0.069
0.06
0.063
0.071
0.077
0.061
0.063
0.063
0.059
0.068
0.059
0.087
0.074
0.059
0.059
0.059
0.063
0.062
0.063
0.076
0.024
0.085
0.06
0.031
0.03
0.059
0.07
0.064
0.06
0.065
0.039
0.023
0.037
0.049
0.068
0.028
0.107
0.06
0.068
0.082
0.063
0.058
0.03
0.024
0.022
0.028
0.018
0.022
0.078
0.022
0.069
0.046
0.012
0.019
0.053
0.097
0.059
0.063
0.08
0.063
0.068
0.063
0.15
0.075
0.062
0.115
0.059
0.034
0.071
0.04
0.033
0.07
0.043
0.084
0.047
0.098
0.075
0.07
0.059
0.062
0.059
0.061
0.082
0.06
0.072
0.085
0.064
0.068
0.059
0.08
0.07
0.062
0.06
0.097
0.073
0.064
0.068
0.136
0.062
0.061
0.078
0.061
0.07
0.059
0.082
0.073
0.06
0.063
0.063
0.063
0.063
0.076
0.067
0.063
0.077
0.068
0.07
0.059
0.097
0.071
0.059
0.059
0.063
0.079
0.058
0.078
0.07
0.086
0.064
0.072
0.082
0.064
0.07
0.059
0.063
0.06
0.063
0.078
0.059
0.062
0.079
0.064
0.079
0.062
0.078
0.031
0.059
0.063
0.062
0.057
0.059
0.039
0.061
0.065
0.07
0.07
0.057
0.072
0.064
0.063
0.07
0.062
0.07
0.057
0.077
0.063
0.061
0.045
0.063
0.069
0.052
0.078
0.062
0.059
0.07
0.068
0.082
0.063
0.062
0.068
0.062
0.064
0.063
0.077
0.061
0.063
0.059
0.079
0.071
0.069
0.07
0.063
0.063
0.063
0.071
0.063
0.063
0.07
0.063
0.063
0.075
0.078
0.059
0.069
0.069
0.116
0.059
0.07
0.062
0.071
0.062
0.073
0.135
0.158
0.063
0.098
0.061
0.061
0.059
0.063
0.085
0.072
0.07
0.063
0.07
0.073
0.07
0.059
0.064
0.069
0.059
0.068
0.063
0.063
0.056
0.059
0.07
0.072
0.063
0.052
0.081
0.062
0.063
0.069
0.063
0.069
0.069
0.094
0.073
0.06
0.07
0.086
0.063
0.063
0.074
0.07
0.059
0.03
0.051
0.07
0.06
0.07
0.062
0.062
0.216
0.22
0.077
0.097
0.038
0.076
0.036
0.069
0.03
0.065
0.027
0.04
0.07
0.115
0.063
0.067
0.235
0.07
0.073
0.056
0.071
0.058
0.063
0.07
0.064
0.064
0.07
0.06
0.069
0.057
0.063
0.072
0.065
0.07
0.069
0.066
0.063
0.064
0.063
0.069
0.058
0.061
0.095
0.072
0.071
0.069
0.059
0.071
0.058
0.067
0.069
0.06
0.059
0.074
0.071
0.092
0.092
0.062
0.063
0.073
0.035
1.523
1.608
1.397
0.059
0.062
0.08
0.068
0.069
0.071
0.035
0.061
0.063
0.062
0.083
0.059
0.035
0.063
0.063
0.033
0.07
0.075
0.059
0.036
0.07
0.084
0.073
0.059
0.059
0.032
0.063
0.04
0.106
0.039
0.059
0.074
0.058
0.028
0.069
0.076
0.075
0.069
0.071
0.078
0.062
0.068
0.089
0.078
0.083
0.068
0.068
0.078
0.065
0.065
0.063
0.069
0.069
0.067
0.065
0.065
0.066
0.101
0.052
0.098
0.075
0.068
0.065
0.063
0.063
0.062
0.033
0.027
0.017
0.029
0.012
0.013
0.019
0.083
0.032
0.077
0.059
0.067
0.046
0.028
0.08
0.081
0.085
0.077
0.074
0.09
0.096
0.046
0.044
0.028
0.047
0.059
0.041
0.063
0.032
0.04
0.033
0.044
0.064
0.059
0.064
0.062
0.068
0.082
0.078
0.027
0.069
0.063
0.045
0.058
0.062
0.069
0.028
0.068
0.025
0.062
0.07
0.062
0.062
0.062
0.036
0.028
0.07
0.067
0.031
0.03
0.059
0.077
0.07
0.088
0.072
0.105
0.062
0.058
0.062
0.082
0.09
0.062
0.062
0.063
0.061
0.073
0.059
0.078
0.035
0.065
0.062
0.071
0.07
0.073
0.054
0.033
0.062
0.032
0.038
0.036
0.062
0.068
0.069
0.071
0.069
0.029
0.066
0.07
0.062
0.071
0.059
0.031
0.073
0.034
0.07
0.029
0.075
0.062
0.033
0.032
0.075
0.069
0.057
0.069
0.06
0.065
0.063
0.064
0.034
0.076
0.058
0.058
0.063
0.062
0.083
0.067
0.04
0.038
0.042
0.058
0.062
0.063
0.075
0.036
0.062
0.063
0.069
0.058
0.071
0.046
0.033
0.067
0.043
0.03
0.068
0.059
0.065
0.038
0.07
0.058
0.071
0.033
0.035
0.039
0.067
0.04
0.068
0.063
0.063
0.031
0.032
0.059
0.027
0.026
0.093
0.063
0.059
0.062
0.061
0.07
0.088
0.069
0.061
0.062
0.071
0.036
0.042
0.027
0.058
0.064
0.077
0.068
0.077
0.073
0.045
0.024
0.026
0.098
0.078
0.086
0.083
0.053
0.036
0.067
0.062
0.044
0.063
0.064
0.037
0.077
0.063
0.07
0.057
0.072
0.063
0.062
0.063
0.061
0.029
0.078
0.077
0.065
0.08
0.062
0.058
0.073
0.071
0.042
0.031
0.034
0.086
0.065
0.059
0.038
0.059
0.035
0.026
0.062
0.063
0.082
0.032
0.028
0.059
0.059
0.03
0.026
0.035
0.07
0.072
0.07
0.031
0.064
0.063
0.055
0.059
0.063
0.074
0.099
0.029
0.07
0.058
0.112
0.069
0.063
0.079
0.059
0.063
0.068
0.062
0.033
0.035
0.041
0.06
0.048
0.071
0.07
0.077
0.059
0.071
0.063
0.033
0.026
0.057
0.039
0.047
0.07
0.033
0.07
0.069
0.062
0.031
0.06
0.075
0.059
0.061
0.039
0.062
0.069
0.029
0.069
0.062
0.062
0.067
0.059
0.077
0.028
0.063
0.036
0.061
0.107
0.112
0.463
0.337
0.041
0.075
0.119
0.08
0.057
0.063
0.061
0.069
0.066
0.058
0.063
0.075
0.06
0.068
0.057
0.113
0.071
0.061
0.069
0.084
0.069
0.059
0.069
0.061
0.064
0.058
0.068
0.062
0.068
0.068
0.076
0.062
0.064
0.031
0.03
0.058
0.069
0.062
0.069
0.07
0.044
0.062
0.069
0.062
0.062
0.059
0.058
0.069
0.063
0.072
0.031
0.061
0.081
0.084
0.095
0.04
0.081
0.063
0.062
0.03
0.079
0.06
0.061
0.063
0.063
0.063
0.062
0.041
0.062
0.063
0.07
0.032
0.067
0.06
0.084
0.059
0.06
0.059
0.06
0.029
0.059
0.059
0.058
0.033
0.059
0.104
0.059
0.057
0.071
0.062
0.063
0.066
0.057
0.243
0.086
0.036
0.023
0.061
0.062
0.044
0.058
0.027
0.059
0.034
0.062
0.062
0.062
0.085
0.033
0.068
0.072
0.027
0.063
0.027
0.09
0.055
0.039
0.066
0.043
0.063
0.063
0.064
0.043
0.059
0.059
0.059
0.031
0.059
0.057
0.071
0.068
0.06
0.039
0.044
0.039
0.061
0.095
0.062
0.062
0.07
0.037
0.029
0.069
0.076
0.03
0.311
1.538
0.079
0.07
0.06
0.064
0.067
0.074
0.065
0.076
0.064
0.063
0.07
0.077
0.063
0.063
0.063
0.07
0.059
0.063
0.071
0.066
0.069
0.06
0.063
0.063
0.071
0.059
0.062
0.061
0.072
0.059
0.063
0.065
0.061
0.07
0.068
0.071
0.06
0.069
0.125
0.07
0.082
0.063
0.09
0.074
0.068
0.063
0.063
0.061
0.059
0.077
0.063
0.078
0.073
0.07
0.056
0.062
0.081
0.069
0.072
0.061
0.062
0.07
0.058
0.082
0.07
0.069
0.059
0.062
0.062
0.07
0.059
0.08
0.061
0.04
0.023
0.066
0.078
0.062
0.034
0.033
0.037
0.063
0.069
0.071
0.062
0.039
0.013
0.08
0.046
0.027
0.041
0.076
0.062
0.069
0.059
0.06
0.063
0.09
0.058
0.071
0.062
0.067
0.059
0.062
0.063
0.06
0.059
0.059
0.062
0.063
0.067
0.071
0.07
0.044
0.033
0.063
0.04
0.04
0.063
0.036
0.078
0.07
0.063
0.03
0.083
0.075
0.078
0.07
0.064
0.061
0.064
0.156
0.068
0.068
0.065
0.07
0.08
0.083
0.074
0.088
0.081
0.069
0.072
0.06
0.062
0.07
0.058
0.063
0.062
0.08
0.063
0.064
0.062
0.069
0.058
0.056
0.07
0.062
0.069
0.069
0.06
0.062
0.062
0.079
0.071
0.037
0.08
0.068
0.063
0.059
0.064
0.063
0.034
0.07
0.071
0.032
0.028
0.071
0.028
0.062
0.03
0.07
0.033
0.059
0.063
0.063
0.075
0.059
0.078
0.032
0.063
0.07
0.059
0.062
0.063
0.078
0.031
0.027
0.062
0.03
0.069
0.058
0.069
0.062
0.031
0.085
0.108
0.07
0.067
0.062
0.068
0.069
0.069
0.058
0.063
0.042
0.072
0.066
0.063
0.069
0.062
0.058
0.062
0.063
0.07
0.069
0.056
0.062
0.062
0.07
0.069
0.07
0.064
0.063
0.073
0.058
0.062
0.06
0.071
0.055
0.06
0.066
0.062
0.069
0.056
0.07
0.064
0.059
0.062
0.063
0.078
0.067
0.081
0.061
0.059
0.062
0.068
0.063
0.069
0.081
0.062
0.058
0.062
0.056
0.094
0.069
0.081
0.069
0.069
0.062
0.079
0.058
0.056
0.078
0.058
0.062
0.062
0.059
0.068
0.068
0.085
0.072
0.058
0.06
0.086
0.062
0.074
0.067
0.138
0.083
0.067
0.058
0.069
0.069
0.058
0.062
0.079
0.058
0.063
0.062
0.057
0.062
0.069
0.069
0.062
0.072
0.058
0.062
0.058
0.078
0.056
0.062
0.069
0.079
0.073
0.039
0.078
0.059
0.063
0.073
0.069
0.081
0.069
0.063
0.063
0.059
0.062
0.07
0.082
0.063
0.07
0.059
0.062
0.059
0.06
0.075
0.072
0.073
0.057
0.059
0.063
0.064
0.076
0.062
0.062
0.062
0.06
0.067
0.059
0.083
0.062
0.062
0.063
0.062
0.042
0.058
0.071
0.059
0.133
0.069
0.138
0.071
0.063
0.062
0.067
0.066
0.059
0.062
0.058
0.057
0.089
0.114
0.059
0.063
0.037
0.064
0.063
0.059
0.079
0.059
0.035
0.034
0.032
0.033
0.063
0.062
0.068
0.09
0.079
0.062
0.058
0.057
0.057
0.069
0.075
0.078
0.066
0.063
0.067
0.063
0.062
0.065
0.084
0.074
0.069
0.069
0.062
0.069
0.062
0.094
0.06
0.069
0.061
0.063
0.059
0.063
0.082
0.062
0.07
0.06
0.059
0.063
0.072
0.068
0.08
0.062
0.059
0.063
0.063
0.075
0.062
0.077
0.063
0.067
0.063
0.058
0.063
0.062
0.081
0.063
0.067
0.062
0.07
0.069
0.067
0.073
0.064
0.059
0.061
0.061
0.059
0.062
0.059
0.062
0.06
0.061
0.058
0.058
0.058
0.058
0.07
0.062
0.068
0.062
0.062
0.063
0.059
0.063
0.058
0.061
0.062
0.066
0.066
0.068
0.066
0.066
0.063
0.066
0.085
0.067
0.056
0.058
0.058
0.059
0.059
0.061
0.069
0.063
0.06
0.078
0.066
0.066
0.066
0.066
0.066
0.063
0.066
0.075
0.081
0.062
0.061
0.055
0.061
0.086
0.061
0.06
0.09
0.064
0.033
0.015
0.082
0.067
0.032
0.067
0.03
0.061
0.059
0.058
0.061
0.066
0.058
0.058
0.033
0.066
0.066
0.074
0.031
0.071
0.028
0.06
0.06
0.061
0.061
0.03
0.029
0.061
0.03
0.062
0.061
0.062
0.029
0.061
0.066
0.066
0.068
0.061
0.063
0.04
0.067
0.031
0.062
0.063
0.058
0.063
0.061
0.062
0.058
0.058
0.03
0.075
0.062
0.062
0.061
0.03
0.064
0.061
0.061
0.058
0.057
0.058
0.03
0.066
0.036
0.025
0.027
0.062
0.029
0.061
0.061
0.062
0.061
0.078
0.059
0.026
0.062
0.062
0.062
0.061
0.08
0.061
0.062
0.089
0.067
0.066
0.065
0.062
0.061
0.03
0.071
0.031
0.104
0.025
0.07
0.062
0.061
0.062
0.076
0.027
0.082
0.031
0.028
0.066
0.066
0.072
0.063
0.061
0.062
0.028
0.08
0.065
0.065
0.06
0.058
0.058
0.058
0.061
0.059
0.06
0.105
0.068
0.058
0.024
0.062
0.061
0.031
0.075
0.077
0.067
0.067
0.066
0.067
0.066
0.066
0.061
0.061
0.029
0.061
0.063
0.062
0.061
0.027
0.066
0.033
0.058
0.059
0.03
0.059
0.035
0.08
0.062
0.062
0.07
0.078
0.062
0.061
0.061
0.061
0.059
0.063
0.062
0.059
0.061
0.056
0.056
0.058
0.062
0.062
0.062
0.061
0.061
0.061
0.063
0.067
0.08
0.063
0.062
0.062
0.059
0.059
0.066
0.067
0.066
0.061
0.061
0.062
0.062
0.061
0.064
0.068
0.061
0.062
0.061
0.062
0.061
0.07
0.071
0.069
0.086
0.083
0.063
0.063
0.058
0.059
0.056
0.058
0.058
0.058
0.056
0.058
0.061
0.063
0.074
0.068
0.061
0.062
0.059
0.066
0.059
0.062
0.063
0.063
0.078
0.061
0.068
0.065
0.039
0.064
0.068
0.066
0.031
0.064
0.058
0.058
0.07
0.029
0.062
0.034
0.08
0.061
0.065
0.064
0.062
0.061
0.064
0.062
0.062
0.03
0.061
0.067
0.067
0.03
0.059
0.058
0.058
0.062
0.067
0.065
0.064
0.023
0.059
0.058
0.058
0.033
0.026
0.024
0.07
0.061
0.068
0.061
0.066
0.066
0.068
0.031
0.058
0.058
0.03
0.062
0.061
0.061
0.061
0.061
0.066
0.066
0.03
0.059
0.058
0.026
0.061
0.034
0.062
0.031
0.062
0.062
0.062
0.067
0.033
0.026
0.073
0.058
0.059
0.059
0.063
0.029
0.063
0.03
0.028
0.063
0.064
0.071
0.067
0.067
0.067
0.027
0.062
0.029
0.063
0.062
0.064
0.061
0.055
0.061
0.061
0.068
0.03
0.082
0.071
0.064
0.059
0.051
0.058
0.058
0.058
0.058
0.058
0.058
0.061
0.062
0.059
0.061
0.065
0.062
0.064
0.059
0.063
0.077
0.124
0.079
0.112
0.067
0.066
0.067
0.066
0.063
0.058
0.058
0.059
0.061
0.037
0.061
0.061
0.061
0.061
0.06
0.062
0.119
0.132
0.074
0.084
0.061
0.061
0.059
0.061
0.062
0.063
0.067
0.066
0.067
0.066
0.065
0.066
0.069
0.067
0.055
0.056
0.062
0.055
0.058
0.062
0.061
0.06
0.058
0.059
0.062
0.061
0.061
0.061
0.063
0.061
0.062
0.062
0.061
0.06
0.061
0.061
0.061
0.061
0.061
0.062
0.061
0.061
0.065
0.066
0.07
0.065
0.066
0.066
0.104
0.058
0.058
0.058
0.061
0.06
0.06
0.058
0.065
0.061
0.062
0.063
0.059
0.061
0.061
0.062
0.066
0.059
0.068
0.131
0.061
0.062
0.059
0.061
0.061
0.061
0.063
0.079
0.063
0.068
0.062
0.063
0.069
0.069
0.077
0.061
0.058
0.061
0.059
0.061
0.07
0.109
0.272
0.061
0.064
0.07
0.065
0.059
0.081
0.059
0.058
0.061
0.061
0.058
0.058
0.06
0.061
0.061
0.061
0.061
0.068
0.059
0.066
0.068
0.065
0.065
0.067
0.073
0.064
0.058
0.058
0.058
0.058
0.063
0.063
0.062
0.062
0.062
0.06
0.058
0.058
0.061
0.062
0.061
0.06
0.058
0.062
0.061
0.061
0.065
0.066
0.065
0.065
0.065
0.079
0.063
0.056
0.059
0.058
0.056
0.065
0.061
0.061
0.061
0.059
0.061
0.058
0.061
0.061
0.061
0.061
0.061
0.061
0.061
0.061
0.066
0.066
0.066
0.066
0.066
0.067
0.062
0.058
0.058
0.061
0.061
0.062
0.064
0.061
0.06
0.063
0.059
0.061
0.065
0.058
0.065
0.063
0.058
0.059
0.058
0.058
0.058
0.055
0.056
0.058
0.058
0.058
0.061
0.058
0.061
0.062
0.066
0.066
0.066
0.066
0.066
0.066
0.06
0.064
0.078
0.061
0.062
0.061
0.062
0.061
0.061
0.058
0.06
0.065
0.065
0.067
0.074
0.058
0.06
0.058
0.061
0.056
0.062
0.06
0.08
0.061
0.061
0.061
0.061
0.063
0.062
0.076
0.062
0.08
0.032
0.063
0.032
0.068
0.037
0.036
0.067
0.038
0.032
0.032
0.085
0.084
0.041
0.088
0.084
0.084
0.083
0.083
0.059
0.067
0.037
0.069
0.069
0.035
0.067
0.067
0.038
0.032
0.03
0.042
0.061
0.031
0.061
0.061
0.03
0.061
0.029
0.061
0.028
0.025
0.061
0.061
0.061
0.042
0.083
0.041
0.083
0.089
0.083
0.057
0.036
0.023
0.058
0.027
0.08
0.067
0.067
0.065
0.066
0.065
0.069
0.064
0.061
0.061
0.062
0.061
0.062
0.061
0.063
0.067
0.067
0.065
0.065
0.066
0.058
0.058
0.058
0.058
0.056
0.058
0.061
0.06
0.06
0.063
0.067
0.062
0.061
0.062
0.061
0.062
0.066
0.066
0.065
0.065
0.064
0.065
0.065
0.058
0.061
0.061
0.06
0.069
0.095
0.035
0.03
0.071
0.031
0.025
0.061
0.059
0.061
0.178
0.066
0.067
0.066
0.067
0.065
0.064
0.069
0.074
0.066
0.069
0.069
0.066
0.074
0.075
0.069
0.064
0.105
0.077
0.065
0.106
0.029
0.015
0.066
0.031
0.028
0.025
0.059
0.058
0.059
0.068
0.068
0.036
0.068
0.037
0.068
0.036
0.068
0.086
0.031
0.059
0.059
0.059
0.036
0.069
0.068
0.07
0.068
0.068
0.069
0.036
0.034
0.068
0.068
0.068
0.038
0.068
0.075
0.067
0.074
0.041
0.034
0.067
0.03
0.059
0.059
0.03
0.025
0.025
0.067
0.069
0.069
0.041
0.068
0.069
0.041
0.062
0.062
0.062
0.085
0.073
0.062
0.031
0.027
0.066
0.066
0.068
0.062
0.067
0.069
0.03
0.067
0.068
0.066
0.066
0.066
0.031
0.066
0.059
0.067
0.084
0.085
0.086
0.084
0.084
0.046
0.086
0.066
0.066
0.059
0.059
0.062
0.031
0.068
0.068
0.061
0.032
0.08
0.068
0.042
0.068
0.04
0.027
0.042
0.046
0.041
0.142
0.081
0.084
0.084
0.084
0.084
0.084
0.086
0.084
0.084
0.092
0.059
0.059
0.068
0.038
0.068
0.05
0.077
0.068
0.08
0.068
0.032
0.043
0.073
0.111
0.062
0.061
0.039
0.071
0.107
0.062
0.061
0.134
0.074
0.066
0.068
0.063
0.063
0.063
0.06
0.062
0.062
0.062
0.061
0.069
0.062
0.061
0.062
0.062
0.06
0.059
0.079
0.037
0.059
0.058
0.037
0.111
0.081
0.069
0.075
0.068
0.073
0.068
0.069
0.068
0.062
0.062
0.062
0.062
0.03
0.03
0.082
0.062
0.061
0.075
0.068
0.068
0.084
0.084
0.066
0.031
0.093
0.026
0.07
0.029
0.069
0.07
0.062
0.068
0.066
0.079
0.069
0.066
0.072
0.062
0.067
0.069
0.062
0.062
0.066
0.068
0.069
0.084
0.081
0.072
0.121
0.059
0.025
0.022
0.059
0.059
0.04
0.042
0.028
0.059
0.061
0.031
0.059
0.059
0.059
0.059
0.068
0.031
0.041
0.027
0.062
0.063
0.061
0.062
0.062
0.062
0.062
0.061
0.062
0.061
0.028
0.027
0.058
0.062
0.066
0.062
0.029
0.062
0.059
0.061
0.062
0.031
0.058
0.062
0.066
0.066
0.031
0.066
0.067
0.067
0.064
0.041
0.03
0.059
0.028
0.07
0.138
0.31
0.058
0.062
0.04
0.027
0.028
0.027
0.026
0.062
0.026
0.061
0.061
0.059
0.026
0.026
0.061
0.026
0.026
0.062
0.026
0.115
0.181
0.234
0.062
0.026
0.061
0.026
0.058
0.025
0.033
0.065
0.031
0.026
0.061
0.061
0.067
0.061
0.061
0.063
0.07
0.062
0.062
0.029
0.034
0.039
0.027
0.087
0.066
0.048
0.027
0.068
0.066
0.058
0.028
0.058
0.059
0.061
0.061
0.068
0.061
0.068
0.08
0.061
0.062
0.033
0.033
0.044
0.062
0.081
0.029
0.029
0.084
0.059
0.059
0.059
0.059
0.064
0.033
0.062
0.059
0.062
0.066
0.059
0.027
0.059
0.026
0.062
0.062
0.031
0.068
0.031
0.062
0.062
0.061
0.062
0.067
0.066
0.066
0.03
0.059
0.059
0.025
0.062
0.03
0.069
0.032
0.049
0.076
0.031
0.062
0.062
0.059
0.059
0.028
0.059
0.062
0.032
0.062
0.031
0.027
0.038
0.067
0.062
0.029
0.065
0.025
0.069
0.066
0.066
0.039
0.059
0.059
0.026
0.025
0.062
0.031
0.067
0.042
0.067
0.067
0.048
0.059
0.031
0.059
0.062
0.111
0.029
0.062
0.033
0.066
0.07
0.067
0.068
0.062
0.062
0.062
0.031
0.039
0.03
0.027
0.028
0.024
0.062
0.031
0.025
0.033
0.028
0.067
0.069
0.062
0.067
0.067
0.059
0.059
0.059
0.031
0.062
0.029
0.033
0.064
0.062
0.063
0.035
0.066
0.067
0.066
0.059
0.031
0.059
0.033
0.062
0.04
0.062
0.059
0.027
0.041
0.063
0.04
0.029
0.062
0.054
0.062
0.062
0.062
0.033
0.067
0.067
0.049
0.059
0.031
0.07
0.062
0.032
0.062
0.063
0.062
0.032
0.062
0.038
0.067
0.038
0.059
0.036
0.029
0.027
0.062
0.062
0.081
0.062
0.062
0.063
0.062
0.066
0.033
0.069
0.059
0.029
0.06
0.059
0.031
0.062
0.062
0.07
0.068
0.062
0.029
0.066
0.066
0.067
0.034
0.059
0.059
0.06
0.062
0.062
0.04
0.029
0.062
0.036
0.033
0.067
0.066
0.03
0.067
0.059
0.06
0.059
0.032
0.062
0.062
0.062
0.061
0.062
0.069
0.07
0.069
0.031
0.025
0.062
0.067
0.03
0.025
0.067
0.062
0.031
0.059
0.059
0.062
0.031
0.024
0.059
0.059
0.066
0.032
0.067
0.067
0.062
0.029
0.024
0.062
0.029
0.027
0.062
0.062
0.029
0.062
0.044
0.026
0.038
0.086
0.139
0.063
0.061
0.059
0.062
0.062
0.061
0.061
0.061
0.061
0.062
0.061
0.061
0.062
0.056
0.062
0.062
0.061
0.061
0.06
0.062
0.061
0.062
0.059
0.062
0.062
0.062
0.062
0.061
0.062
0.059
0.061
0.064
0.056
0.066
0.061
0.059
0.065
0.059
0.064
0.066
0.069
0.067
0.062
0.062
0.062
0.062
0.061
0.062
0.067
0.062
0.067
0.067
0.071
0.066
0.071
0.066
0.066
0.066
0.066
0.058
0.059
0.062
0.056
0.062
0.062
0.08
0.061
0.062
0.059
0.061
0.062
0.06
0.061
0.062
0.061
0.091
0.066
0.061
0.066
0.07
0.048
0.066
0.066
0.068
0.071
0.066
0.062
0.064
0.061
0.062
0.061
0.062
0.11
0.07
0.063
0.079
0.066
0.062
0.059
0.061
0.068
0.085
0.067
0.066
0.066
0.062
0.061
0.067
0.061
0.062
0.062
0.063
0.062
0.059
0.066
0.066
0.066
0.067
0.071
0.066
0.067
0.064
0.059
0.059
0.106
0.071
0.164
0.059
0.127
0.077
0.067
0.116
0.06
0.061
0.029
0.061
0.069
0.061
0.061
0.061
0.062
0.062
0.061
0.031
0.058
0.027
0.058
0.035
0.04
0.061
0.028
0.062
0.061
0.061
0.058
0.066
0.058
0.056
0.072
0.143
0.071
0.061
0.061
0.061
0.058
0.058
0.061
0.069
0.062
0.038
0.061
0.061
0.067
0.029
0.073
0.061
0.07
0.058
0.061
0.062
0.061
0.061
0.061
0.061
0.058
0.062
0.061
0.066
0.066
0.066
0.065
0.065
0.065
0.066
0.061
0.061
0.061
0.065
0.061
0.061
0.061
0.061
0.061
0.063
0.067
0.066
0.058
0.058
0.073
0.058
0.056
0.06
0.059
0.061
0.058
0.058
0.058
0.061
0.058
0.061
0.058
0.062
0.061
0.062
0.066
0.066
0.07
0.075
0.066
0.066
0.061
0.048
0.066
0.063
0.083
0.065
0.065
0.065
0.065
0.061
0.06
0.061
0.058
0.061
0.061
0.061
0.061
0.061
0.066
0.066
0.063
0.063
0.066
0.065
0.081
0.056
0.058
0.058
0.059
0.061
0.061
0.048
0.077
0.06
0.061
0.058
0.059
0.066
0.065
0.061
0.06
0.06
0.061
0.061
0.058
0.063
0.063
0.061
0.061
0.058
0.066
0.061
0.059
0.066
0.068
0.066
0.065
0.066
0.07
0.056
0.059
0.058
0.061
0.077
0.063
0.059
0.061
0.062
0.059
0.078
0.061
0.062
0.061
0.076
0.061
0.066
0.066
0.065
0.065
0.061
0.061
0.061
0.058
0.061
0.061
0.059
0.065
0.066
0.066
0.068
0.058
0.058
0.062
0.06
0.075
0.067
0.03
0.062
0.033
0.061
0.061
0.066
0.067
0.066
0.029
0.028
0.059
0.03
0.031
0.027
0.061
0.038
0.027
0.069
0.063
0.031
0.025
0.027
0.07
0.062
0.062
0.065
0.058
0.058
0.058
0.057
0.068
0.101
0.202
0.285
0.057
0.058
0.061
0.081
0.058
0.058
0.059
0.058
0.058
0.056
0.058
0.068
0.067
0.081
0.151
0.062
0.059
0.061
0.058
0.061
0.061
0.066
0.058
0.055
0.058
0.058
0.061
0.061
0.061
0.059
0.061
0.072
0.11
0.107
0.243
0.063
0.068
0.066
0.061
0.064
0.063
0.065
0.065
0.066
0.068
0.067
0.052
0.07
0.082
0.089
0.083
0.083
0.082
0.08
0.058
0.058
0.151
0.068
0.107
0.058
0.058
0.059
0.084
0.06
0.066
0.067
0.067
0.068
0.067
0.067
0.068
0.069
0.072
0.077
0.074
0.065
0.058
0.083
0.087
0.084
0.08
0.089
0.082
0.084
0.069
0.068
0.068
0.058
0.058
0.058
0.058
0.068
0.065
0.068
0.068
0.067
0.067
0.103
0.068
0.067
0.066
0.06
0.073
0.068
0.067
0.067
0.068
0.066
0.067
0.103
0.122
0.061
0.061
0.06
0.061
0.067
0.082
0.085
0.082
0.065
0.062
0.063
0.083
0.058
0.067
0.067
0.089
0.09
0.112
0.085
0.066
0.065
0.065
0.083
0.083
0.065
0.083
0.081
0.086
0.048
0.058
0.058
0.058
0.059
0.059
0.056
0.076
0.059
0.068
0.068
0.068
0.067
0.067
0.068
0.067
0.065
0.068
0.074
0.067
0.072
0.067
0.068
0.08
0.09
0.058
0.067
0.087
0.083
0.08
0.082
0.095
0.067
0.067
0.082
0.065
0.43
0.067
0.058
0.067
0.088
0.067
0.058
0.082
0.082
0.082
0.128
0.116
0.067
0.066
0.059
0.039
0.061
0.08
0.061
0.061
0.061
0.073
0.065
0.065
0.065
0.028
0.058
0.061
0.061
0.029
0.061
0.036
0.085
0.066
0.072
0.083
0.075
0.083
0.065
0.067
0.068
0.071
0.118
0.067
0.067
0.065
0.067
0.068
0.067
0.074
0.067
0.076
0.062
0.067
0.065
0.068
0.085
0.083
0.066
0.066
0.059
0.058
0.058
0.058
0.065
0.1
0.063
0.061
0.058
0.059
0.026
0.059
0.031
0.061
0.028
0.069
0.03
0.066
0.066
0.061
0.061
0.029
0.061
0.028
0.089
0.03
0.026
0.035
0.058
0.061
0.061
0.061
0.061
0.06
0.037
0.075
0.06
0.063
0.026
0.022
0.058
0.058
0.105
0.061
0.061
0.061
0.058
0.028
0.022
0.065
0.061
0.036
0.072
0.028
0.065
0.061
0.066
0.03
0.066
0.031
0.024
0.058
0.058
0.034
0.061
0.061
0.029
0.069
0.029
0.066
0.028
0.023
0.058
0.057
0.063
0.061
0.031
0.061
0.062
0.061
0.03
0.037
0.029
0.065
0.073
0.058
0.057
0.028
0.028
0.076
0.073
0.023
0.066
0.066
0.065
0.026
0.064
0.061
0.056
0.058
0.058
0.058
0.069
0.029
0.106
0.062
0.016
0.068
0.062
0.067
0.061
0.067
0.061
0.061
0.061
0.061
0.084
0.066
0.063
0.065
0.066
0.14
0.074
0.066
0.068
0.065
0.063
0.058
0.076
0.07
0.061
0.062
0.059
0.061
0.061
0.062
0.078
0.079
0.061
0.061
0.061
0.074
0.069
0.058
0.056
0.059
0.068
0.058
0.074
0.034
0.034
0.042
0.034
0.068
0.029
0.026
0.059
0.049
0.065
0.057
0.058
0.029
0.057
0.029
0.023
0.059
0.057
0.067
0.061
0.063
0.083
0.065
0.046
0.066
0.067
0.05
0.028
0.083
0.058
0.057
0.057
0.058
0.073
0.042
0.089
0.058
0.027
0.058
0.058
0.058
0.058
0.03
0.06
0.068
0.065
0.065
0.034
0.036
0.065
0.083
0.033
0.083
0.065
0.058
0.026
0.058
0.089
0.065
0.066
0.065
0.066
0.041
0.058
0.065
0.03
0.066
0.065
0.026
0.02
0.017
0.083
0.089
0.058
0.058
0.028
0.058
0.057
0.027
0.058
0.058
0.06
0.067
0.032
0.061
0.079
0.061
0.061
0.068
0.03
0.061
0.032
0.015
0.017
0.061
0.083
0.067
0.036
0.067
0.036
0.067
0.036
0.045
0.068
0.084
0.083
0.078
0.062
0.063
0.065
0.081
0.066
0.063
0.066
0.066
0.066
0.068
0.058
0.058
0.059
0.058
0.058
0.061
0.061
0.061
0.061
0.085
0.061
0.068
0.065
0.059
0.062
0.062
0.063
0.069
0.038
0.142
0.061
0.059
0.061
0.062
0.059
0.059
0.061
0.061
0.061
0.082
0.061
0.059
0.061
0.061
0.077
0.061
0.079
0.061
0.062
0.062
0.061
0.059
0.063
0.066
0.066
0.066
0.056
0.078
0.041
0.059
0.062
0.061
0.061
0.061
0.062
0.037
0.062
0.061
0.061
0.058
0.061
0.062
0.061
0.061
0.061
0.059
0.062
0.062
0.061
0.061
0.061
0.061
0.062
0.063
0.065
0.177
0.143
0.124
0.036
0.033
0.085
0.047
0.086
0.084
0.083
0.058
0.028
0.03
0.025
0.058
0.039
0.067
0.067
0.067
0.067
0.025
0.099
0.099
0.067
0.062
0.061
0.037
0.067
0.068
0.083
0.066
0.065
0.031
0.032
0.066
0.03
0.014
0.011
0.009
0.058
0.058
0.058
0.027
0.012
0.07
0.059
0.059
0.132
0.07
0.028
0.061
0.07
0.091
0.058
0.058
0.058
0.062
0.061
0.074
0.059
0.063
0.061
0.06
0.061
0.109
0.072
0.061
0.062
0.061
0.061
0.071
0.063
0.066
0.066
0.068
0.063
0.066
0.068
0.066
0.063
0.065
0.065
0.066
0.073
0.066
0.066
0.059
0.056
0.062
0.062
0.068
0.063
0.066
0.143
0.063
0.065
0.066
0.072
0.081
0.065
0.067
0.028
0.067
