0.999 0
1.998 0
2.998 0
3.998 0
4.998 0
5.998 0
6.998 0
7.998 0
8.998 0
9.998 0
10.998 0
11.998 0
12.998 1
13.998 0
14.998 0
15.998 0
16.998 0
17.998 0
18.998 0
19.998 1
20.998 0
21.998 0
22.998 0
23.998 0
24.998 0
25.998 0
26.998 0
27.998 0
28.998 0
29.998 0
30.998 1
31.998 0
32.998 0
33.998 0
34.998 0
35.998 1
36.998 1
37.998 1
38.998 1
39.998 2
40.998 2
41.998 0
42.998 0
43.998 0
44.998 0
45.998 0
46.998 0
47.998 0
48.998 0
49.998 0
50.998 0
51.998 0
52.998 0
53.998 0
54.998 0
55.998 0
56.998 0
57.998 0
58.998 0
59.998 0
60.998 0
61.998 1
62.998 0
63.998 8
64.998 22
65.998 1
66.998 0
67.998 0
68.998 0
69.998 0
70.998 0
71.998 0
72.998 0
73.998 0
74.998 0
75.998 0
76.998 1
77.998 0
78.998 0
79.998 1
80.998 0
81.998 0
82.998 0
83.998 1
84.998 1
85.998 2
86.998 2
87.998 0
88.998 0
89.998 0
90.998 0
91.998 0
92.998 0
93.998 0
94.998 0
95.998 1
96.998 0
97.998 0
98.998 0
99.998 0
100.998 0
101.998 0
102.998 0
103.998 0
104.998 0
105.998 0
106.998 0
107.998 0
108.998 1
109.998 1
110.998 1
111.998 1
112.998 0
113.998 1
114.998 1
115.998 1
116.998 2
117.998 0
118.998 0
119.998 0
120.998 0
121.998 0
122.998 0
123.998 0
124.998 0
125.998 1
126.998 0
127.998 0
128.998 0
129.998 0
130.998 0
131.998 1
132.998 1
133.998 0
134.998 0
135.998 0
136.998 0
137.998 0
138.998 0
139.998 0
140.998 0
141.998 0
142.998 0
143.998 0
144.998 0
145.998 0
146.998 0
147.998 0
148.998 0
149.998 0
150.998 0
151.998 0
152.998 0
153.998 0
154.998 0
155.998 0
156.998 0
157.998 1
158.998 1
159.998 0
160.998 0
161.998 0
162.998 0
163.998 0
164.998 0
165.998 0
166.998 1
167.998 0
168.998 1
169.998 1
170.998 0
171.998 0
172.998 0
173.998 1
174.998 0
175.998 0
176.998 0
177.998 0
178.998 1
179.998 0
180.998 0
181.998 0
182.998 0
183.998 0
184.998 0
185.998 0
186.998 0
187.998 0
188.998 0
189.998 0
190.998 0
191.998 0
192.998 0
193.998 0
194.998 0
195.998 1
196.998 0
197.998 0
198.998 0
199.998 0
200.998 0
201.998 0
202.998 1
203.998 0
204.998 0
205.998 0
206.998 0
207.998 0
208.998 0
209.998 0
210.998 0
211.998 10
212.998 36
213.998 16
214.998 15
215.998 6
234.998 0
235.998 1
236.998 0
237.998 0
238.998 1
239.998 0
240.998 0
241.998 1
242.998 0
243.998 0
244.998 2
245.998 1
246.998 0
247.998 1
248.998 1
249.998 0
250.998 1
251.998 0
252.998 1
253.998 0
254.998 1
255.998 2
256.998 2
257.998 1
258.998 1
259.998 0
260.998 1
261.998 0
262.998 0
263.998 1
264.998 1
265.998 0
266.998 1
267.998 0
268.998 2
269.998 1
270.998 0
271.998 0
272.998 0
273.998 0
274.998 1
275.998 1
276.998 1
277.998 0
278.998 0
279.998 1
280.998 0
281.998 1
282.998 1
283.998 1
284.998 0
285.998 1
286.998 2
287.998 0
288.998 0
289.998 0
290.998 0
291.998 0
292.998 2
293.998 1
294.998 0
295.998 0
296.998 0
297.998 1
298.998 0
299.998 0
300.998 0
301.998 0
302.998 0
303.998 1
304.998 0
305.998 1
306.998 0
307.998 1
308.998 0
309.998 1
310.998 1
311.998 1
312.998 0
313.998 1
314.998 0
315.998 0
316.998 0
317.998 0
318.998 0
319.998 0
320.998 4
321.998 1
322.998 2
323.998 0
324.998 0
325.998 1
326.998 0
327.998 1
328.998 0
329.998 1
330.998 3
331.998 2
332.998 0
333.998 1
334.998 0
335.998 1
336.998 1
337.998 0
338.998 0
339.998 1
340.998 0
341.998 0
342.998 0
343.998 0
344.998 3
345.998 0
346.998 0
347.998 0
348.998 0
349.998 0
350.998 0
351.998 0
352.998 1
353.998 0
354.998 0
355.998 1
356.998 0
357.998 2
358.998 0
359.998 0
360.998 1
361.998 0
362.998 0
363.998 0
364.998 1
365.998 3
366.998 0
367.998 0
368.998 2
369.998 1
370.998 0
371.998 1
372.998 0
373.998 2
374.998 2
375.998 0
376.998 0
377.998 0
378.998 0
379.998 0
380.998 0
381.998 0
382.998 1
383.998 1
384.998 0
385.998 0
386.998 0
387.998 0
388.998 0
389.998 1
390.998 1
391.998 0
392.998 1
393.998 0
394.998 2
395.998 1
396.998 4
397.998 1
398.998 0
399.998 1
400.998 2
401.998 2
402.998 4
403.998 1
404.998 0
405.998 1
406.998 2
407.998 0
408.998 1
409.998 0
410.998 0
411.998 0
412.998 0
413.998 0
414.998 0
415.998 0
416.998 0
417.998 0
418.998 0
419.998 0
420.998 1
421.998 1
422.998 0
423.998 0
424.998 0
425.998 0
426.998 0
427.998 0
428.998 0
429.998 0
430.998 0
431.998 1
432.998 1
433.998 0
434.998 0
435.998 0
436.998 3
437.998 2
438.998 0
439.998 2
440.998 0
441.998 0
442.998 1
443.998 0
444.998 1
445.998 0
446.998 1
447.998 0
448.998 0
449.998 0
450.998 2
451.998 1
452.998 0
453.998 0
454.998 1
455.998 1
456.998 0
457.998 0
458.998 1
459.998 0
460.998 0
461.998 0
462.998 0
463.998 0
464.998 0
465.998 0
466.998 2
467.998 0
468.998 0
469.998 0
470.998 1
471.998 1
472.998 2
473.998 0
474.998 0
475.998 0
476.998 1
477.998 2
478.998 0
479.998 0
480.998 3
481.998 1
482.998 0
483.998 0
484.998 0
485.998 1
486.998 1
487.998 1
488.998 0
489.998 1
490.998 1
491.998 0
492.998 0
493.998 1
494.998 0
495.998 0
496.998 0
497.998 0
498.998 1
499.998 2
500.998 0
501.998 1
502.998 2
503.998 0
504.998 0
505.998 1
506.998 1
507.998 1
508.998 0
509.998 0
510.998 0
511.998 0
512.998 0
513.998 0
514.998 1
515.998 0
516.998 0
517.998 0
518.998 1
519.998 0
520.998 0
521.998 3
522.998 1
523.998 2
524.998 0
525.998 0
526.998 2
527.998 0
528.998 1
529.998 1
530.998 0
531.998 1
532.998 2
533.998 0
534.998 0
535.998 0
536.998 0
537.998 1
538.998 0
539.998 0
540.998 0
541.998 0
542.998 0
543.998 0
544.998 0
545.998 1
546.998 1
547.998 0
548.998 0
549.998 2
550.998 1
551.998 0
552.998 0
553.998 0
554.998 0
555.998 0
556.998 1
557.998 0
558.998 0
559.998 0
560.998 0
561.998 0
562.998 0
563.998 0
564.998 0
565.998 0
566.998 0
567.998 0
568.998 1
569.998 0
570.998 0
571.998 0
572.998 1
573.998 0
574.998 0
575.998 0
576.998 0
577.998 0
578.998 0
579.998 1
580.998 0
581.998 0
582.998 0
583.998 0
584.998 0
585.998 0
586.998 0
587.998 1
588.998 1
589.998 0
590.998 0
591.998 0
592.998 0
593.998 0
594.998 0
595.998 0
596.998 0
597.998 0
598.998 0
599.998 0
600.998 0
601.998 0
602.998 1
603.998 0
604.998 0
605.998 1
606.998 0
607.998 0
608.998 0
609.998 1
610.998 1
611.998 0
612.998 0
613.998 0
614.998 0
615.998 1
616.998 0
617.998 0
618.998 0
619.998 0
620.998 1
621.998 0
622.998 0
623.998 0
624.998 0
625.998 0
626.998 0
627.998 1
628.998 0
629.998 0
630.998 0
631.998 0
632.998 0
633.998 0
634.998 0
635.998 0
636.998 0
637.998 0
638.998 0
639.998 0
640.998 0
641.998 0
642.998 0
643.998 0
644.998 0
645.998 0
646.998 0
647.998 0
648.998 1
649.998 0
650.998 0
651.998 0
652.998 0
653.998 0
654.998 1
655.998 4
656.998 0
657.998 1
658.998 0
659.998 0
660.998 0
661.998 0
662.998 0
663.998 0
664.998 0
665.998 0
666.998 0
667.998 1
668.998 0
669.998 0
670.998 0
671.998 0
672.998 0
673.998 0
674.998 0
675.998 0
676.998 0
677.998 0
678.998 0
679.998 0
680.998 0
681.998 0
682.998 0
683.998 0
684.998 0
685.998 0
686.998 0
687.998 0
688.998 0
689.998 0
690.998 0
691.998 0
692.998 0
693.998 0
694.998 0
695.998 0
696.998 0
