0
0
0
0
0
0
0
0
0
0
13
12
18
11
18
10
14
18
18
19
17
18
24
12
10
22
19
17
20
18
26
7
16
21
19
16
12
15
18
19
22
11
17
18
24
15
18
18
19
24
16
12
9
20
17
17
12
15
12
12
17
20
12
6
0
32
12
20
20
27
13
26
25
11
17
19
17
15
17
12
22
24
16
20
20
23
17
24
19
21
22
28
19
21
16
24
23
13
17
16
24
19
21
24
20
17
22
15
22
23
12
16
22
16
23
20
12
14
20
18
21
20
11
18
17
15
22
14
16
13
19
22
30
23
18
22
27
15
16
20
15
24
17
19
17
26
18
28
12
19
20
18
20
22
17
25
18
13
22
14
22
14
17
23
17
16
13
19
16
25
16
17
17
25
21
13
25
10
17
15
19
12
13
12
19
26
14
21
27
19
14
13
18
14
26
18
21
14
16
19
17
14
19
16
17
18
13
15
25
19
14
7
0
20
1
9
12
1
1
0
4
1
10
12
11
16
4
9
13
17
12
13
9
1
0
3
14
13
11
1
1
1
9
16
3
6
13
15
9
1
14
19
2
0
7
18
13
17
7
1
0
12
20
16
20
6
1
17
21
21
15
22
14
21
14
16
19
20
19
15
17
18
10
16
20
19
19
18
21
17
25
18
24
20
23
19
19
26
21
15
23
17
16
21
19
20
18
20
21
19
25
18
20
25
24
18
18
25
17
24
20
18
21
18
25
21
17
15
1
0
1
12
18
13
23
22
25
23
22
25
22
19
21
26
22
18
18
25
22
23
16
20
21
19
25
15
3
2
0
0
0
0
0
26
23
17
22
21
21
21
21
20
24
21
23
20
19
16
15
19
25
17
22
20
17
21
17
19
19
17
15
15
20
15
20
21
20
24
21
22
18
23
13
2
1
0
0
0
0
0
0
0
19
19
20
21
18
22
22
23
26
24
21
29
20
22
24
14
22
21
21
20
15
20
22
18
0
1
1
0
15
17
19
20
22
17
24
24
20
24
24
15
25
24
20
26
20
22
24
23
23
24
16
21
24
26
25
17
15
21
25
17
21
18
21
17
19
22
17
25
21
20
25
15
23
24
24
23
24
25
17
26
22
20
24
25
19
32
25
14
20
23
21
19
21
20
23
18
10
23
20
16
22
23
17
25
22
21
20
31
16
23
23
22
22
19
23
22
21
15
20
18
22
20
17
23
24
21
19
27
23
19
16
20
18
26
26
19
20
37
22
26
15
20
20
30
24
24
18
33
10
18
24
26
20
22
19
15
25
17
26
27
27
21
19
23
24
22
25
33
21
27
18
30
23
16
17
32
28
25
30
28
18
32
15
20
17
18
24
22
21
24
22
23
19
20
22
29
24
16
21
26
31
28
19
24
24
19
20
23
26
26
25
25
22
22
23
19
26
15
21
22
28
26
25
23
24
25
21
32
26
26
13
21
23
29
20
22
22
25
35
24
2
0
0
0
0
0
0
0
0
0
0
0
0
0
0
0
0
0
0
0
0
0
0
0
0
0
0
