230.412
63.921
136.253
90.128
16.136
26.284
18.718
18.604
16.611
20.542
25.306
23.395
18.68
25.28
16.929
15.246
15.348
15.866
19.875
16.806
19.981
19.234
18.831
23.013
14.866
16.49
14.835
16.421
18.444
18.979
19.348
21.001
22.337
22.89
22.481
13.847
15.161
16.435
16.816
19.127
17.158
18.115
19.307
19.269
21.059
22.265
23.958
16.197
17.206
18.744
18.624
19.725
20.91
18.798
15.833
15.294
14.392
15.251
20.437
14.334
17.43
19.847
19.003
19.785
22.189
18.751
12.684
14.12
14.845
14.056
25.897
18.18
18.415
16.347
18.407
20.723
12.344
15.382
16.878
17.178
19.261
17.526
96.905
11.748
20.416
12.654
13.219
21.51
20.162
14.98
19.01
17.902
19.192
20.043
18.931
20.356
14.675
14.489
22.475
13.967
19.366
16.638
20.58
17.588
19.32
18.824
18.464
21.403
18.739
19.987
13.387
15.277
15.441
16.657
17.026
16.987
20.155
18.825
19.663
20.275
19.686
22.091
13.729
13.134
19.589
16.181
18.413
16.713
23.731
16.669
20.335
18.315
18.941
94.208
22.025
16.563
14.854
14.596
22.335
19.149
19.514
15.203
16.502
15.771
16.213
18.018
19.3
18.877
20.717
13.595
15.157
14.873
15.002
14.815
18.042
17.631
18.931
9.365
20.184
10.387
10.206
11.196
13.415
15.705
9.264
5.81
6.39
5.039
8.688
9.54
8.443
9.096
10.664
9.708
11.233
9.49
11.011
14.734
4.819
6.056
7.295
6.375
10.169
12.22
11.522
9.509
9.725
12.028
4.372
9.759
4.84
4.795
4.92
6.43
8.248
9.107
4.636
8.893
9.474
9.655
9.902
10.053
12.106
3.149
13.341
4.425
5.139
4.282
10.434
6.46
8.58
8.503
8.439
3.346
10.35
9.386
12.011
9.258
4.162
3.619
5.921
5.675
4.784
6.457
7.281
9.155
4.279
6.679
4.666
8.036
71.551
9.638
4.627
8.805
5.676
7.876
6.634
7.859
8.481
8.813
8.447
11.623
12.583
4.302
13.938
9.572
4.129
8.268
6.129
9.623
10.406
7.216
8.603
8.917
8.503
10.414
10.381
10.857
9.498
10.172
11.959
4.246
3.787
4.609
5.627
6.187
7.007
10.104
9.874
10.37
12.337
9.404
11.135
5.204
4.931
12.595
6.433
6.274
8.922
8.92
10.746
9.306
11.596
11.433
9.756
3.944
8.164
10.018
5.73
6.241
7.878
8.696
9.959
8.751
10.798
9.047
9.556
11.375
11.921
3.169
8.965
5.659
5.958
13.163
9.145
5.066
3.933
10.565
9.719
13.358
3.968
3.773
3.805
5.366
6.377
8.479
7.962
11.196
10.459
7.979
12.352
4.115
11.034
9.385
4.011
4.317
10.317
5.964
4.648
7.48
8.834
8.017
8.29
9.34
13.391
11.725
7.583
3.547
3.344
3.825
3.667
6.301
6.497
7.913
8.165
9.617
10.178
9.29
9.021
12.238
10.969
3.685
10.717
4.965
5.758
6.177
7.37
9.5
9.321
10.999
13.06
3519.463
4.327
5.926
4.331
7.109
8.538
6.805
9.213
7.809
8.386
12.425
11.608
11.374
12.164
78.427
5.538
4.831
6.551
7.185
7.325
9.534
10.014
9.134
9.263
12.357
3.291
11.689
3.541
10.129
4.26
3.62
6.423
6.698
6.74
7.559
9.596
10.978
11.159
10.698
4.323
12.141
3.413
3.929
4.306
7.718
6.064
8.701
7.367
8.641
10.024
8.768
12.181
12.461
12.238
3.975
4.71
6.243
4.892
5.613
7.519
68.249
7.836
10.81
9.364
10.643
3.275
5.211
9.679
12.344
6.456
6.534
5.491
7.254
8.097
11.61
3.604
4.276
10.268
4.657
5.636
6.56
9.252
8.868
8.295
9.697
909.524
12.896
11.815
4.729
4.596
5.706
6.122
7.656
7.584
8.972
10.375
9.947
10.697
11.077
11.86
4.619
3.611
5.179
6.193
6.855
8.862
9.964
9.505
9.9
11.394
3.998
3.86
4.497
3.259
5.752
9.686
3.426
8.208
7.201
6.246
8.19
9.788
9.946
12.444
7.582
3.438
4.688
14.096
8.502
10.811
8.479
5.549
4.454
7.382
8.605
8.093
6.663
10.14
9.382
11.791
2985.214
11.307
3.243
2.849
4.417
5.013
10.211
9.912
5.776
8.311
9.746
9.654
10.676
11.75
3.113
3.018
4.237
3.416
2.883
7.939
4.229
4.023
5.9
7.084
6.746
10.327
9.465
4.466
4.179
5.537
5.525
7.388
6.703
9.943
10.915
9.529
11.762
11.691
4.796
4.992
5.03
4.895
8.045
7.393
9.055
9.414
9.936
11.439
3.471
4.046
5.046
4.507
7.372
8.34
5.548
3.3
5.045
5.839
9.101
9.928
10.222
4.149
5.274
3.975
7.736
6.995
6.15
7.597
9.083
8.961
11.038
10.942
10.89
12.473
11.128
11.138
3.916
10.677
13.335
4.135
5.223
6.338
8.222
9.314
9.468
9.702
9.773
10.087
13.241
3.617
3.243
2.772
3.763
4.69
5.523
6.996
7.138
9.687
10.975
8.391
8.376
69.369
12.413
4.301
4.291
7.471
7.37
8.132
8.661
9.498
10.294
10.651
12.967
3.938
3.713
4.314
6.46
5.5
7.206
9.077
6.568
11.166
11.353
11.467
11.632
9.786
13.199
11.998
4.7
3.584
6.731
7.97
8.658
9.012
11.012
9.022
11.588
10.144
5.02
3.295
4.2
8.408
9.755
10.49
10.94
5.505
6.335
9.586
9.372
9.236
3.376
3.617
4.451
3.677
5.204
4.202
6.794
7.371
5.527
10.208
8.35
8.823
10.369
9.762
12.273
2.924
4.147
4.794
4.136
2.443
3.504
4.062
5.353
7.127
8.88
7.946
11.616
12.534
2.788
8.691
11.39
3.404
4.887
5.664
4.996
7.469
7.762
67.576
11.291
10.249
10.64
10.226
3.61
8.66
5.587
4.077
6.397
6.818
7.36
10.475
10.159
13.036
4.134
6.43
3.985
4.004
4.206
4.046
76.099
8.278
9.177
9.436
11.099
3.755
9.655
5.971
5.223
9.479
6.551
12.381
12.348
10.525
3.198
3.501
4.596
4.003
5.804
6.111
6.781
9.872
10.265
8.678
9.815
10.142
11.332
12.151
12.744
3.8
14.097
4.83
5.589
6.303
9.744
7.984
8.705
9.992
9.12
6.656
11.52
12.092
2.909
4.85
5.488
5.449
7.752
8.537
7.869
7.847
10.282
9.867
11.929
10.384
3.786
4.083
4.916
4.722
3.784
7.14
7.84
7.544
8.987
11.988
3145.278
76.723
11.863
3.786
4.243
11.09
11.295
8.156
10.604
11.441
34.68
4.319
3.981
4.477
243.736
7.153
9.282
10.119
9.038
12.0
13.462
3.618
4.549
10.561
9.836
9.793
6.241
6.965
10.915
12.179
12.091
4.418
3.813
10.48
5.851
8.476
6.944
8.217
7.706
9.525
10.975
11.69
11.907
3.3
4.458
4.45
5.78
8.138
10.287
9.89
11.028
3.077
4.987
4.408
4.764
6.581
6.37
8.466
9.48
10.254
9.985
9.452
10.3
4.158
9.227
14.794
5.424
5.295
7.884
4.084
8.022
9.728
3.581
9.636
3.253
3.805
4.572
3.585
3.779
3.896
5.443
6.694
7.007
8.663
9.533
10.554
10.332
3.236
3.566
3.836
6.122
4.337
5.569
7.308
8.025
10.505
11.171
9.638
11.885
4.246
6.05
7.31
10.499
9.623
9.471
10.359
4.275
6.828
7.401
9.022
9.43
10.149
9.771
12.54
12.51
4.656
5.636
9.843
10.676
7.852
8.624
5.393
12.205
13.386
5.168
9.444
5.941
4.432
7.139
9.591
8.722
8.626
10.38
11.407
9.588
10.203
4.207
6.127
7.117
11.607
11.225
10.282
3.41
4.778
3.769
4.126
5.205
6.984
9.477
9.03
10.698
4.475
5.963
4.067
4.019
5.753
6.669
7.807
9.645
10.637
8.372
11.351
9.981
9.967
10.166
3.457
3.089
4.015
4.385
4.997
7.311
6.473
10.236
9.348
9.704
4851.716
10.71
10.774
10.47
11.526
3.588
3.602
5.525
5.432
6.967
7.22
7.565
9.586
9.844
10.614
11.244
11.723
10.087
9.794
10.447
4.78
3.243
10.533
3.66
4.677
5.181
5.665
6.37
9.928
8.05
11.114
12.102
12.191
12.727
5.845
4.932
6.567
10.189
7.76
10.689
8.431
9.063
10.263
13.986
8.078
8.693
10.246
11.658
8.542
11.604
10.219
12.181
12.483
5.941
4.367
5.807
7.854
11.496
7.449
9.446
9.547
10.05
9.672
10.611
11.047
12.086
4.338
11.236
4.656
7.252
167.551
7.977
9.3
7.93
9.268
9.452
8.589
13.654
9.436
9.393
5.004
7.246
8.11
9.996
9.747
10.148
10.142
10.503
11.14
9.013
12.027
5.279
5.19
6.858
9.767
10.151
9.243
11.446
12.752
9.645
13.838
9.635
10.22
4.568
6.761
11.333
10.442
12.96
6.383
6.123
7.624
8.628
10.256
9.999
11.303
11.403
11.818
12.713
4.267
8.687
4.354
9.853
5.588
7.008
8.291
7.605
9.297
10.201
10.636
13.525
6.639
7.965
8.36
10.373
9.51
9.743
10.39
10.365
5.486
4.949
7.351
4.989
3632.948
6.745
7.064
10.33
11.944
10.532
4.192
3.985
4.275
4.547
4.208
3636.039
6.259
9.248
9.435
10.28
8.991
9.413
4.674
6.638
9.304
3.016
9.055
7.661
8.768
11.581
9.598
10.025
12.152
3.269
11.839
4.726
177.339
4.381
9.408
6.668
8.955
9.586
9.335
11.028
10.088
3.604
3.6
3.302
5.265
7.594
8.531
8.922
9.694
9.672
3.042
3.563
3.584
4.681
3.539
5.038
6.41
10.342
7.892
5.835
8.562
9.698
12.326
10.127
9.938
9.936
7.555
8.115
8.377
10.24
11.503
13.177
4.197
8.288
4.982
5.723
7.079
9.122
9.191
11.853
10.275
13.143
10.039
6.87
9.261
7.682
8.378
8.645
9.735
10.569
12.938
4.537
5.119
5.447
4.488
16.359
5.874
9.547
10.93
11.173
11.489
12.31
4.472
3.657
5.252
9.582
5.279
6.1
5.744
8.242
9.296
9.92
12.096
9.588
9.816
11.908
11.418
9.885
5.844
4.091
5.164
6.015
6.213
9.735
8.52
9.504
9.086
4.404
4.477
3.702
10.575
9.183
6.865
8.331
9.459
8.849
8.326
9.609
12.072
8.469
3.884
3362.213
5.488
5.694
10.127
5.457
8.753
10.627
9.975
11.136
10.102
8.279
4.286
850.692
12.321
5.156
6.176
5.094
10.679
8.175
11.081
12.358
4.737
4.929
6.527
4.632
4.788
10.213
7.688
8.268
8.314
10.416
10.784
10.804
4.297
4.338
4.561
6.765
7.256
9.418
10.534
9.34
9.46
10.99
4.219
7.883
4.729
6.591
5.416
9.389
5.704
8.665
9.479
9.074
10.001
11.062
3.896
6.339
5.876
8.055
5.81
4.654
6.804
7.84
4.35
4.81
5.64
8.662
11.177
12.483
8.749
4.315
5.048
8.16
9.414
7.825
10.632
11.844
20.95
21.486
6.007
7.436
4.376
7.281
10.119
5.822
5.708
7.538
10.331
10.697
10.835
9.874
4.819
4.186
4.943
4.584
4.85
7.25
11.03
12.768
11.69
4.335
5.141
4.371
6.949
6.931
9.33
5.971
12.073
10.706
11.631
11.128
12.824
9.526
4.279
5.563
5.241
7.091
7.621
8.332
7.997
8.5
10.69
12.185
9.907
10.023
10.112
5.63
6.987
7.763
8.617
8.028
11.536
10.385
11.007
4.707
4.854
5.465
3.93
5.146
7.491
8.306
8.453
11.205
11.837
11.815
10.297
10.88
11.01
5.169
5.325
6.372
9.098
8.542
4819.946
9.854
11.932
4.181
4.599
4.214
4.228
7.458
8.787
4.932
4.679
7.181
10.838
11.996
11.915
11.606
5.325
4.878
8.505
4.516
7.869
14.292
6.088
9.207
10.121
11.806
9.297
11.797
11.884
9.661
13.261
5.103
6.373
5.915
5.5
8.169
9.982
4.182
9.124
9.79
10.257
5.131
6.354
6.281
8.353
9.905
8.348
11.948
13.767
10.216
13.177
4.74
4.816
4.933
5.849
78.825
8.595
10.212
11.296
9.767
13.696
9.491
12.227
6.368
10.69
12.701
7.678
10.42
7.825
9.956
8.933
9.527
11.233
13.134
6.199
5.815
6.87
11.578
8.53
9.521
12.412
12.644
12.358
12.924
4.595
5.643
78.717
6.021
11.191
12.419
12.315
3.711
2.917
5.737
7.575
8.702
7.003
9.386
5.872
9.343
12.501
11.869
11.393
12.985
9.429
12.254
4.471
6.403
10.098
6.195
10.033
10.819
9.362
9.399
7.762
11.355
3719.032
11.465
4.739
8.401
8.614
5.596
5.634
8.841
5.348
8.537
9.6
11.36
4.105
10.401
9.793
10.595
4.412
5.919
10.264
7.676
6.629
8.494
9.721
11.12
12.265
4.27
4.108
5.314
5.189
7.547
8.754
9.003
7.565
76.68
4.099
4.451
11.318
5.265
7.591
10.86
8.331
11.541
6.968
9.205
10.031
10.311
10.207
4.819
9.755
6.255
8.432
8.919
10.895
4.609
5.048
6.813
8.353
10.766
5.69
11.708
5.223
6.059
8.188
8.518
10.841
10.035
10.882
4.364
4.713
5.74
4.999
7.482
10.658
8.695
8.673
10.525
9.65
9.664
9.592
11.626
11.417
9.6
10.545
4.939
5.408
6.535
8.805
9.334
10.59
12.966
11.854
10.458
13.077
7.361
7.092
9.044
9.435
10.584
11.388
12.148
10.437
9.608
9.627
6.652
5.872
6.146
10.561
9.437
10.966
11.63
11.823
12.095
13.472
5.353
6.635
7.422
7.698
9.007
8.537
10.494
11.06
11.824
8.936
9.944
12.639
3.853
11.397
7.477
6.656
9.191
8.914
9.509
10.171
11.2
11.212
12.242
10.835
4.188
4.0
8.055
7.57
8.702
9.73
9.82
9.779
10.944
11.723
4.118
4.41
4.649
8.418
4.592
6.148
7.065
10.282
9.059
12.301
11.84
11.903
10.399
10.389
10.83
6.683
4.617
6.693
8.202
9.852
9.842
10.611
11.335
12.144
4.843
5.433
9.304
11.311
70.009
9.577
9.791
8.323
4.095
9.79
10.1
12.485
5.917
6.529
8.184
7.657
10.715
8.101
11.614
12.217
4.348
5.167
4.319
6.16
7.51
9.033
10.315
8.928
8.026
9.144
9.631
10.722
11.289
9.653
4.056
3.364
8.406
4.536
3.668
3.115
9.311
9.348
9.222
10.04
4.415
4.272
4.332
3.525
5.134
6.429
10.461
7.223
9.623
11.078
10.053
11.474
4.06
4.173
4.48
5.996
6.141
7.923
8.841
8.066
10.121
10.942
10.504
11.335
11.593
3069.16
4.44
6.168
6.736
9.511
10.785
8.888
10.3
15.362
9.43
11.149
11.208
12.855
4.502
3.229
5.861
9.907
6.757
8.685
9.777
9.164
12.586
12.756
4.637
4.67
9.708
6.216
4.584
7.013
8.662
7.498
8.018
1051.952
7.262
8.907
9.359
4.104
5.152
4.562
7.28
8.172
9.345
9.666
13.08
12.334
10.573
3.651
5.345
6.944
9.219
8.614
9.549
10.402
12.283
9.157
5.934
10.393
9.079
9.497
10.763
12.286
9.995
11.269
12.426
3.751
4.304
5.568
5.406
6.257
6.474
8.629
6.088
3.922
6.505
9.294
3.907
7.775
4.176
8.546
4.827
7.121
7.021
9.024
12.506
6.636
4.296
4.462
5.912
8.1
10.79
4.934
5.583
4.674
6.187
10.902
10.223
8.016
8.942
12.802
3.931
4.306
220.706
4.037
10.233
4.904
9.004
9.418
10.301
10.345
10.413
12.177
13.304
9.581
5.395
10.574
8.148
8.032
8.835
10.12
10.081
3.644
11.148
4.423
5.02
3.873
5.897
5.979
6.297
8.012
7.341
9.572
9.482
10.432
12.79
4.283
3.932
10.619
9.762
6.443
6.985
8.88
10.513
9.546
11.312
12.293
4.813
8.543
10.408
9.185
10.823
10.386
11.101
4.849
4.642
6.429
5.899
7.641
9.358
10.303
9.332
9.831
11.428
10.169
4.864
7.139
7.916
9.767
7.608
7.253
9.178
6.078
12.649
8.985
10.579
3.858
8.599
4.257
5.141
5.705
6.932
7.732
8.37
9.458
9.391
11.499
3.284
3.422
3.485
3.905
5.39
4.105
4.458
7.018
9.174
10.75
9.412
11.643
7.81
4.238
5.098
6.34
2882.75
7.081
8.981
4.98
4.135
5.721
7.388
8.049
9.39
11.99
11.986
13.63
5.343
4.348
4.42
7.077
6.54
10.431
9.186
9.739
10.801
5.675
12.591
9.639
4.074
4.748
3.916
9.64
9.064
8.75
8.185
12.035
4.366
6.008
6.165
8.702
5.597
4.844
5.272
5.895
3.738
5.441
6.253
7.13
8.781
9.825
10.831
10.792
9.228
4.968
3029.87
4.322
4.962
6.134
8.246
10.168
11.033
4.364
4.432
7.252
7.451
90.696
8.582
11.357
9.068
9.849
10.43
10.697
12.659
10.692
4.086
4.734
6.286
8.723
7.062
9.47
10.599
4.086
3.081
4.96
6.689
70.672
6.429
7.809
8.456
11.657
10.416
10.747
2.823
5.722
5.19
9.89
10.639
6.195
8.186
8.514
11.447
11.848
11.831
4.551
33.925
5.407
7.839
10.805
5.363
4.781
9.728
5.818
11.712
4.612
5.611
5.279
3.823
5.339
7.196
7.192
8.841
8.77
9.906
10.553
10.633
9.575
13.642
7.02
8.674
7.375
9.088
6.934
10.661
8.52
10.841
13.034
12.328
9.559
10.473
4.861
7.66
7.696
9.9
10.338
12.797
4.389
4.947
4.466
8.266
9.982
11.192
9.734
4.089
6.648
4.031
2.521
6.751
6.498
9.786
10.469
9.288
10.368
4.275
4.326
7.306
3.822
10.577
5.044
8.69
8.157
9.11
3.945
5.456
4.187
7.488
4.834
76.873
6.425
6.051
8.586
9.719
12.002
11.603
9.738
12.141
4.426
5.389
9.857
8.47
8.011
8.593
6.816
10.693
12.162
12.274
13.388
9.883
12.992
6.145
7.604
8.198
9.87
11.468
11.94
13.51
4.302
4.475
7.92
5.551
5.061
8.008
10.641
10.389
10.311
12.083
11.719
4.488
9.838
13.832
4.543
5.772
6.852
10.412
5.897
8.068
9.405
2.73
10.266
11.588
10.38
12.572
3.212
10.595
3.374
4.527
10.374
6.823
5.476
7.123
8.001
8.075
8.898
9.886
11.988
9.863
12.071
10.203
10.053
9.411
4.945
3.293
7.577
9.239
10.894
9.332
9.182
11.776
11.995
10.502
3.433
3.428
3.718
4.181
4.486
7.053
5.972
6.128
7.679
8.899
8.81
10.404
11.476
10.639
11.713
3.317
2.377
3.624
3.124
9.951
3360.357
4.975
5.515
6.446
8.028
8.595
10.12
9.33
11.377
4.343
5.397
3056.1
5.389
6.9
7.222
7.536
8.539
8.795
10.218
11.573
10.306
10.498
11.034
9.369
12.28
3711.988
3.008
4.898
4.227
6.685
7.641
8.65
7.574
9.47
9.59
4.18
9.98
10.974
10.307
8.352
5.819
168.322
5.035
5.342
5.956
9.407
10.131
10.498
142.91
9.483
10.583
10.227
10.801
3.543
3.689
7.866
4.741
5.276
4.815
6.276
7.459
6.34
10.431
10.64
4.472
3.384
9.068
7.92
6.374
6.669
7.819
9.943
10.922
11.472
12.368
5.466
9.684
11.188
7.013
7.455
8.627
10.01
10.123
11.199
4.407
9.651
4.971
6.112
7.016
7.189
8.402
4.532
10.259
11.508
3.853
4.089
4.485
10.344
5.811
11.365
7.805
8.223
10.799
9.452
11.992
9.964
4.186
8.736
4.756
5.868
5.928
8.637
11.607
10.573
10.128
13.026
9.64
10.362
13.392
4.477
9.402
7.544
8.354
11.42
10.481
10.424
5.218
4.14
5.153
6.52
6.888
10.053
8.004
9.958
9.395
10.024
10.61
11.467
13.002
4.378
6.194
6.303
5.787
4.954
6.718
9.347
10.143
8.66
10.281
10.581
12.771
4.466
6.193
10.186
7.855
8.109
8.747
9.067
9.718
11.674
10.145
9.867
7.257
6.264
4.794
8.036
10.027
6.548
12.256
4.411
7.642
8.18
3.512
11.119
4.556
6.089
7.66
8.715
3.432
10.506
9.465
9.617
4.875
8.279
4.201
5.272
6.219
8.368
9.755
9.053
11.896
12.167
12.803
5.417
5.314
8.468
10.358
10.951
10.734
10.488
11.631
11.495
12.49
13.29
9.988
10.369
7.847
7.579
7.094
8.957
8.088
10.737
10.396
12.621
10.191
6.331
5.187
4.441
7.13
12.307
9.9
10.751
10.46
12.099
13.181
9.476
10.073
10.289
10.395
6.731
10.661
9.588
9.93
10.87
10.884
11.411
4.731
4.555
5.626
10.974
7.999
7.543
9.751
9.458
12.469
9.648
10.36
12.918
4.79
4.416
9.188
7.116
8.618
9.659
9.096
8.696
9.688
11.294
10.878
9.844
11.556
10.795
4.03
8.52
10.303
10.89
5.566
7.027
8.343
8.178
3.684
9.198
3.88
4.482
5.387
6.858
4.615
7.219
10.505
9.459
8.374
9.711
13.066
12.239
10.047
6.144
5.765
11.039
10.132
9.603
11.633
12.594
4.157
4.42
8.292
9.459
5.797
6.214
6.66
9.808
9.036
4.124
4.343
7.829
5.126
4.001
3.944
9.992
10.218
10.491
11.172
10.311
9.488
9.841
11.726
12.125
9.411
6.301
8.557
13.098
10.381
4.757
6.158
6.7
4.483
4.868
6.425
8.508
9.376
10.121
11.941
12.054
12.991
4.578
10.019
7.199
7.826
7.104
9.844
11.505
9.139
11.172
3.646
3.977
4.919
7.144
7.91
10.834
8.74
10.755
11.528
12.132
11.467
5.061
4.301
6.187
10.496
7.582
7.06
6.388
10.03
11.325
4.156
3.458
3.333
4.72
12.397
5.058
6.069
8.036
10.472
11.459
10.826
4.822
5.148
4.963
5.516
8.757
8.905
10.291
10.295
11.697
12.245
10.714
9.572
12.891
5.011
6.909
5.859
8.873
9.144
9.291
11.263
9.827
2.848
4.609
6.777
6.12
7.517
8.85
10.137
8.822
12.203
10.975
9.811
3.777
4.346
5.727
13.221
8.178
8.185
6.603
11.082
11.407
9.836
12.566
3.856
4.54
7.421
3.946
4.562
5.459
6.541
8.878
7.884
9.89
5.659
10.732
13.166
9.323
10.201
10.17
4.147
4.452
6.004
15.686
7.466
8.298
11.03
9.448
9.877
3537.59
10.961
3.927
4.511
5.874
11.199
11.425
12.506
10.417
4.431
4.185
4.963
7.114
8.106
8.463
9.595
10.123
9.678
10.861
11.696
9.968
2.95
4.959
7.891
5.265
4.515
6.806
6.646
3.973
8.384
9.824
3.406
6.513
5.078
6.137
6.425
5.478
4.54
3.833
6.774
7.105
5.629
5.015
5.022
6.313
9.338
9.891
10.076
4248.888
11.978
11.09
9.742
3.646
3.968
6.516
6.638
6.481
7.439
10.61
10.353
4.627
4.051
12.018
5.017
5.638
3.818
5.237
7.924
8.085
7.574
8.476
9.705
10.187
10.475
10.654
29.643
4.229
4.645
4.052
3.636
7.17
6.675
3.641
6.553
8.896
3.623
7.919
4.687
7.383
4.505
4.089
6.605
7.952
3292.84
4.568
5.926
5.393
4.984
8.209
10.787
4.395
4.332
5.438
5.339
6.505
8.271
8.137
8.316
11.768
9.856
3.898
5.299
5.463
7.054
8.326
6.044
5.877
4.769
7.284
8.672
10.507
9.686
9.844
10.75
9.856
3.901
4.967
6.142
8.373
6.467
10.199
11.329
9.448
4.332
11.263
12.454
4.321
9.527
6.277
7.474
10.946
10.048
10.396
12.756
4.632
4.426
5.426
8.463
9.948
10.918
10.724
4.608
4.478
8.694
5.041
7.525
7.966
8.374
10.378
10.395
10.308
4.178
4.092
4.198
6.903
6.393
7.047
10.49
9.467
10.706
8.0
11.074
4.865
6.397
5.253
9.651
10.661
11.75
8.631
4.026
8.374
3.907
8.695
3.44
8.464
9.685
9.38
9.483
4.459
4.779
7.203
4.82
6.179
5.692
7.133
13.466
7.516
11.434
10.146
4.118
4.714
5.082
4.24
7.82
3.979
5.818
6.695
6.797
9.309
12.354
6.263
4.209
5.561
5.351
6.661
8.489
7.06
9.351
9.661
9.968
12.55
12.038
4.03
4.12
4.934
4.416
6.691
5.751
9.574
10.448
9.36
11.962
9.783
9.885
11.063
8.372
4.652
7.372
7.689
9.04
10.339
9.836
12.798
9.558
5.088
5.452
7.04
6.84
8.651
9.763
9.139
11.152
13.044
9.393
11.222
9.99
4.382
9.2
8.497
10.573
4.038
7.594
10.56
4.52
4.749
4.18
5.071
4.926
6.121
10.155
12.198
11.19
4.043
5.423
6.731
6.931
9.754
9.704
10.157
12.085
11.343
9.91
5.361
10.305
10.367
11.102
6.324
9.821
10.071
8.07
7.359
10.976
10.241
9.908
11.005
10.653
4.011
4.133
5.531
9.434
10.924
11.784
4.061
4.307
5.623
7.705
8.992
3.31
7.707
11.572
10.369
3.685
3.973
5.928
4.959
8.171
6.459
10.734
8.764
9.681
10.88
14.18
5.294
11.896
3.76
8.254
5.709
5.649
4.923
8.405
7.736
4.566
7.241
8.491
11.052
10.885
12.339
6.433
4.501
6.595
5.641
9.456
11.031
11.835
13.15
7.08
7.222
8.337
9.049
10.713
11.736
10.985
11.857
4.198
5.486
4.596
14.816
6.804
8.018
7.542
6.641
6.851
8.517
9.783
11.042
10.456
11.104
3.731
4.36
5.648
7.126
10.302
10.457
11.993
5.543
3.519
4.941
5.445
6.892
8.571
6.052
11.088
11.351
3.86
8.877
5.193
10.571
10.233
7.087
7.718
9.396
10.202
9.508
12.607
3.878
4.027
6.688
4.135
5.562
5.595
8.179
7.937
7.394
10.5
12.242
5.744
4.479
9.154
4.882
5.71
7.08
6.103
11.867
14.514
11.677
10.595
3.871
3.917
4.277
9.562
8.649
9.491
9.408
10.893
12.871
4.598
13.224
4.356
7.129
10.171
8.794
10.15
10.048
11.52
11.717
4.375
6.14
6.174
7.819
7.638
10.889
11.139
7.084
4.794
4.218
11.769
4.085
5.634
5.259
5.063
6.813
9.3
10.65
9.971
6.581
5.569
7.666
9.366
8.209
6.476
8.377
10.492
11.716
11.952
5.595
8.426
9.517
9.431
12.33
4.498
4.663
5.064
10.694
8.167
8.467
8.831
9.726
11.408
10.071
4.284
10.701
3.371
11.229
12.524
5.123
4.702
7.451
6.886
10.03
10.786
10.217
4.257
11.484
5.323
5.053
3.98
5.497
7.784
9.486
5.73
9.77
8.626
10.958
11.055
11.051
10.584
4.43
11.139
5.515
3.444
6.65
8.278
9.838
9.032
9.956
12.794
3.803
4.609
4.646
5.923
6.526
66.632
10.624
3.794
3.91
3.625
4.053
2.786
3.877
5.403
4.101
6.248
7.726
8.376
10.586
10.679
10.991
11.361
11.215
2.942
3.747
5.439
6.332
10.403
8.897
9.351
11.121
9.845
10.89
3.357
3.663
3.757
8.07
5.081
4.41
5.195
7.852
7.025
10.523
8.257
8.422
10.291
10.14
3.787
3.803
7.954
4.788
10.209
5.56
7.076
6.951
10.113
10.162
2910.331
7.694
6.596
10.31
10.052
10.165
9.607
11.614
4.925
6.624
5.857
10.152
6.349
6.363
6.501
10.75
8.391
8.894
10.799
4.405
7.892
9.969
11.734
10.816
4.241
5.725
3.984
5.073
7.915
6.661
8.089
8.588
11.144
3.963
5.22
12.498
4.471
4.6
9.035
7.655
68.315
12.707
12.779
5.364
9.631
10.898
4.84
13.144
6.388
10.284
11.82
13.155
4.114
4.228
6.291
6.53
12.422
7.536
7.826
9.466
9.734
10.848
12.689
10.947
13.024
4.475
6.249
5.587
5.98
9.398
9.697
10.476
12.097
7.054
13.148
10.834
5.112
7.295
6.693
9.47
11.244
12.895
9.884
5.043
4.81
6.307
10.062
7.463
7.059
9.955
6.97
10.171
9.414
9.477
10.896
12.548
12.931
10.638
5.0
5.887
7.096
8.15
8.685
10.122
9.03
11.311
4.217
12.192
4.687
5.359
5.617
10.0
7.672
7.794
8.904
9.989
11.532
11.637
4.828
4.831
6.688
6.647
8.928
8.973
10.703
11.329
8.266
10.558
10.012
10.185
3.371
5.038
5.316
7.285
5.902
8.903
9.741
8.403
11.559
3.237
4.766
4.917
4.514
5.572
6.959
8.842
9.676
9.884
2.846
13.317
3.268
5.216
6.436
5.544
7.215
6.806
8.244
7.658
10.645
11.731
13.115
4.673
6.306
6.186
10.098
9.843
7.908
3001.387
9.12
8.953
11.143
10.125
12.131
4.15
5.429
5.968
6.968
9.173
9.992
11.529
11.246
13.072
4.449
4.037
5.515
8.221
6.405
8.256
9.995
9.949
4.619
6.212
7.086
5.365
10.69
9.837
9.217
9.317
9.107
11.637
12.654
5.339
4.415
6.313
6.847
4.782
5.082
7.199
11.416
9.545
4.245
4.895
5.537
11.914
4.394
4.678
8.164
8.598
10.681
10.403
12.02
11.145
3.881
4.821
6.629
6.259
10.019
9.668
6.664
20.806
11.479
3312.864
4.244
4.419
5.621
4.535
7.901
11.576
4.976
5.593
7.473
6.814
10.259
11.699
5.815
5.304
11.822
4.881
10.824
12.356
4.143
8.365
9.592
10.522
11.741
11.223
4.799
5.171
7.107
7.439
5.36
6.794
11.214
4.251
4.518
3.665
10.584
4.894
5.52
7.018
11.477
9.813
9.795
3.861
4.753
5.882
5.243
6.732
10.942
9.979
10.23
9.792
9.857
12.853
11.776
4.961
4.936
4.452
6.139
7.516
9.763
9.522
8.838
4.23
3.803
5.576
4.841
6.188
7.486
9.241
8.788
10.817
12.483
10.072
11.142
4.875
7.001
9.11
9.574
10.386
12.478
10.484
3.547
4.405
74.72
9.655
9.702
10.27
11.369
10.891
12.767
9.666
11.02
5.392
6.293
7.97
8.86
9.09
10.39
11.614
10.479
10.267
4.252
4.754
5.309
5.738
6.05
6.353
6.921
9.504
9.677
6.979
11.36
9.865
11.037
11.784
9.771
6.366
7.236
6.916
10.368
8.901
9.846
9.216
10.429
3.495
8.227
8.829
9.276
8.86
4.692
7.388
8.597
7.934
10.675
12.04
12.382
4.2
4.724
4.073
5.429
7.186
6.841
9.346
6.871
4.171
12.405
4.895
5.946
9.873
5.602
4.535
7.111
7.978
10.171
10.479
4.288
11.345
11.52
5.128
5.407
9.62
5.731
9.201
4.273
3.136
3.818
5.004
4.325
6.151
6.351
8.392
8.729
9.393
18.118
10.358
11.142
14.133
2134.865
2251.538
2629.709
2587.771
2770.542
2884.324
2963.858
3052.229
3090.47
3064.976
2892.468
3260.925
3132.606
3143.494
2899.781
3055.78
10.911
11.815
13.186
10.095
12.925
8.459
9.798
11.195
13.209
5.335
6.423
11.127
10.415
11.56
7.11
10.648
9.837
1846.64
10.199
11.122
14.341
5.612
1816.583
9.477
5.432
11.298
13.457
12.797
12.398
6.792
8.272
10.704
13.643
8.396
10.91
5.457
7.123
8.409
11.168
11.876
4.734
7.337
7.582
7.934
4.856
5.459
6.551
7.626
9.156
8.427
12.534
10.558
6.503
6.299
4.218
8.667
11.815
11.13
4.737
4.977
4.686
5.921
4.895
5.57
7.188
5.523
1962.772
10.727
10.867
7.228
10.028
5.082
9.282
6.753
10.442
3586.894
9.714
7.352
7.029
10.718
13.254
4.153
4.875
6.827
7.775
9.642
1913.53
9.338
10.867
5.435
6.287
6.125
11.16
2269.351
8.832
11.937
10.613
5.327
19.434
12.958
5.693
4.642
4.923
6.799
9.448
7.633
11.438
9.933
13.651
4.556
10.173
6.321
6.692
8.322
10.177
10.647
13.192
4.916
5.097
6.792
8.072
9.041
7.763
11.57
11.675
10.916
5.409
11.154
11.622
12.864
10.253
10.032
8.359
9.185
8.137
6.475
12.682
5.904
5.587
6.959
9.217
6.566
6.839
10.341
6.172
9.33
2543.022
2473.242
2560.861
2748.01
7.126
7.338
11.252
10.728
13.665
13.728
6.43
5.79
7.888
10.068
10.767
9.506
11.456
12.035
13.374
2376.055
7.747
9.037
13.354
6.051
8.097
6.61
7.289
5.305
10.212
9.989
11.653
9.867
10.192
4.893
6.496
7.099
8.712
9.583
10.007
9.528
10.496
6.068
6.162
2257.692
2335.309
2252.92
2408.98
6.224
7.269
6.254
7.841
5.011
11.032
4.492
2364.673
6.476
5.886
8.465
10.006
10.1
72.017
31.98
32.235
4.92
13.617
13.687
9.453
6.091
6.749
9.33
11.965
9.46
6.454
6.941
16.576
2197.758
5.566
7.536
6.407
6.399
10.785
6.001
4.789
6.117
9.005
8.045
5.061
6.218
8.072
6.622
6.119
12.072
4.98
5.891
1905.192
8.172
11.524
4.625
6.029
4.762
6.16
4.304
3.888
6.39
6.772
9.823
9.5
8.297
5.218
9.303
5.422
5.478
8.202
8.856
8.916
11.057
11.25
5.414
2228.304
8.214
8.317
10.144
11.72
11.26
10.991
4.16
4.344
4.549
8.903
1742.963
6.454
7.383
7.505
9.33
7.134
12.779
10.219
3.893
6.169
6.899
10.113
6.867
4.109
8.821
9.905
12.538
11.428
9.569
5.959
4.654
10.534
8.098
1784.086
2393.442
1789.566
5.536
9.229
5.279
9.113
8.717
12.178
7.836
10.716
12.4
13.265
4.892
10.328
10.047
12.096
6.715
8.184
8.655
9.049
10.851
11.96
13.02
9.787
14.167
10.358
11.036
3.995
6.649
9.819
10.375
7.194
8.519
4.454
5.56
5.192
5.612
9.872
11.334
3.654
3.872
6.27
9.435
6.369
8.768
6.638
4.78
7.708
9.984
5.294
6.633
5.988
12.85
12.021
4.94
8.902
11.597
12.225
5.21
3.628
8.825
10.317
6.082
1793.014
2384.224
10.79
4.499
9.315
9.861
7.699
9.66
4.454
7.072
9.831
7.228
11.889
11.26
12.06
5.342
8.832
8.674
14.962
6.679
6.106
6.955
9.349
10.62
9.492
9.583
13.209
8.464
4.003
13.601
5.638
10.675
10.737
8.316
8.148
7.963
10.368
8.814
6.556
12.765
6.871
9.592
10.258
6.722
8.035
6.62
9.371
12.632
11.134
12.026
10.189
5.538
5.01
4.844
6.053
7.326
5.685
9.594
6.715
9.701
14.128
12.527
10.136
11.838
6.314
6.235
6.158
6.414
8.92
14.317
6.03
7.297
9.453
2389.075
1889.011
15.741
16.75
10.836
10.684
14.0
5.334
8.524
5.371
7.742
6.787
8.423
8.469
12.197
10.882
8.954
12.298
4.389
2310.515
13.627
12.713
12.695
4.625
8.11
6.357
7.801
8.973
10.041
9.346
9.796
11.997
4.716
14.223
5.226
14.17
11.637
6.489
6.589
8.049
10.085
10.862
10.597
12.144
11.201
11.661
10.032
4.858
5.264
7.459
2045.02
9.207
5.731
4369.148
8.946
10.541
10.536
10.868
11.492
6.847
8.106
7.636
7.463
7.182
10.67
10.0
9.747
2150.799
12.443
1972.706
10.46
3.91
5.467
9.075
9.602
9.705
11.374
10.521
7.381
6.893
4.989
5.944
7.639
5.986
7.984
8.112
10.349
11.309
10.223
4.698
10.15
12.927
5.073
6.243
8.057
8.702
4.52
6.631
7.524
5.402
4.762
6.029
12.3
12.144
6.946
4.304
5.314
8.321
8.921
6.329
7.997
12.83
1866.633
7.693
5.385
6.108
5.078
7.978
8.83
9.007
10.453
12.292
9.438
12.64
4.795
6.723
9.977
7.568
8.635
8.184
10.065
11.874
12.535
11.085
5.377
7.137
9.785
2153.599
11.801
10.861
10.47
10.92
4.185
5.104
3.158
4.611
4.709
7.177
4.66
6.985
8.437
7.966
7.971
5.646
6.595
7.943
6.299
9.751
9.516
10.072
5.144
9.689
4.828
4.667
5.323
10.824
9.934
5.455
11.916
4.731
13.045
9.512
5.192
4.898
6.045
9.703
5.874
1881.406
7.256
11.592
2109.693
10.796
7.124
5.211
11.201
1987.086
11.305
4.986
6.294
4.289
4.493
4.585
8.1
7.304
7.616
4.689
4.299
7.441
5.297
8.866
8.273
12.883
4.655
11.311
12.185
4.767
5.252
4.679
4.569
4.029
9.815
7.665
4.391
10.386
4.713
11.7
4.089
10.933
4.245
7.206
10.083
9.528
10.741
13.346
6.962
6.178
6.567
10.112
9.503
9.86
3.981
4.706
12.003
10.286
73.256
5.288
4.563
10.293
7.128
12.412
9.902
8.595
9.66
5.3
4.585
8.82
5.449
6.428
6.019
8.492
6.561
9.32
8.788
9.792
12.288
7.052
4.236
10.459
10.193
4.344
4.328
5.295
12.589
6.402
7.025
1843.8
8.649
10.335
5.819
11.439
9.447
11.683
10.063
12.684
6.948
4.199
6.165
10.884
9.933
7.316
13.021
12.066
6.507
4.741
4.319
11.82
9.004
3.631
11.444
5.788
7.667
4.877
6.365
4.541
5.266
7.102
3.396
6.997
8.347
12.164
12.943
9.452
4.445
7.79
10.063
10.456
10.547
11.118
10.554
4.366
6.898
7.048
11.787
8.915
11.167
9.778
9.519
10.34
4.104
10.026
11.17
8.878
5.656
12.106
8.134
10.332
9.055
9.643
13.258
8.816
12.199
7.329
11.979
10.896
12.568
5.462
5.524
7.625
9.572
4.85
5.26
5.101
7.407
6.331
6.2
7.482
6.901
7.918
8.719
9.333
10.908
11.858
6.898
12.698
7.899
3.756
5.34
6.472
4.17
6.451
4.856
5.638
8.173
7.644
7.945
2260.723
10.682
8.886
11.35
13.062
11.944
4.922
10.266
2.552
5.144
3.859
7.201
7.75
6.478
8.218
7.731
5.522
4.893
12.718
8.712
8.855
11.143
10.9
4.428
4.207
9.154
7.362
5.537
6.573
7.529
9.865
10.35
4.875
12.534
4.201
10.822
5.905
9.969
10.345
8.521
9.476
4.999
10.848
10.362
13.207
4.502
5.039
10.817
5.448
6.753
10.506
10.522
8.082
3.821
7.858
8.815
7.442
9.704
9.3
10.266
9.959
12.447
7.075
3.444
7.496
9.584
4.877
7.636
9.644
10.099
9.532
10.178
10.871
3.911
4.451
5.86
6.211
10.522
6.54
6.904
7.014
7.739
8.047
8.161
1880.151
9.09
9.135
9.951
6.575
8.642
13.263
6.633
3.271
6.032
6.741
5.487
7.695
7.847
3.324
10.09
10.091
9.249
12.528
4.49
6.701
7.235
4.631
4.601
8.765
3.542
10.202
9.627
10.077
11.665
9.855
4.664
13.015
5.888
6.247
1886.783
8.791
7.849
7.323
7.485
10.896
8.756
8.302
9.873
6.284
12.665
9.005
4.277
4.701
4.827
4.955
4.888
4.506
6.874
8.14
7.37
9.312
8.725
11.251
9.985
4.289
7.31
4.358
3.762
8.633
7.191
7.891
7.783
5.241
4.852
10.656
4.801
11.253
12.629
4.003
4.484
4.503
5.017
8.273
10.469
9.879
7.845
10.996
10.39
8.837
11.856
4.296
5.81
4.536
6.13
7.921
5.938
7.12
10.947
9.813
15.337
5.814
11.393
3.632
9.233
4.503
12.184
4.53
5.423
8.43
10.758
9.743
12.068
6.902
3.765
5.223
4.183
11.699
6.401
3.967
5.387
10.559
7.326
7.53
3.377
4.907
5.359
10.137
7.182
2169.183
9.887
10.014
9.478
12.606
5.703
12.107
7.238
12.937
11.308
4.575
5.54
6.681
6.42
7.673
5.802
11.052
9.212
12.099
9.683
9.629
12.332
4.258
8.887
3.613
6.971
8.614
5.418
10.838
6.032
8.132
9.696
6.471
6.717
13.306
5.252
5.203
6.412
6.917
7.358
8.477
11.691
9.495
10.883
12.025
3.962
5.395
5.533
7.687
7.846
5.998
10.028
9.174
10.705
10.251
4.161
4.522
6.805
9.754
6.827
9.058
10.278
11.291
8.462
10.099
4.02
3.947
9.556
5.98
7.37
8.884
8.78
9.018
10.879
11.01
10.759
12.498
10.635
4.66
5.418
7.367
4.809
9.268
10.51
11.418
12.831
3.855
4.316
4.561
11.679
5.576
8.454
10.263
9.437
10.803
11.668
9.485
4.345
11.98
4.706
7.208
4.756
7.818
11.177
12.259
10.194
11.468
7.727
6.562
7.372
4.942
9.465
9.591
10.074
9.615
13.497
4.111
4.189
8.101
4.079
6.412
1586.166
5.59
7.079
1518.266
9.367
1626.113
8.013
1755.442
9.754
8.169
5.707
4.797
5.633
4.027
9.035
9.089
10.456
9.623
12.23
10.138
12.138
3.752
4.645
6.231
7.488
6.439
9.478
9.909
9.311
12.67
6.892
9.733
4.141
4.693
10.996
7.453
9.173
4.853
4.453
10.228
9.978
9.955
11.118
6.653
7.752
7.279
8.793
8.651
9.273
4.95
11.194
1864.68
13.242
4.454
11.936
4.255
4.705
5.319
6.653
11.795
10.329
9.39
4.977
2217.498
8.4
12.887
4.577
4.418
12.377
7.432
4.353
10.902
12.27
6.754
7.136
9.427
10.549
9.128
9.919
12.666
4.754
5.541
4.266
4.221
4.255
8.709
6.591
5.99
4.931
9.401
10.184
10.914
10.109
9.392
4.736
8.755
11.714
6.028
5.403
7.503
7.516
8.699
10.694
10.992
12.832
7.511
3.099
4.399
6.159
6.247
6.27
10.263
4.514
3.818
9.534
9.488
4.146
11.504
7.45
5.307
11.322
3.816
12.169
2.897
7.661
4.868
3.925
8.803
4.174
9.665
3.947
4.207
6.936
5.413
8.506
6.89
11.555
4.945
11.198
4.639
5.276
10.487
8.472
8.536
6.665
13.946
6.893
9.374
7.761
4.628
5.747
7.124
3.312
6.409
6.62
4.185
8.749
10.147
12.533
5.187
11.081
11.284
7.606
4.62
11.447
12.26
9.517
7.71
6.21
6.897
12.534
12.688
8.366
5.636
7.763
6.188
5.2
8.153
7.932
7.862
3.712
6.331
5.381
5.898
7.14
7.08
7.165
8.225
11.337
11.269
5.158
5.001
8.713
5.939
13.267
12.767
2266.189
14.099
8.862
6.711
6.938
8.708
9.469
5.688
9.024
2184.89
12.681
174.594
6.113
10.972
8.993
7.449
10.393
12.53
5.897
12.749
4.018
11.68
7.868
7.857
5.631
6.556
7.238
13.139
8.997
12.108
4.553
8.679
8.419
3.626
4.356
4.743
5.689
5.946
6.156
10.672
10.822
2295.354
8.718
2.391
4.691
11.777
2.789
9.561
5.804
7.795
8.405
4.053
6.616
10.548
12.154
10.071
10.726
9.738
12.128
11.825
4.1
6.518
9.493
3.971
11.907
5.607
6.399
11.154
11.956
8.263
11.071
7.206
6.617
3.517
4.316
5.054
5.686
4.908
10.813
4.206
4.629
3.976
4.782
5.968
5.544
7.818
8.029
2156.923
9.324
10.176
4.766
4.437
4.297
10.672
5.221
4.061
5.723
9.498
8.364
5.946
5.798
6.047
8.149
4.911
5.144
7.564
3.724
8.774
8.894
11.067
4.435
8.768
5.079
6.066
10.176
11.301
10.735
8.166
5.274
5.115
6.233
12.157
12.572
8.869
7.637
10.781
12.462
12.462
7.629
11.975
5.371
8.125
9.619
10.679
10.891
14.331
10.516
10.563
8.661
13.389
6.805
11.313
7.693
10.482
8.468
9.815
3.913
13.466
9.049
10.721
9.942
4.375
5.957
4.851
11.244
1979.666
8.468
9.954
10.036
5.209
10.565
5.917
13.282
9.827
5.735
5.946
6.635
8.436
8.089
4132.217
2.536
7.82
10.725
11.023
11.51
10.226
4.242
6.392
12.269
3.527
3.302
4.31
7.339
9.569
3.425
7.416
10.115
5.561
5.531
5.472
6.558
7.885
7.616
8.725
5.235
8.137
6.771
2.801
9.499
6.694
5.626
4.949
9.084
19.535
9.252
12.094
3.736
4.664
3.902
1.96
9.149
4.636
6.658
5.333
10.823
10.113
11.788
11.808
4.214
8.638
8.8
8.565
5.107
4.961
6.506
5.12
6.371
5.982
9.739
6.7
10.617
10.923
10.123
10.22
10.413
4.403
4.084
5.994
7.577
7.138
10.241
10.794
9.883
11.908
4.477
4.845
6.226
7.955
4.42
10.384
4.394
6.377
7.007
4.494
7.931
7.298
11.144
10.065
12.871
12.288
5.355
3.994
5.881
6.237
7.929
9.791
10.781
12.695
10.791
12.937
14.12
6.495
6.244
8.719
7.138
8.335
9.135
11.407
9.45
10.991
10.807
4.545
5.952
8.248
9.487
9.229
10.28
13.836
5.17
8.657
7.022
9.148
9.657
2016.673
1976.003
1989.107
2385.432
8.651
5.059
10.908
4.232
4.81
6.302
8.337
5.381
9.541
8.324
9.522
9.743
12.48
5.526
4.792
7.891
5.531
5.888
8.175
5.918
5.55
9.033
8.014
10.534
10.853
12.448
5.24
4.422
5.792
8.347
10.551
8.808
10.509
1974.067
8.416
12.587
12.93
11.327
15.838
7.244
7.25
9.706
10.579
4.612
5.085
10.448
5.457
13.477
5.52
11.067
4.459
12.13
5.81
10.248
11.816
7.091
12.49
8.127
8.048
4.117
7.279
13.534
5.402
6.57
3.052
7.977
10.222
8.272
9.381
10.474
12.362
4.281
10.289
10.826
5.543
6.414
8.151
8.045
9.863
6.887
8.534
12.21
12.153
13.658
8.098
4.707
5.785
8.562
3861.694
5.991
6.793
9.674
7.453
8.133
11.322
7.823
7.144
11.652
12.267
7.087
7.14
12.168
3.767
12.198
7.627
8.621
6.005
7.895
6.687
11.093
5.981
3.132
6.888
8.978
10.464
5.361
5.946
7.549
12.226
12.825
12.095
8.032
4.261
4.27
5.546
5.748
7.146
8.485
9.276
8.779
12.127
13.077
10.22
6.062
4.392
9.796
6.717
7.795
9.626
9.88
7.427
10.591
8.856
3.363
9.85
4.042
7.773
1.943
11.087
3.545
5.005
11.694
7.159
8.745
4.452
7.316
3.688
4.381
9.378
7.312
8.621
9.361
11.825
11.962
7.137
7.168
7.603
9.922
14.839
7.53
13.081
13.551
5.995
11.729
13.209
3.83
5.413
11.066
14.003
5.063
6.292
2.668
6.028
3.754
13.316
8.795
6.235
7.645
5.44
8.574
11.99
4.577
5.566
5.529
5.967
8.562
10.158
7.942
12.692
11.788
5.332
6.244
11.521
10.473
5.826
4.642
4.729
4.506
11.321
4.593
8.885
8.687
2099.328
10.208
8.786
3.192
3.578
2265.525
6.573
7.474
2.36
7.223
2.763
8.606
10.289
10.526
7.037
5.245
9.372
6.645
8.177
10.079
5.887
7.618
9.046
8.698
7.076
10.451
4.47
5.577
7.132
6.649
4.016
10.426
10.6
11.731
10.37
11.675
11.468
5.042
4.177
6.436
5.856
7.52
5.089
12.887
6.301
9.922
9.941
11.252
13.684
5.004
12.779
8.871
9.613
3.49
10.487
9.163
7.02
7.981
10.053
13.138
11.206
13.393
10.729
4.841
4.411
7.928
11.042
11.691
5.368
11.192
9.02
7.897
7.281
7.883
9.093
7.983
10.834
9.856
10.776
3.965
10.216
12.477
4.794
6.027
8.795
7.619
13.004
5.591
8.268
12.544
10.893
3.963
8.582
8.321
11.082
9.001
11.035
10.343
12.008
12.649
11.522
12.386
6.119
7.038
9.844
12.825
9.646
6.486
8.227
5.775
13.018
10.097
9.804
5.169
4.207
4.398
8.543
7.814
4.862
12.878
3.206
7.862
13.69
6.282
9.748
11.286
3.823
5.253
11.52
6.018
9.844
4.161
4.727
9.422
5.677
11.755
6.232
9.298
5.985
4.363
9.839
11.849
12.302
10.53
11.908
10.323
11.302
9.79
10.583
11.287
10.286
11.472
7.754
8.63
8.244
7.778
6.739
10.464
9.726
10.491
10.799
3.383
2175.106
3.422
5.611
1916.027
9.98
2.181
4.94
3.941
8.587
10.668
10.383
12.863
4.813
10.048
9.878
13.884
4.523
10.016
7.297
8.15
9.63
10.111
9.84
10.272
11.612
12.862
13.255
2422.759
7.581
8.248
8.304
8.411
10.459
12.275
3.691
10.866
10.491
14.198
6.367
9.73
4.809
7.769
2.892
8.556
12.298
11.259
12.485
4.636
4.614
7.006
5.996
7.669
11.796
9.442
11.276
11.644
11.7
4.998
4.79
5.244
9.394
7.965
8.065
9.655
10.28
9.958
10.845
8.032
1732.742
4.98
4.056
4.964
6.603
5.438
4.518
6.528
10.529
6.404
2091.65
11.167
1998.61
11.04
4.516
4.588
5.901
7.005
6.081
7.488
10.52
10.199
9.151
13.962
9.426
9.656
4.994
6.093
4.196
4.554
7.783
10.794
12.353
11.201
4.849
2160.003
12.219
10.652
10.948
12.892
6.485
6.819
8.061
9.175
10.656
5.083
11.96
4.739
4.181
5.612
6.418
7.564
9.962
11.228
4452.841
10.477
11.112
12.481
8.678
13.382
5.105
7.743
6.707
10.996
9.497
11.601
12.983
4.208
9.1
8.541
10.722
8.417
2271.084
6.383
9.556
1940.129
1984.312
2089.426
2241.148
4.867
5.904
9.056
6.312
10.68
11.021
3.765
4.464
5.688
8.482
3.499
12.485
7.626
8.287
10.419
4.358
11.427
3.644
4.951
4.819
8.606
5.863
10.794
10.239
7.455
10.249
9.704
7.171
10.449
12.17
9.545
7.893
11.08
9.852
6.233
10.776
10.378
6.796
3.837
3.79
3.146
11.126
12.567
8.548
10.174
9.425
10.092
6.12
3.882
3.668
12.609
3.831
6.56
8.724
9.031
8.367
8.085
9.237
10.955
12.304
4.265
8.491
4.494
8.17
6.841
11.803
7.307
4.441
3.653
7.579
4.543
13.896
11.254
8.48
9.494
4.124
4.298
4.154
5.188
12.6
7.291
7.941
10.267
9.347
3.766
10.312
13.465
10.734
7.567
10.56
4.106
4.749
12.924
9.695
5.627
10.212
6.74
1.825
3.644
8.087
11.772
8.925
8.373
9.327
13.941
10.047
7.077
4.113
3.255
5.282
6.393
6.83
10.281
10.032
9.778
8.85
3.199
9.154
3.025
4.677
2.889
4.705
5.918
5.915
2.208
7.675
12.697
6.306
7.652
8.524
9.641
6.096
6.723
6.265
11.861
3.716
3.974
4.655
3.811
5.678
3243.686
7.719
6.983
3.647
3.969
6.616
11.356
5.764
8.944
12.572
9.074
11.657
11.852
3.934
3.122
4.016
6.344
9.362
10.394
9.384
5.579
6.808
5.522
10.576
4.848
9.392
3.489
3.16
9.161
11.406
4.266
3.851
6.135
6.326
7.326
2.909
7.675
11.987
5.363
9.223
6.826
10.624
8.151
4.676
3.57
2.482
3.553
4.096
4.508
4.683
7.434
11.764
7.485
6.385
8.756
7.483
9.072
11.694
4.614
10.032
11.434
12.064
11.424
12.172
4.023
5.053
5.92
3.492
4.525
8.526
9.136
9.254
9.019
5.424
6.56
11.748
4.572
13.086
8.28
10.77
3.67
12.296
5.374
9.818
4.559
11.406
9.425
4.79
11.684
9.063
10.612
4.148
2.716
8.707
4.665
4.094
6.362
4.2
3.762
10.741
12.025
4.337
10.088
12.509
7.891
6.711
10.624
10.096
9.568
4.08
9.964
6.418
9.801
9.195
6.044
11.797
6.603
9.255
9.295
5.891
6.685
3.883
7.215
9.941
4.071
3.685
4.238
10.213
7.601
5.901
7.636
4.397
9.351
10.416
3.907
3.58
4.741
4.865
4.463
4.378
4.381
6.989
7.327
9.127
7.427
10.695
9.346
3.2
5.061
7.979
12.435
4.526
8.095
5.092
3.786
3.206
6.419
9.902
11.73
964.386
12.673
9.602
9.96
148.642
6.211
5.672
5.969
8.631
13.013
8.748
10.408
12.685
13.109
5.216
9.393
6.036
1962.471
3.91
4.067
7.663
12.18
10.653
11.704
2.838
4.837
4.9
5.714
7.414
7.476
9.974
4.844
4.069
6.423
12.082
13.337
4.884
6.837
8.928
8.607
7.019
64.948
9.58
9.972
8.455
9.059
11.529
10.232
5.318
1903.22
4.873
9.859
3.846
4.367
8.495
2016.725
4.493
7.342
5.19
8.065
10.49
12.585
4.164
4.057
4.149
4.477
4.308
10.934
6.663
6.131
6.814
10.0
11.005
11.65
9.879
4.06
5.162
4.771
8.802
9.835
11.998
10.719
9.964
9.788
11.508
4.575
5.085
6.644
6.95
7.285
8.541
9.463
6.817
8.892
3.093
8.358
9.283
4.256
6.491
10.107
6.37
11.106
9.871
9.85
10.542
8.202
9.454
11.948
12.873
5.096
4.544
4.526
11.225
8.17
11.297
9.589
11.128
12.593
4.946
4.733
5.225
4.691
11.572
7.367
6.716
8.55
17.683
10.253
1841.012
12.787
11.878
4.508
7.723
2002.332
9.118
2041.172
8.788
9.877
11.185
6.653
4.569
3.633
4.821
9.223
6.481
9.007
10.183
11.24
11.624
6.102
6.9
6.916
6.172
8.828
3.587
5.34
5.353
1598.635
9.757
4.002
4.17
6.862
1875.46
9.46
6.802
4.657
9.955
8.101
10.435
8.718
8.762
11.823
1721.284
1640.791
10.446
10.554
12.999
4.664
11.029
10.366
5.799
10.021
8.989
2200.441
9.923
11.181
11.946
4.148
4.06
8.557
6.637
4.626
5.559
4.901
6.67
7.19
5.73
6.208
6.203
11.915
6.369
13.143
4.048
4.189
10.942
4.68
7.718
9.851
10.239
12.443
11.699
9.603
10.959
11.866
11.33
5.11
9.505
10.702
5.353
3.525
5.745
11.362
9.195
9.136
10.248
10.31
13.132
14.124
4.899
5.561
4.827
7.773
11.601
1765.858
9.458
11.446
11.555
11.54
4.319
10.709
6.972
7.259
9.874
9.941
9.817
11.306
11.548
9.279
5.087
8.709
6.476
7.716
1846.88
1956.474
8.608
8.489
6.717
7.092
7.081
4.317
5.798
12.49
8.48
4.729
12.728
7.673
4.449
7.622
6.719
6.488
10.391
10.214
4.149
12.551
9.29
5.999
5.649
9.451
5.955
8.308
8.12
10.935
8.638
7.195
12.822
13.755
3.918
5.267
9.322
5.297
4.259
7.579
9.578
9.886
9.432
6.17
5.677
4.048
4.635
3.737
6.162
7.956
3.744
8.619
8.153
10.067
3.97
4.354
3.746
4532.853
3.922
5.125
5.467
7.11
4.568
5.993
8.357
9.625
12.204
9.184
4.857
6.025
5.414
11.266
6.886
11.136
9.642
5.455
7.649
9.397
9.804
5.918
11.195
6.912
5.277
6.985
10.599
4.862
10.773
5.05
7.726
7.333
5.263
11.169
5.086
7.392
17.698
10.08
11.786
9.412
4.443
3.387
11.598
5.468
6.842
10.29
4.468
12.397
8.107
7.477
11.647
10.729
9.927
12.952
9.483
11.039
11.057
11.915
5.694
3.915
6.723
12.915
10.236
7.033
11.956
10.287
7.519
3.767
6.118
6.433
12.063
3.933
7.804
11.463
4.393
10.325
5.823
6.412
5.353
2.69
9.353
10.386
8.073
11.526
8.607
9.245
7.742
5.308
4.236
5.882
7.953
5.024
9.283
6.145
6.66
11.648
9.044
7.272
11.715
9.537
11.236
12.255
5.677
5.122
5.199
5.298
3.668
6.301
9.015
6.615
10.682
6.755
10.415
3.626
5.441
6.152
4.164
7.016
7.168
10.425
8.39
6.194
10.916
12.555
13.882
7.117
6.612
7.009
9.751
10.512
9.643
10.463
11.649
12.833
4.417
8.043
8.606
8.768
10.385
11.64
7.039
3.861
11.501
9.289
9.189
3.77
4.103
5.516
6.695
4.709
5.825
7.691
7.189
10.186
9.554
10.632
12.762
10.219
9.676
4.054
10.19
10.181
7.35
6.739
7.975
8.812
10.137
9.727
12.257
5.536
4.515
5.763
4.569
6.212
5.598
6.35
8.44
10.508
10.884
12.903
11.293
6.604
2322.012
1934.73
6.999
10.222
10.489
10.891
11.083
9.275
11.394
11.525
6.202
7.476
8.655
7.209
7.096
4.161
8.199
10.195
9.778
3.727
4.111
4.269
4.176
4.933
4.913
6.941
11.182
7.235
9.153
10.555
10.583
13.321
12.453
5.62
3.68
4.95
10.463
12.732
10.078
3.198
10.892
9.21
4.014
4.368
5.038
5.493
8.339
7.962
8.198
10.169
10.848
12.111
9.255
13.772
9.213
6.084
4.858
7.616
9.543
10.102
5.872
11.436
4.034
9.126
3.749
4.248
11.922
6.249
10.127
9.682
7.939
11.018
9.711
11.115
11.455
3.975
10.023
12.508
5.811
5.267
1869.313
7.034
8.064
9.273
2383.031
7.088
13.582
8.838
5.748
11.562
4.226
7.068
11.784
10.487
8.466
10.482
11.016
12.116
12.022
12.929
10.42
4.25
4.775
6.417
9.662
6.811
8.466
9.142
8.997
10.521
5.799
11.77
5.159
9.997
2.457
6.179
6.754
3.808
4.141
5.576
6.902
7.737
3.515
8.792
10.011
11.574
8.015
9.253
5.05
6.024
9.514
9.877
3.691
4.406
12.746
3.628
7.54
5.893
8.535
7.253
11.435
5.589
6.399
3.618
9.262
4.457
10.203
7.717
3.571
5.609
8.087
5.496
4.211
5.68
9.019
4.88
6.122
5.407
9.777
2.661
5.738
2.702
2.856
1889.132
11.589
9.616
5.779
5.307
8.222
3.182
5.417
9.395
1700.06
10.505
8.261
7.849
5.844
7.194
1852.963
8.25
10.001
13.547
8.827
4.27
4.961
7.959
11.991
6.69
10.445
4.476
1939.987
4.527
6.856
11.391
11.356
10.112
11.256
4.44
4.623
7.034
6.876
7.034
7.422
8.536
6.874
10.561
4.391
10.675
6.882
11.861
6.956
7.058
6.387
2154.055
10.085
3.715
5.995
6.279
6.448
4.662
9.577
9.216
5.389
5.269
6.37
5.118
11.805
4.411
4.76
3.873
4.859
7.006
6.523
5.321
6.479
2.55
2.561
9.419
3.025
11.68
1770.598
8.223
6.797
11.588
3.407
8.583
8.243
4.826
6.084
10.071
6.744
9.68
4.419
2320.095
7.941
8.148
10.604
2.278
9.6
10.847
11.546
9.813
10.573
3.7
3.474
6.069
7.097
8.672
5.059
5.303
5.636
7.64
6.596
7.351
7.534
9.338
3.828
5.037
5.95
4.35
7.992
5.494
10.417
3.988
6.291
8.774
8.78
9.348
5.525
2.954
9.571
12.572
8.039
3.673
5.033
5.028
4.055
4.643
5.81
5.211
6.646
9.711
5.2
7.681
4.304
6.04
7.031
5.71
4.558
7.092
8.182
8.876
4.897
6.771
7.346
4.73
4.788
5.183
6.894
7.211
8.423
10.319
7.19
7.371
8.095
10.682
10.938
5.033
4.99
10.07
5.026
1964.297
12.453
8.818
8.895
10.132
10.714
4.776
4.245
5.507
8.044
5.339
6.894
7.553
9.738
5.354
6.713
4.481
4.95
8.729
8.187
10.957
10.085
9.908
11.287
5.167
5.34
5.603
5.681
5.126
7.658
7.686
11.021
10.105
2153.234
11.732
10.649
12.223
4.557
6.557
6.568
7.449
10.085
10.221
12.381
12.481
4.267
9.472
9.049
3.637
2.814
6.966
5.462
11.612
8.509
9.777
10.035
3.995
12.262
5.057
4.18
8.371
9.482
5.215
1784.482
12.589
8.262
3.884
9.226
4.855
10.718
6.688
11.412
7.108
8.922
4.037
5.422
4.436
3.753
5.798
4.764
4.305
5.994
7.915
10.037
9.24
6.955
12.525
9.742
3.943
4.3
5.43
11.863
4.093
6.262
8.182
7.526
8.989
5.146
12.282
3.573
7.93
6.948
7.799
8.806
10.514
11.89
12.319
7.393
4.715
3.813
5.223
6.766
9.083
5.652
10.793
8.895
6.424
9.015
5.192
7.053
4.512
4.323
7.472
4.776
7.238
10.829
6.335
6.04
12.118
9.24
1.919
13.216
10.194
4.574
5.126
9.133
11.783
10.994
9.125
2241.117
6.327
11.412
6.192
1686.544
7.458
8.534
12.03
9.94
11.042
9.835
10.415
4.599
5.61
6.066
6.769
4.492
7.152
8.585
6.426
10.167
6.242
11.119
3.265
10.344
2.985
4.386
3827.319
6.983
4.92
10.583
11.229
11.827
11.236
11.898
11.319
1882.797
1729.109
11.389
12.578
4.172
7.109
4.269
4.399
4.023
5.085
17.032
12.276
9.41
10.613
12.921
9.662
6.021
4.249
7.204
8.625
12.67
8.207
6.044
5.544
5.492
4.679
7.815
7.956
7.975
10.361
11.616
10.295
3.817
4.533
6.997
3.856
6.384
11.777
9.936
13.087
5.466
2.322
11.505
8.04
5.304
6.304
10.993
5.077
12.131
6.784
5.437
9.223
5.543
8.276
7.39
10.991
7.262
4.474
2355.31
4.794
7.551
10.168
10.469
4.718
11.595
4.263
13.444
2.474
7.868
8.208
2.744
7.417
6.73
9.312
8.426
9.846
4.718
4.294
4.306
6.197
11.116
7.898
7.304
12.891
6.685
7.502
8.64
9.866
9.751
3.757
4.963
4.668
6.007
6.365
4.721
4.418
7.795
8.016
7.566
6.025
10.791
5.263
9.286
11.45
4.517
4.147
15.748
10.324
5.809
6.09
4.215
11.303
12.05
6.91
9.449
10.898
11.064
12.051
4.343
4.452
8.492
7.601
6.066
12.145
13.005
3.806
9.016
6.003
4.709
5.104
5.07
10.67
11.009
12.096
3.906
12.292
5.884
10.788
12.406
6.463
5.989
10.479
7.918
10.276
9.472
11.305
8.64
12.285
6.434
7.854
9.021
6.516
11.338
4.331
7.082
9.986
7.941
7.928
5.042
12.215
9.488
10.671
9.844
3.336
3.53
10.868
10.602
11.942
5.72
7.195
13.057
9.55
4.685
6.372
6.67
6.516
12.113
9.306
3.912
5.103
6.149
12.321
11.54
7.01
3.955
7.832
7.201
7.601
9.71
9.982
4.678
13.279
7.342
12.24
10.03
12.104
5.687
8.469
10.13
4.421
10.044
11.452
13.384
4.743
15.15
5.544
11.133
7.918
9.055
10.454
9.561
12.89
11.327
8.979
9.95
11.127
3.71
4.011
11.608
5.792
3.854
2063.004
4.136
7.948
6.78
7.846
8.432
2240.954
13.142
12.081
9.226
3.65
8.123
5.348
6.447
7.485
6.603
7.499
7.053
9.1
12.196
3.394
4.773
8.244
5.953
4.694
5.924
3.524
7.126
6.579
5.979
10.09
10.82
11.073
12.628
5.704
11.201
6.7
4.028
7.039
8.663
10.569
9.914
12.154
8.999
9.771
6.838
11.015
4.342
8.332
5.137
10.191
6.039
3.559
5.602
3.345
4.717
6.22
4.677
6.52
8.416
6.484
10.181
5.866
9.999
10.38
12.048
11.061
5.093
9.293
8.725
2.625
10.354
2135.648
6.541
8.163
7.102
7.408
5.005
10.254
1889.911
4.738
4.91
5.018
6.742
9.793
9.944
11.136
9.017
12.387
3.898
4.877
6.125
7.1
10.23
9.75
10.281
12.413
7.826
10.933
5.847
7.371
4.894
7.316
2336.553
6.18
4.959
4.73
13.11
5.266
9.139
4.415
7.861
5.631
7.027
6.414
9.954
2161.596
12.299
13.109
4.101
8.514
4.536
5.02
8.516
8.246
7.035
10.396
6.758
2174.309
9.519
12.898
12.652
13.002
4.974
10.636
6.577
7.641
7.105
8.433
4.674
5.723
10.021
10.622
9.88
12.153
10.66
3.656
9.632
10.802
7.023
8.037
11.837
11.176
10.812
12.61
3.803
5.567
9.914
11.188
8.292
8.79
11.874
10.83
10.366
13.092
9.772
12.871
4.533
6.095
6.476
6.646
8.189
10.044
8.444
10.967
7.481
4.125
10.401
10.582
4.299
6.961
3.575
7.95
4.036
4.321
4.93
5.9
5.802
3.927
4.324
8.926
10.325
8.564
10.02
10.233
10.815
9.116
4.433
5.906
6.457
7.871
4.215
5.355
3.322
9.203
4.843
5.018
5.315
7.065
9.423
4.999
12.283
10.974
6.028
9.676
6.888
4.228
11.266
10.025
8.88
6.996
8.071
9.005
10.66
11.159
11.951
9.205
5.879
6.243
6.478
8.22
3.417
3.88
3.946
1712.755
9.427
5.019
10.622
12.254
4.102
11.575
4.983
4.306
4.325
4.87
6.824
10.396
8.931
7.954
10.151
9.394
10.133
4.431
11.28
4.248
6.574
7.006
8.834
6.725
4021.903
6.506
8.5
14.163
10.873
4.599
5.14
10.557
8.317
9.116
9.82
5.183
10.467
10.342
3.833
5.327
5.722
6.286
8.453
11.508
9.238
9.039
8.287
10.764
11.58
3.802
9.036
1761.904
11.694
4.725
4.732
7.072
6.182
5.915
6.317
8.758
1915.132
8.525
10.344
7.278
8.887
8.96
3.778
12.439
4.878
1818.511
12.852
11.175
4.065
6.324
11.472
4.627
8.016
7.569
3.403
8.768
9.527
10.913
7.352
7.687
4.508
5.789
5.687
6.281
3.435
7.084
9.109
4.566
6.707
7.719
3.666
5.161
7.682
9.321
9.836
9.92
10.548
11.267
11.418
12.039
4.604
2093.937
12.227
8.196
9.632
10.588
11.138
3.799
12.026
3.969
6.545
6.175
10.639
8.723
4.274
4.265
3.379
6.118
4.52
5.842
2.323
5.946
10.943
6.171
10.386
6.125
7.441
9.711
9.014
10.623
11.682
4.411
4.114
5.082
4.845
7.321
9.81
6.358
9.67
11.059
167.552
11.011
12.909
4.18
4.119
3.898
6.865
7.502
8.572
10.745
9.69
10.819
4.974
5.238
5.504
6.108
8.107
8.219
9.472
10.969
12.537
10.165
10.983
4.831
6.553
6.982
7.348
9.294
10.206
10.287
8.248
10.772
10.137
4.892
1730.785
7.056
6.054
8.312
9.05
12.683
11.202
8.362
6.113
4.126
4.716
6.267
6.173
6.086
7.17
9.307
9.582
7.78
13.045
5.727
6.635
11.889
12.9
8.013
3.802
10.778
6.396
9.703
6.033
9.163
5.098
10.838
5.414
2291.671
5.033
6.513
7.225
8.744
9.949
10.379
4.546
9.744
7.998
10.021
11.445
9.988
5.073
6.503
9.762
11.114
10.327
10.693
10.687
5.581
10.664
3.759
2.199
4.637
4.23
6.249
8.916
12.383
11.943
10.216
3.728
4.509
8.476
10.866
5.864
7.237
6.396
10.387
4.357
4.121
6.631
7.44
12.206
4.74
8.293
10.545
9.784
3.703
10.668
7.265
7.93
12.607
4.235
1809.441
3.756
3.632
11.055
8.312
11.869
4.425
5.646
9.992
5.647
7.616
7.064
8.736
10.018
10.369
9.849
10.502
10.884
4.392
5.044
4.244
10.567
10.957
8.354
9.541
6.405
4.734
11.415
11.403
9.857
5.462
7.547
6.636
9.411
9.085
11.303
11.817
7.808
5.291
11.249
12.389
6.767
10.382
4.419
4.344
4.833
6.266
6.852
6.936
9.83
9.678
9.173
5.61
11.278
6.669
4.103
4.798
11.147
10.492
9.389
8.591
3.915
9.095
8.693
12.095
4.905
5.675
9.533
6.371
6.956
10.61
9.687
8.037
9.385
8.274
11.522
10.07
9.922
10.009
7.988
10.057
4.68
7.032
10.285
11.262
8.055
9.396
10.812
10.445
11.303
10.879
5.234
10.027
10.775
3.809
10.077
9.121
8.37
11.003
12.724
3.353
3.622
3.895
10.036
11.132
9.599
6.768
8.362
9.636
11.188
11.024
9.877
12.441
4.881
5.556
11.06
11.213
11.287
7.249
7.721
8.684
9.303
10.047
11.958
9.224
4.505
8.255
9.7
11.118
6.813
9.216
9.345
7.867
10.828
11.592
4.034
10.832
4.569
5.434
11.29
12.452
6.121
8.69
13.012
8.11
12.251
3.686
7.995
4.018
8.681
9.537
3.992
5.758
11.003
9.101
9.319
7.447
5.236
8.575
11.934
8.252
9.918
11.301
4.213
4.839
12.196
5.709
6.238
4.931
8.754
9.449
4.997
11.518
11.883
4.378
6.555
4.075
4.061
5.47
5.445
5.015
5.827
5.317
8.66
6.837
9.939
10.991
6.874
4.293
4.76
4.663
12.872
4.475
5.701
3.995
7.574
2229.116
5.799
4.201
9.54
3.901
4.936
4.91
4.92
5.269
9.269
8.846
3.718
9.948
9.911
12.789
9.077
9.597
4.128
4.437
3.717
5.066
5.292
5.583
7.95
9.351
11.318
13.646
9.194
5.704
6.245
11.756
6.332
8.342
9.529
7.411
5.848
9.601
7.754
7.46
10.955
12.459
4.061
6.826
4.797
5.261
7.424
8.02
8.977
4.512
9.492
3.744
5.322
2285.254
4.502
6.797
9.593
3.298
9.076
5.493
11.967
5.773
1963.241
4.218
8.918
11.157
11.167
10.291
11.448
12.804
6.618
6.391
10.385
6.051
10.909
3.842
5.005
7.688
11.692
7.878
9.926
10.849
9.797
10.166
8.653
10.242
10.178
12.839
10.892
9.22
10.518
10.629
12.377
7.555
8.581
9.103
4.408
7.005
5.528
9.939
5.428
12.413
8.207
9.328
10.064
9.792
9.345
4.647
7.269
8.445
11.883
11.951
10.328
4.031
7.56
7.748
5.12
22.903
4.225
10.937
9.829
8.297
10.876
8.199
12.02
9.377
7.332
3.757
10.627
4.943
6.049
6.993
2086.297
8.201
4.961
9.131
6.214
11.6
10.135
2.457
6.171
9.972
6.999
11.026
10.302
2.77
3.619
5.126
1869.459
4.029
11.283
7.452
4.972
4.858
8.897
9.433
11.253
9.213
4.174
5.256
7.332
7.092
8.438
9.85
5.043
3.232
6.362
1826.74
5.453
4.698
6.162
3.438
3.616
4.156
5.174
5.77
9.285
7.239
5.731
9.894
4.151
10.253
11.047
11.431
12.629
9.381
5.439
6.973
8.047
9.467
8.661
8.8
8.629
4.533
8.6
12.026
12.844
10.385
5.63
11.717
4.985
7.762
3.731
10.562
5.901
11.048
9.313
10.816
5.061
11.982
10.073
3.564
7.288
11.003
3.702
5.731
6.714
11.481
10.817
6.064
9.47
12.33
10.177
12.798
4.713
5.027
12.337
5.65
10.237
9.087
9.87
10.103
10.057
8.539
13.414
11.226
3.805
5.708
4.986
5.675
7.099
12.374
6.776
10.971
8.867
9.496
11.045
9.956
5.189
10.298
3.808
4.307
5.143
10.399
7.963
3.618
7.897
6.257
8.313
8.883
4.132
7.018
5.835
7.234
3.936
5.082
5.899
6.871
6.038
7.805
3.901
8.401
12.587
11.914
10.27
3.661
3.881
4.412
5.995
9.162
4.257
11.85
13.058
8.715
9.498
10.734
6.67
10.919
10.839
11.377
4.387
3.994
4.212
6.101
4.483
6.376
5.475
12.223
9.369
11.886
10.285
4.126
4.694
8.197
4.873
5.311
8.137
4.759
4.736
6.345
4.611
6.856
5.557
8.024
9.658
7.049
10.892
9.466
11.667
12.656
9.819
3.722
9.714
8.617
9.638
4.739
4.881
6.292
12.653
9.746
7.929
10.127
9.926
5.872
7.904
3.603
4.833
9.967
6.597
5.694
9.922
8.255
5.889
9.638
9.563
9.018
4.102
9.315
4.197
10.018
10.418
11.293
11.323
3.801
6.757
4.23
6.817
9.231
9.216
8.059
11.351
7.165
6.334
12.261
4.432
8.488
6.439
10.095
10.638
8.009
2.912
8.91
8.019
12.066
11.782
4.725
4.241
8.031
3.989
4.566
8.718
8.559
11.082
11.409
5.418
12.15
7.389
4.579
11.439
2.255
4.957
4.368
12.242
12.109
5.066
9.811
4.99
6.38
5.35
6.688
7.821
4.164
7.623
6.654
8.439
10.248
6.442
3.704
11.294
4.675
8.834
9.87
9.316
9.867
9.564
11.68
3.903
11.709
9.659
3.929
9.962
5.141
6.188
11.516
10.28
10.371
11.239
3.797
4.218
11.452
5.075
6.324
6.945
9.713
5.303
9.931
4.43
11.282
3.072
10.291
3.562
6.386
6.796
6.122
7.65
9.021
7.138
9.456
7.122
8.212
7.7
12.818
11.764
4.772
6.544
5.486
7.447
8.986
7.874
9.393
9.758
10.329
12.546
5.654
5.876
6.038
7.397
6.769
8.145
10.572
6.807
11.534
10.663
7.145
4.487
5.879
5.784
4.137
4.861
7.561
9.389
2004.109
11.699
3.615
1945.894
4.494
1911.776
2.606
5.512
5.072
4.112
5.374
8.164
9.537
7.171
9.634
11.994
9.615
10.589
9.034
4.115
4.971
4.897
10.244
2.775
10.805
4197.386
7.417
6.802
7.836
12.046
9.805
10.511
6.572
16.094
13.67
3.732
11.169
12.308
7.513
7.978
10.092
5.214
8.823
2112.287
9.407
4.525
3.681
10.206
2135.49
4.599
5.712
6.331
8.529
10.26
13.044
10.642
2.544
2.925
3.724
3.614
6.072
4.771
8.405
3.258
7.115
9.082
3.986
6.085
5.494
7.335
7.265
2.895
11.925
11.003
9.491
5.054
6.755
10.733
11.23
12.217
7.539
7.316
12.591
6.949
7.194
4.27
9.568
1791.089
7.915
10.142
10.945
8.368
11.355
3.942
3.836
4.75
7.111
4.256
9.149
11.025
12.44
4.806
8.825
1861.731
2.999
4.689
4.801
10.495
4479.602
7.796
7.52
11.079
9.433
8.708
4.809
6.42
5.235
5.478
7.564
7.017
5.929
8.294
8.463
9.814
10.977
8.945
13.138
7.138
5.599
10.065
5.121
11.828
3.928
4.583
5.31
4.334
7.288
4.258
9.355
11.612
10.517
12.57
7.917
8.068
9.691
4.187
2156.861
10.306
4.95
11.839
8.399
9.569
10.909
11.121
6.999
5.843
12.319
9.999
11.108
11.401
5.73
5.983
3.409
8.17
4.226
10.835
10.406
4.392
5.188
4.307
2095.372
10.212
4.717
5.99
4.422
10.931
11.018
11.506
6.338
3.009
3.285
8.395
10.786
12.04
11.025
9.155
12.535
7.015
7.221
9.686
11.222
9.769
13.337
4.538
6.168
6.402
6.55
5.391
3.464
3.396
4.165
5.606
5.003
9.37
10.793
11.168
8.892
12.638
12.334
1720.136
4.506
13.287
6.783
10.851
10.061
9.829
10.526
2029.263
9.466
10.235
10.864
11.776
4.599
4.959
5.099
5.824
6.646
9.166
9.041
10.39
11.996
3.4
9.602
4.412
1851.264
16.903
9.521
7.46
6.762
8.124
10.323
9.886
10.796
11.165
4.527
6.148
5.088
6.284
8.533
11.289
10.018
12.949
9.847
4.289
3.743
6.316
5.414
8.035
10.152
7.359
10.925
8.502
10.606
10.178
5.794
12.672
4.648
4.801
7.531
10.118
5.271
8.178
3.918
9.718
12.161
7.215
4.921
7.329
5.479
4.222
4.739
2130.78
8.832
4.444
8.745
6.239
10.564
8.244
10.746
7.908
9.727
10.454
11.073
12.597
12.812
4.739
5.019
3.657
3.901
7.999
4.589
4.567
6.952
11.29
5.93
6.409
3.286
7.211
4.696
14.409
6.629
6.494
11.53
11.912
3.913
10.232
11.003
6.582
7.479
2.977
7.168
8.396
11.196
3.263
4.045
4.62
8.99
3.983
6.361
9.539
6.993
8.136
3.389
8.629
10.61
11.709
11.176
3.21
3.192
4.258
4.317
5.024
6.457
7.246
8.555
9.667
9.526
9.679
10.9
12.354
4.498
7.946
4.29
5.401
8.956
6.946
7.811
11.172
7.905
8.083
10.256
10.856
8.964
9.98
4.406
1717.454
5.834
4.179
7.488
4.821
3.743
7.765
7.7
8.096
3.75
3.98
6.182
5.156
6.004
8.323
9.03
4.807
5.844
6.756
2.13
7.304
7.874
2.584
6.674
8.464
3.644
11.325
2.32
4.252
5.448
12.343
4.389
3.018
5.252
5.722
6.952
6.311
8.946
10.394
9.734
8.427
12.968
10.345
8.098
3.836
5.97
6.74
9.238
3.622
8.082
8.719
9.686
8.5
6.108
5.494
5.926
3.894
3.275
8.048
3.059
6.489
5.188
10.649
11.478
6.445
8.649
10.109
9.568
10.404
5.331
6.877
6.401
9.394
4.133
5.01
6.064
5.394
6.906
10.073
5.431
6.827
8.683
10.393
11.241
12.236
4.287
3.426
7.691
4.617
5.643
6.774
7.627
6.975
5.046
6.047
5.657
7.72
11.197
12.126
3.61
3.542
2.062
8.069
3.323
2.704
5.977
7.443
8.425
9.589
9.955
10.298
10.196
9.78
9.817
4.553
7.142
10.459
3458.45
5.647
4.7
7.668
4.266
8.528
4.061
9.397
11.878
12.542
9.771
4.389
10.265
7.669
3.822
7.071
10.459
8.689
7.558
4.81
10.192
5.507
3.488
3.99
3.966
5.936
8.768
9.045
9.888
12.49
4.411
5.861
4.362
5.517
5.081
7.214
11.391
9.463
8.849
12.126
1868.015
4.572
6.4
5.06
5.671
11.025
10.177
9.518
10.111
11.86
12.486
4.032
10.536
4.433
8.954
7.349
9.581
7.727
10.362
4.87
10.131
13.475
9.662
3.934
5.668
12.216
7.032
1750.136
6.402
12.234
10.502
11.89
9.999
12.21
13.138
5.281
5.142
10.96
6.892
7.587
8.254
10.476
12.871
4.055
4.898
8.545
7.08
9.023
9.83
10.203
10.642
11.093
9.91
3.43
5.657
5.849
8.02
10.464
8.822
11.194
4.56
4.536
6.046
1855.794
4.203
4.223
1882.972
6.386
4.051
9.199
10.509
8.93
12.998
9.725
5.442
5.618
7.724
6.891
11.061
9.189
6.234
11.29
7.799
4.254
5.255
4.696
8.574
7.186
8.232
9.484
9.495
10.171
8.033
6.891
10.421
4.456
7.617
5.815
10.232
6.267
7.454
8.77
8.881
11.097
4.178
11.518
4.068
4.061
3.899
5.276
5.876
6.785
8.703
8.981
8.605
10.54
10.985
10.487
11.481
4.312
5.755
4.028
7.755
9.092
9.231
7.667
7.765
10.28
10.072
11.018
11.121
10.915
3.725
8.756
6.637
8.227
10.27
10.977
11.144
10.851
11.575
3.94
5.799
6.013
5.42
5.549
5.599
7.456
9.508
8.952
9.083
11.83
10.61
4.194
4.113
10.128
6.434
3.246
8.027
8.313
9.336
11.367
10.383
3.981
4.312
4.612
6.343
4.996
6.559
11.082
8.174
10.193
11.305
9.25
12.618
4.798
3.961
5.762
6.936
9.365
9.956
9.891
9.592
11.212
10.608
3.438
3.545
4.312
5.735
6.351
5.924
5.183
7.812
9.069
7.345
10.145
10.705
12.151
10.182
4.798
9.976
10.162
4.388
8.043
8.635
7.875
6.152
9.702
9.851
10.275
12.137
10.534
4.107
6.771
4.105
6.617
5.924
8.351
9.408
9.716
11.366
4.117
11.209
3.657
4.616
5.928
6.292
10.688
9.871
9.293
9.938
9.393
11.07
10.204
12.552
10.879
5.285
8.461
10.464
9.504
10.626
9.371
9.962
10.917
6.971
4.537
4.704
5.337
5.072
9.438
9.735
11.108
4.371
7.728
4.939
4.465
3.608
5.322
3.906
7.023
8.726
10.452
11.266
12.251
9.947
10.096
6.545
5.858
5.175
6.828
10.745
9.66
10.262
10.827
12.419
8.354
4.821
5.568
5.702
10.28
8.322
8.19
10.094
10.59
12.227
11.514
12.589
8.983
5.959
6.015
8.377
8.527
9.674
10.89
11.792
4.185
4.326
4.879
4.399
5.723
3.71
5.844
7.935
9.334
9.934
11.032
9.821
4.761
4.28
8.365
3.571
5.083
6.458
6.666
7.943
9.066
10.795
11.519
3.493
4.258
5.572
4.866
15.404
3.807
6.143
7.775
9.43
9.56
9.763
11.698
5.93
3.687
10.737
4.068
4.804
5.726
7.374
8.355
6.967
7.918
9.528
10.25
11.712
10.485
4.117
4.308
6.051
2.783
4.431
3.287
3.436
9.059
9.135
10.652
3.425
5.539
4.292
3.93
4.904
5.572
7.4
8.837
10.542
7.393
11.439
10.65
9.45
11.43
10.262
4.153
9.072
9.45
3.799
8.291
9.817
11.129
11.531
10.968
4.623
5.393
6.682
7.235
8.771
10.189
9.513
10.3
11.373
9.407
9.033
4.389
5.125
3.955
3.452
6.11
9.77
8.119
8.788
9.078
10.933
8.633
8.799
11.784
9.987
3.966
11.192
10.76
11.035
10.855
6.446
3.64
4.885
7.887
10.355
10.549
9.852
8.569
3.953
4.331
9.709
9.848
6.155
5.473
7.926
10.007
7.879
10.842
7.714
10.431
11.402
11.538
11.413
3.952
10.008
4.435
7.196
8.569
8.71
11.155
10.741
12.036
10.11
4.759
5.123
6.609
5.113
7.172
6.635
10.0
11.115
12.582
3.59
3.823
8.023
5.448
5.628
6.599
7.772
8.667
10.561
9.398
9.547
11.854
11.154
6.757
3.816
3.744
5.086
4.239
5.821
7.347
7.542
9.295
9.699
9.724
11.501
3.768
5.221
7.438
4.527
3.72
4.26
3.716
7.639
9.395
4.123
6.046
11.689
5.023
5.656
6.76
7.411
8.077
3.91
6.211
3.979
7.638
9.239
10.259
3.442
3.838
5.697
11.157
6.261
7.047
7.118
9.977
10.437
11.182
3.474
3.319
3.707
5.052
4.057
4.221
6.073
7.906
12.976
10.099
10.037
11.074
3.614
5.977
6.733
7.105
6.273
10.39
9.656
9.584
8.241
11.026
4.025
4.609
5.017
3.551
4.471
4.766
6.169
5.538
5.798
5.953
9.689
8.524
4.392
4.696
5.711
8.553
6.948
4.394
4.178
3.801
4.943
6.557
7.618
7.182
9.973
9.263
11.925
4.178
4.764
10.112
4.766
4.71
6.906
10.284
7.043
8.045
8.042
11.006
9.655
9.361
10.013
12.095
4.967
10.025
5.969
10.834
10.885
7.42
7.776
11.415
10.34
3.68
4.139
4.007
10.478
10.52
4.252
7.046
9.955
9.054
9.964
9.834
10.917
3.661
4.056
5.378
6.844
9.477
10.828
12.708
6.467
5.625
6.567
6.523
8.703
10.341
10.678
10.973
10.004
12.404
4.119
4.496
10.282
7.208
6.083
7.058
6.179
10.869
9.14
10.71
3.957
5.963
6.175
5.312
8.091
8.378
11.478
10.886
10.757
11.535
12.404
11.076
4.656
5.757
4.97
10.203
7.356
8.447
10.013
10.516
10.691
12.582
11.783
9.664
13.375
9.089
4.831
5.557
5.773
7.941
6.942
9.824
9.891
10.746
9.029
11.381
3.647
4.244
6.883
4.943
6.132
6.858
3.248
8.077
3.989
5.173
7.607
11.146
4.985
6.162
5.816
7.227
7.909
10.003
10.249
11.936
12.265
3.507
10.305
4.017
4.568
13.924
7.3
8.658
8.883
9.427
9.769
3.84
3.83
11.74
4.708
10.757
9.823
5.279
7.783
7.782
10.663
11.376
11.53
11.598
9.467
5.219
5.654
4.709
7.27
7.89
7.039
7.569
7.329
9.615
10.474
10.2
11.066
3.539
10.562
4.856
4.533
7.124
6.966
7.891
10.357
8.913
3.825
8.702
10.256
12.415
5.651
5.045
5.696
5.814
10.565
8.377
8.391
8.118
9.432
11.139
3.334
3.821
4.07
5.901
9.923
8.415
10.258
9.772
9.462
12.823
8.802
4.059
4.655
5.367
5.585
9.83
10.59
11.121
10.116
11.172
8.989
11.24
4.179
4.655
3.774
4.048
4.545
8.376
7.744
10.172
9.759
11.378
12.252
3.952
9.025
5.94
7.775
8.793
5.389
6.139
6.86
9.618
10.629
12.177
10.016
12.365
4.069
9.801
6.733
10.381
9.493
9.939
10.979
10.169
7.631
12.579
7.487
7.948
8.295
10.061
3.227
5.95
9.13
4.824
6.727
7.777
8.351
11.347
9.313
3.78
3.024
3.766
6.116
5.972
9.749
10.296
10.225
9.917
10.404
10.68
10.742
6.099
7.418
10.052
4.085
13.117
4.806
7.233
9.52
9.108
9.513
10.937
11.1
10.151
10.176
9.945
3.821
4.141
4.472
4.773
5.678
4.241
7.276
7.297
9.763
10.305
10.204
12.161
10.11
3.698
4.6
5.54
7.311
10.089
6.733
10.95
8.5
9.548
12.452
12.476
9.295
3.94
4.59
10.828
6.087
8.743
7.027
6.439
7.321
8.023
10.075
8.808
10.024
12.42
11.898
4.885
4.723
3.521
5.389
6.571
7.283
8.65
10.035
10.001
10.951
8.927
9.152
11.45
11.922
11.995
12.172
5.316
5.342
4.308
9.88
6.133
10.289
7.881
8.29
9.69
8.993
11.133
9.902
10.723
3.456
4.12
4.12
11.34
9.958
7.982
8.262
7.356
10.693
9.822
10.335
10.63
11.875
12.33
11.401
3.89
4.737
4.828
4.986
5.019
6.732
13.176
5.408
5.46
6.836
10.344
11.8
9.797
9.783
11.227
3.327
3.76
4.009
4.386
4.629
6.421
5.986
10.041
9.755
10.136
7.273
8.539
9.012
10.183
10.263
9.798
167.193
10.023
4.352
4.135
4.212
4.749
5.651
6.005
8.221
5.683
7.681
9.43
10.941
9.934
3.693
3.544
3485.002
3.203
9.869
10.377
10.201
3.985
4.478
6.596
3.878
7.504
9.479
9.417
10.393
10.369
11.586
9.884
8.732
11.214
10.991
5.603
6.558
5.711
5.661
12.149
10.448
9.905
6.086
5.493
7.018
8.86
10.248
3.951
9.571
4.049
3.914
3.598
6.984
7.883
6.2
9.037
10.332
7.231
9.255
8.386
10.936
10.477
3.644
4.639
10.195
3.462
3.526
6.679
4.86
6.218
6.76
10.123
5.768
7.402
10.446
7.071
11.659
10.079
5.141
4.235
5.5
4.974
9.734
11.664
8.135
11.899
9.07
9.658
12.378
9.37
3.257
3.79
4.183
6.737
4.799
9.898
9.861
3.883
8.726
6.954
9.893
7.838
9.642
8.722
12.259
10.162
11.35
10.578
12.505
5.625
9.706
5.358
9.245
9.385
9.726
9.816
9.898
9.839
10.104
10.955
3.377
3.827
5.454
5.597
4.34
4.388
3.583
5.967
4.922
4.041
4.636
4.053
4.365
6.409
5.121
7.956
4.621
5.269
5.151
10.218
5.154
6.063
3.586
3.53
11.291
4.184
4.551
3.51
6.505
5.766
5.939
4.669
6.031
8.43
9.474
8.652
8.802
10.56
11.05
11.599
12.637
4.268
3.501
3.706
4.539
9.812
5.085
7.475
11.676
10.427
11.476
9.927
10.859
10.128
2.9
4.12
3.968
5.055
4.077
5.293
4.155
4.631
7.074
6.409
7.996
9.447
10.41
4.453
10.365
10.549
10.579
3.483
3.847
4.017
8.604
9.226
10.777
4.44
7.413
6.673
7.249
8.21
7.847
9.894
9.696
10.148
10.649
10.318
9.431
8.42
4.609
9.582
4.415
4.756
5.546
5.914
5.21
3.46
3.772
8.436
2.97
4.378
4.055
3.713
5.687
6.519
8.38
8.205
8.149
9.713
10.728
3.159
4.034
4.078
9.8
4.496
4.329
6.254
7.436
6.603
9.091
9.967
3.597
10.502
9.75
10.477
11.166
11.883
9.973
9.899
11.231
3.534
5.216
4.978
6.93
6.617
7.651
7.938
9.442
8.127
11.211
9.685
3.368
3.719
4.828
6.341
3.433
9.88
4.871
6.863
5.999
7.648
8.522
9.865
8.331
11.394
10.38
3.796
3.857
4.204
3.564
10.391
5.432
8.57
6.84
8.081
9.468
8.609
10.258
3.478
4.018
3.706
4.395
5.267
5.432
7.38
7.964
6.818
9.228
11.444
11.591
11.121
3.1
8.374
4.076
5.307
5.067
8.197
8.502
8.9
10.352
8.613
10.581
11.028
10.074
11.893
11.812
9.518
3.185
3.484
9.433
4.965
4.768
10.499
9.298
7.437
6.996
7.347
8.067
7.646
8.515
9.99
10.867
11.058
12.414
11.491
5.22
4.358
10.113
4.637
6.519
6.889
7.161
8.152
9.53
9.804
5.303
6.089
7.9
1.628
7.726
9.98
10.041
11.821
12.014
11.688
9.531
9.852
4.121
5.991
4.444
7.81
7.233
5.78
6.817
9.313
8.681
8.62
9.423
11.334
9.579
11.229
9.619
9.946
3.052
10.377
10.632
10.971
10.105
2.993
3.713
7.193
5.72
5.807
8.975
9.988
10.44
11.578
11.628
3.387
11.596
6.613
9.889
4.708
5.413
6.302
7.004
4.984
4.891
8.116
10.081
8.322
9.516
10.005
10.645
10.764
10.288
11.321
11.773
11.887
4.173
4.116
9.525
4.894
5.843
10.205
9.772
7.839
10.636
8.651
7.721
3013.268
8.524
8.648
10.001
12.024
11.986
10.267
10.39
10.781
4.004
3.865
4.113
5.515
5.851
9.804
6.337
9.621
6.217
8.165
8.405
8.448
9.447
10.92
10.774
12.421
6.97
4.011
2.765
12.71
4.169
4.52
5.589
5.595
5.364
7.148
9.392
11.38
10.848
9.983
10.097
11.892
3.878
4.307
3.116
10.165
5.92
6.168
7.019
7.857
8.787
11.327
10.454
11.065
11.388
10.24
8.346
2.808
3.174
2.961
3.394
4.022
4.844
3.367
168.068
5.317
10.324
10.784
6.913
7.049
9.689
7.704
9.446
8.095
10.211
9.252
10.318
10.378
11.311
4.533
5.029
5.049
4.12
5.591
8.603
10.226
10.462
10.843
11.064
3.254
5.47
4.638
6.426
5.941
6.191
7.912
7.231
8.506
10.82
10.99
10.767
12.175
3.274
4.343
5.092
6.168
6.565
9.52
5.445
6.421
5.973
7.838
8.38
10.045
9.6
11.108
9.901
10.575
9.576
9.218
3.528
3.16
5.857
7.08
6.029
7.389
9.725
9.104
9.337
9.797
3.861
10.071
3.449
11.969
9.732
10.173
10.646
5.04
4.186
6.391
6.905
8.275
7.337
3023.851
7.288
11.087
11.216
3.843
3.804
10.319
4.596
10.337
3.616
7.84
8.267
2.769
7.576
8.884
8.192
9.167
186.38
10.225
11.554
3.845
4.165
5.101
4.988
10.25
4.931
10.163
10.843
9.068
9.315
9.664
10.098
4.109
11.123
3.704
3.966
3.786
3.697
4.327
8.295
8.076
10.646
8.049
10.267
9.296
11.038
8.956
9.552
10.043
10.764
12.158
4.767
10.742
5.453
8.26
9.811
9.682
7.13
7.058
11.421
8.133
11.117
3.158
4.003
3.234
3.029
139.376
4.598
3.562
10.642
6.3
7.246
6.358
9.128
8.735
11.508
3.77
3.409
4.65
9.995
10.224
10.494
10.853
5.336
5.409
6.729
6.184
6.506
6.195
7.729
9.865
11.057
3.114
3.902
3.569
149.793
4.639
5.075
3.894
6.65
9.823
9.89
9.189
8.047
11.499
9.949
11.578
12.13
3.565
3.896
4.335
4.631
10.185
3.823
6.162
9.391
8.241
10.616
8.583
10.018
12.27
9.728
4.378
3.511
3.843
3.555
5.739
9.84
8.782
8.597
9.585
10.655
9.662
11.897
3.61
8.456
4.041
3.74
4.18
4.171
4.116
10.564
7.742
10.005
8.825
8.187
10.735
9.821
11.906
3.574
4.039
6.06
5.554
5.519
6.583
6.47
9.744
9.05
10.947
10.25
10.753
10.292
10.055
12.188
3.726
4.23
7.409
4.83
7.572
5.059
5.304
7.406
5.232
8.16
10.506
11.816
12.004
10.703
5.284
4.181
4.194
5.571
10.311
8.249
6.021
5.999
8.577
7.158
8.514
11.607
9.847
3.951
11.984
4.036
4.33
5.433
4.541
4.902
8.218
8.17
9.77
9.672
11.982
9.757
9.944
3.672
3.499
10.283
4.512
10.737
4.889
5.306
4.838
6.081
10.328
7.549
11.419
11.611
10.558
9.651
10.267
4.926
9.584
10.809
4.161
3.352
10.449
7.392
9.1
7.515
9.478
9.938
10.52
9.809
9.604
9.726
10.509
10.596
9.493
11.541
10.998
10.172
10.487
11.978
4.811
3.735
10.14
4.133
5.195
6.095
6.13
9.73
9.691
8.151
6.852
9.338
10.652
10.628
10.575
3.742
3.926
2.97
8.445
4.73
6.863
8.629
6.593
7.828
9.158
9.925
8.476
10.557
11.821
11.1
3.702
2.971
2.414
3.798
3.942
5.542
10.017
5.661
5.601
8.003
10.306
9.751
10.471
3410.336
3.679
4.171
3.932
11.149
3.881
3.757
3.77
5.463
10.223
6.757
8.869
10.816
9.004
3.007
8.932
10.247
6.905
4.173
3.361
3.779
4.229
3.994
3.988
5.207
5.34
5.426
10.117
5.438
9.438
9.841
9.221
11.601
12.448
12.382
4.145
3.766
4.278
4.076
8.684
8.659
5.644
5.782
6.247
6.653
9.795
10.373
8.574
10.299
10.604
11.075
3.907
6.489
3.275
3.76
4.898
5.783
4.535
6.841
6.615
10.465
6.263
8.562
9.417
9.414
11.956
11.217
11.87
9.811
12.221
3.361
9.429
10.456
10.719
4.324
5.049
5.44
5.968
7.076
9.758
7.498
10.015
10.926
9.372
10.258
10.942
3.668
3.636
6.124
3.958
4.935
7.025
5.235
7.44
3.555
8.679
12.336
9.884
10.949
4.536
3.646
3.617
4.381
4.886
6.187
3.826
4.709
9.314
9.534
8.76
9.792
11.796
3.527
11.632
3.624
4.171
4.335
6.212
8.729
9.498
9.886
7.406
9.676
7.01
9.027
10.557
10.212
3.199
3.356
5.569
3.231
7.062
3.428
3.292
2.536
3.587
4.82
6.024
5.599
5.161
8.166
8.415
8.354
9.708
10.769
3.075
3.126
3.09
8.921
3.255
4.757
5.787
2.846
11.912
3.67
4.445
4.427
4.47
5.33
3.426
3.21
5.501
5.278
6.829
10.039
9.637
9.719
10.368
11.306
2.872
2900.915
3.884
4.702
7.174
7.259
8.703
8.944
10.976
11.03
9.975
11.584
10.664
12.362
3.76
3.613
5.839
7.452
6.48
10.794
8.734
8.67
9.964
10.819
3.225
9.678
4.845
6.949
4.091
4.407
5.841
5.267
4.505
7.131
6.959
5.033
3.859
8.618
11.43
9.269
10.254
8.602
12.217
9.617
4.989
3.231
4.581
10.257
4.395
6.034
5.846
7.273
9.35
9.995
8.503
10.048
9.794
11.826
10.634
9.222
10.473
2.531
4.427
3.588
5.128
5.663
9.757
4.905
6.788
7.907
8.282
9.401
10.784
9.1
10.443
9.849
9.763
10.412
12.202
11.037
9.82
3.083
5.145
3576.685
4.685
4.12
6.87
4.921
4.538
8.918
10.137
10.312
11.811
9.937
9.933
9.767
9.899
10.268
10.946
5.593
5.725
9.606
6.637
9.04
10.231
9.978
9.887
11.27
2.989
11.353
10.867
10.26
9.889
10.109
3.2
3.38
8.724
7.486
7.52
4.532
12.188
7.504
8.401
9.97
9.985
10.608
10.665
12.429
4.059
3.769
5.0
4.022
4.766
9.477
8.693
6.068
10.483
10.7
8.879
6.064
8.091
10.246
12.0
9.769
3.771
9.699
3.373
8.755
11.422
4.554
7.505
7.685
9.095
9.352
8.383
6.689
3.253
4.893
5.745
3.14
4.795
4.801
3.8
5.833
4.891
7.68
4.599
2.585
4.064
4.249
5.439
6.356
3.309
8.837
9.871
10.953
3.727
9.88
4.198
4.081
4.518
6.797
5.925
9.562
9.999
7.103
8.593
9.363
9.343
9.73
9.085
9.455
10.402
9.741
10.026
10.306
11.441
6.325
4.684
2.876
9.405
10.665
5.938
5.293
4.079
8.795
8.304
8.519
9.617
10.243
9.623
12.103
9.689
3.893
3.532
3051.96
7.25
5.459
10.215
6.756
7.81
9.377
7.624
10.252
2.844
3.565
3.11
4.337
2.89
3.604
5.597
3.547
4.736
5.978
3.315
3.728
5.875
3.802
3.88
5.411
5.397
11.274
3.667
4.432
4.351
8.24
4.247
7.993
8.363
4.074
4.166
7.238
6.394
7.232
8.967
10.358
9.99
10.822
9.506
9.817
11.701
3.696
4.749
4.727
5.532
10.442
10.638
8.317
8.257
10.895
11.099
9.908
11.417
4.365
3.358
10.272
4.262
9.515
4.416
5.385
5.944
6.658
11.385
10.649
9.254
10.579
10.831
3.355
4.038
4.673
3.785
8.767
6.356
10.153
7.022
7.666
8.778
10.284
8.763
11.928
10.253
12.323
3.751
11.586
5.203
4.985
10.398
7.48
6.141
9.56
8.131
5.421
11.91
9.108
9.899
9.444
3.643
5.294
5.217
4.298
4.765
8.163
3.818
9.37
9.766
6.774
6.365
9.034
8.366
10.713
9.915
8.622
9.871
10.245
6.96
5.748
12.357
4.656
7.748
7.76
9.915
9.938
8.308
9.985
8.363
11.38
3.212
10.093
4.155
9.26
6.263
6.519
9.877
7.924
7.299
7.338
9.755
8.216
11.473
10.087
9.498
11.457
9.348
3.365
3.37
10.397
3.024
3.36
5.95
11.913
5.787
4.041
8.545
6.151
9.273
10.066
10.436
8.961
10.303
10.756
3.015
8.748
3.525
3.049
3.555
7.69
4.322
6.886
3.22
5.738
6.32
5.652
9.97
6.585
8.755
10.694
9.21
10.277
9.715
12.606
3.368
4.297
4.831
4.657
5.949
2.757
5.037
6.331
9.991
10.538
10.651
8.417
3333.712
11.373
7.943
10.975
10.284
10.178
11.544
9.293
9.733
10.666
10.674
3.588
3424.796
4.226
9.811
5.613
7.987
8.481
10.56
11.395
9.458
9.758
4.206
3.658
7.29
3.343
5.121
9.714
6.841
10.486
7.523
8.359
7.097
6.805
7.047
11.34
10.385
9.184
11.029
9.961
3.819
4.984
3.727
4.415
6.51
5.007
6.675
12.546
5.298
5.127
5.965
6.095
8.907
7.945
8.315
9.315
9.861
9.852
3.747
8.544
4.718
3.57
4.681
3.484
6.82
9.772
10.086
10.666
11.352
11.719
3.932
3.575
3.829
4.309
5.616
6.077
9.426
8.082
10.795
9.772
10.472
9.53
9.726
9.955
3.699
4.53
3.446
7.744
4.572
4.424
6.51
7.458
6.508
10.384
9.536
7.048
9.823
9.827
5.026
11.093
9.778
11.418
12.338
4.428
2.699
9.649
10.532
4.691
5.986
5.989
6.827
10.397
8.774
12.049
7.533
8.156
8.464
9.045
8.938
12.39
12.097
3.715
3.829
4.346
4.813
8.194
5.253
7.058
7.954
9.099
7.915
9.906
9.212
9.933
10.797
12.163
10.09
10.431
3.842
4.061
3.335
5.911
5.99
7.883
5.647
7.005
8.637
10.292
10.323
9.157
10.348
11.268
9.649
3.302
4.016
4.785
4.118
10.052
10.232
7.152
7.816
5.9
8.027
8.593
7.87
9.918
10.887
12.071
11.92
7.131
4.103
3.768
2.906
3.659
6.153
5.634
7.335
8.841
10.977
10.101
10.175
3.258
4.428
6.24
5.679
7.079
7.131
6.989
9.791
8.373
10.294
11.146
10.539
10.058
2.751
3.377
3.4
4.227
3.317
4.68
4.852
7.345
9.853
8.362
10.972
3.565
3.936
8.216
4.429
7.732
3.161
10.501
10.263
6.971
6.948
5.433
6.524
9.881
9.964
10.264
3.371
3.642
3.815
12.224
4.105
4.8
6.36
5.036
5.96
7.248
7.886
7.974
6.422
8.666
10.511
10.487
11.856
2.758
3.603
8.159
2.882
3.678
8.337
3.309
8.895
4.68
5.143
10.654
6.819
7.042
10.287
10.295
9.842
9.412
10.484
10.554
5.011
4.083
4.009
3.963
9.799
4.067
6.924
4.774
5.279
6.486
7.902
10.379
9.758
8.277
9.765
8.651
10.569
11.11
12.347
9.883
3.92
2.572
10.212
7.377
7.859
8.855
7.033
6.932
7.957
7.962
8.801
10.401
9.437
9.469
3218.589
10.923
9.85
2.918
3.85
5.069
3.708
4.455
5.769
7.877
4.066
4.673
3.573
4.094
4.454
6.677
7.084
2.95
7.154
10.223
3.483
3.846
4.129
10.478
5.643
5.733
7.417
7.943
7.855
7.532
9.57
10.917
10.124
10.353
10.649
3.578
157.8
3.762
9.196
5.563
6.084
6.215
6.441
6.74
7.292
4.129
6.448
11.233
3.55
4.905
5.154
3.277
3.967
3.476
4.006
4.617
5.234
7.623
2.91
4.091
5.301
3.478
4.018
4.916
5.516
8.21
8.495
8.959
10.105
11.363
9.28
11.708
3.14
8.894
8.974
4.953
5.773
3.603
5.22
5.873
7.14
8.191
10.199
6.704
9.117
9.716
10.072
10.926
3.488
4.037
7.173
4.943
4.065
3.454
5.178
5.261
5.995
8.823
9.933
7.915
8.061
11.761
9.583
2.942
7.674
2.939
3.552
3.072
4.319
3.314
4.328
5.741
6.811
8.2
