11533.125
11534.758
11594.293
11568.98
11569.355
11561.715
11554.414
11553.996
11547.461
11451.414
11565.195
11611.543
11746.563
11795.184
11923.457
11972.859
11971.016
11990.906
12016.336
12026.621
12035.172
12049.113
12044.25
12041.066
12042.801
12034.113
12065.859
12075.871
12076.617
12041.191
12128.215
12200.301
12203.25
12195.441
12242.184
12300.797
12367.934
12374.566
12371.117
12382.723
12393.262
12360.215
12353.902
12350.352
12362.211
12224.773
12213.723
12213.238
12208.711
12199.246
12184.695
12166.605
12160.199
12082.559
12083.867
12130.742
12125.367
12093.895
12086.531
12091.906
12089.992
12090.078
12089.883
12126.293
11912.168
11938.336
11936.086
