7837.164
9857.348
10119.023
10552.855
10824.316
11266.309
11612.777
11995.961
12489.008
12902.223
13324.398
13749.473
14273.848
14431.055
14484.457
14509.758
14527.914
14524.723
14522.238
14199.316
14175.887
14144.848
14147.016
14147.504
14146.641
14148.934
14139.984
14452.199
14703.684
14963.863
15162.129
15419.105
15632.102
15878.785
16154.895
16434.148
16831.258
17014.098
17008.738
17012.828
17017.34
17020.57
17021.188
17025.504
17048.605
17047.902
17178.668
17170.84
17209.121
17206.75
17220.832
17204.668
17213.289
17309.824
17768.691
17814.508
17859.84
17873.773
17877.84
17751.945
17752.277
17751.477
17735.836
17736.18
17301.891
17300.992
17336.25
17157.121
17166.625
17155.324
17290.809
17320.008
17330.148
17351.363
17412.926
17411.602
17418.23
17424.133
17424.047
17425.395
17463.672
17569.867
17634.523
17590.039
17745.574
17806.418
17814.457
17807.195
17863.273
18039.488
18125.684
18155.715
18085.59
18091.918
18085.746
17687.918
17691.938
17803.063
17834.164
17851.637
18005.074
18336.043
18356.98
18234.449
18091.121
18130.223
18250.391
18666.508
18557.379
18610.352
18483.961
18060.152
18091.418
18108.156
18114.039
18087.293
18123.621
18124.922
17629.547
17604.105
17602.086
17575.809
17603.238
17542.148
17587.449
17634.52
17806.121
18080.234
18084.578
18092.621
18059.133
18066.578
18066.23
18057.383
18183.836
18203.844
18091.676
18153.949
18167.504
18187.398
18209.617
17782.434
17821.543
17850.586
17854.145
17873.227
17820.945
17709.344
17790.664
17844.398
17963.012
18041.887
18051.25
18106.148
18095.566
18095.637
18105.262
18133.238
18120.688
18130.82
18136.176
17950.832
18007.637
17780.949
17642.984
17659.18
17667.691
17642.836
17633.152
17645.762
17716.563
17756.762
17829.512
17960.156
17954.816
17979.582
18100.777
18111.305
18190.539
18208.473
18241.211
18219.168
18205.207
18210.145
18037.055
18054.684
18060.004
17860.344
17864.051
17675.922
17679.238
17677.195
17677.121
17678.012
17667.277
17685.203
17681.637
17666.652
17682.563
17696.059
17693.605
17695.059
17708.66
17837.676
17879.031
17879.41
17903.891
17905.566
17880.441
17880.141
17884.613
17910.77
17929.32
18032.496
18071.48
18090.902
17988.258
18029.859
18051.801
18068.836
18079.609
18061.418
18058.301
18088.332
18103.008
18102.824
17917.148
17919.063
17921.359
19380.102
18375.52
17879.645
17805.082
17806.188
17805.559
17807.527
17797.691
17756.531
17645.652
17637.344
17617.809
17617.043
17610.688
17608.129
17606.012
17607.508
17604.551
17608.844
17622.887
17604.813
17601.395
17755.84
17752.953
17596.301
17707.977
17702.324
17580.277
17684.355
17865.359
17770.957
18069.898
18117.723
17803.164
17806.07
18084.648
18233.965
18083.535
18096.918
17953.488
17758.852
18123.973
17911.836
17755.336
17881.742
17774.773
17603.957
17769.93
17782.848
17775.457
17787.184
17781.438
17787.555
17946.699
17960.996
17645.559
17649.656
17654.254
17651.883
17805.156
17800.703
17800.602
17638.789
17663.07
17641.598
17808.117
17984.633
17954.801
17955.434
18082.301
18295.504
18046.105
18035.969
18179.172
18010.137
17915.648
18391.012
18398.734
17886.113
17896.348
17884.566
17895.727
17733.586
17740.441
17732.672
17732.723
17861.359
17895.051
17892.113
17729.906
17730.176
17903.793
17910.863
17928.266
17935.578
17764.734
17770.422
17904.965
17904.258
17747.75
17741.344
17738.531
17743.738
17745.262
18387.988
17757.375
18072.496
18067.832
17739.34
17754.574
17760.934
17774.98
17843.348
18084.504
18093.977
18005.914
17985.27
18004.0
17908.953
17981.684
18162.582
18199.031
18048.895
18043.426
18055.004
17988.559
17997.109
18009.441
18489.375
18673.277
18198.531
18053.355
18167.902
18076.141
17963.801
17970.801
18000.832
18014.82
18034.309
17997.453
18007.574
18325.652
18345.406
18008.285
18015.227
18029.715
18044.188
17848.895
17976.172
18309.434
17997.813
17849.266
18421.91
18558.793
18172.906
18355.75
18379.031
18444.016
18499.719
18029.086
18026.613
18022.27
17986.563
17981.461
17981.645
17981.742
17837.676
17845.238
17964.563
17964.992
18013.715
17998.352
18005.801
18005.496
18004.102
18000.16
18001.324
18001.992
18495.215
18660.91
18812.828
18809.75
18485.66
18484.809
18982.152
18882.328
19303.699
18714.727
18087.148
18080.781
18432.262
18395.957
18129.77
18178.516
18120.098
18143.496
18090.563
18095.621
18148.148
18145.941
18114.324
18111.91
18107.742
18089.23
18280.406
18448.48
18089.488
17929.695
17929.762
17928.594
17929.492
17900.547
17896.105
17893.172
17896.383
17877.215
18192.902
18201.117
17875.688
17876.348
18145.926
18560.875
18067.336
18243.051
18247.039
17943.063
17931.332
18094.594
18085.727
18085.848
18085.633
18082.715
17918.301
17981.438
18361.844
18383.52
18077.395
18093.559
18247.25
18383.918
18086.098
18085.164
18250.441
18247.691
18085.043
18094.23
18081.5
17903.852
17911.949
17914.891
18209.785
18225.902
17919.742
17916.691
18267.031
18542.391
18495.645
18169.906
17978.082
17957.82
18126.309
18309.727
18132.816
18274.141
18568.203
18478.734
18270.883
18119.02
18115.223
18323.109
18481.23
18344.785
18197.863
18264.684
18304.172
18008.102
18020.98
17993.027
18007.285
17948.652
17942.109
17942.004
17940.039
18099.73
18103.973
18103.176
18275.715
18135.164
17969.063
18128.441
18338.719
18160.535
18004.813
18002.934
18004.113
18004.422
18006.465
18008.547
18008.738
18013.086
18013.016
18012.391
18030.543
18034.629
18103.895
18141.953
18643.477
18495.297
18728.914
18465.313
18590.098
18701.168
18543.57
18659.043
18680.258
18522.355
18829.773
18827.453
18343.813
18394.805
18395.07
18238.316
18243.707
18215.813
18064.742
18045.977
18104.348
18170.684
18168.301
18225.063
18359.352
18385.473
18391.266
18283.438
18559.453
18247.547
18254.484
18250.941
18264.176
18250.035
18022.871
18024.098
18020.77
18002.094
18020.129
18013.395
17995.895
17992.277
17991.957
17991.656
17998.457
17991.758
17989.5
17982.84
17984.262
17987.203
17987.066
18011.703
17998.051
17993.645
17993.199
17994.832
17992.508
18121.926
18120.395
17987.746
17986.27
17986.836
17998.598
17986.875
17991.016
17990.234
18007.523
17989.168
17988.973
17989.176
18060.879
18116.668
18128.945
18203.934
18212.02
18213.633
18216.188
18222.375
18219.543
18233.266
18223.828
18238.07
18246.949
18173.398
18181.867
18022.961
18014.383
18020.465
18132.199
18156.691
18165.625
18186.867
18187.48
18240.258
18243.02
18369.703
18392.824
18452.219
18476.969
18470.023
18483.82
18321.84
18333.207
18283.824
18297.063
18418.063
18289.926
18362.273
18424.695
18452.641
18464.094
18456.484
18218.18
18219.16
18224.52
18367.238
18402.965
18391.805
18518.75
18554.867
18598.129
18579.773
18579.238
18586.703
18702.434
18756.125
18766.16
18606.398
18422.926
18424.277
18421.371
18252.016
18387.813
18539.582
18548.848
18590.188
18566.469
18409.895
18411.988
18409.098
18413.938
18414.16
18415.664
18439.539
18438.465
18552.43
18436.238
18297.684
18303.641
18311.184
18308.852
18307.809
18344.805
18345.98
18313.168
18311.422
18311.535
18311.699
18304.602
18120.543
18114.008
18117.789
17877.656
17876.598
17873.73
17872.641
17873.801
17793.734
17816.699
17788.66
17787.008
17785.277
17785.746
17788.438
17786.461
17789.852
17789.949
17790.715
17801.805
17610.52
17460.895
17248.488
