208.389
44.396
116.254
70.407
0.192
0.29
0.167
0.191
0.19
0.233
0.533
0.19
0.178
0.214
0.243
0.177
0.182
0.156
0.178
0.226
0.348
0.148
0.171
0.162
0.165
0.219
0.181
0.169
0.141
0.139
0.137
0.16
0.17
0.136
0.137
0.097
0.234
0.195
0.143
0.13
0.156
0.132
0.158
0.14
0.216
0.205
0.175
0.213
0.209
0.138
0.158
0.127
0.127
0.163
0.21
0.193
0.169
0.095
0.128
0.155
0.143
0.238
0.135
0.158
0.22
0.142
0.172
0.144
0.14
0.133
0.155
0.188
0.128
0.137
0.189
0.177
0.161
0.229
0.229
0.153
0.138
0.158
81.197
0.15
0.138
0.171
0.109
0.173
0.13
0.128
0.245
0.17
0.137
0.189
0.159
0.149
0.223
0.165
0.15
0.129
0.131
0.126
0.125
0.168
0.131
0.181
0.157
0.271
0.139
0.136
0.134
0.171
0.151
0.152
0.186
0.11
0.178
0.133
0.158
0.123
0.126
0.169
0.115
0.145
0.135
0.26
0.171
0.439
0.164
0.153
0.124
0.178
0.2
77.705
0.193
0.176
0.166
0.16
0.158
0.169
0.174
0.092
0.16
0.179
0.162
0.159
0.153
0.164
0.156
0.222
0.242
0.215
0.19
0.226
0.213
0.181
0.102
0.14
0.106
0.112
0.166
0.316
0.163
0.184
0.113
0.105
0.143
0.107
0.1
0.11
0.103
0.106
0.101
0.135
0.171
0.111
0.137
0.139
0.155
0.152
0.171
0.136
0.101
0.134
0.125
0.106
0.158
0.135
0.137
0.105
0.134
0.139
0.106
0.093
0.154
0.104
0.099
0.105
0.157
0.105
0.105
0.103
0.111
0.11
0.172
0.156
0.146
0.135
0.107
0.134
0.147
0.107
0.133
0.114
0.124
0.096
0.12
0.109
0.115
0.136
0.231
0.223
0.2
0.154
0.128
0.114
0.128
0.127
0.099
0.074
63.646
0.14
0.161
0.097
0.148
0.129
0.12
0.089
0.129
0.129
0.144
0.132
0.161
0.106
0.15
0.104
0.119
0.092
0.102
0.094
0.109
0.065
0.084
0.055
0.065
0.516
0.296
0.108
0.083
0.074
0.106
0.111
0.108
0.107
0.107
0.102
0.12
0.089
0.117
0.141
0.109
0.082
0.047
0.08
0.058
0.053
0.055
0.054
0.107
0.171
0.104
0.08
0.143
0.113
0.077
0.137
0.106
0.076
0.105
0.105
0.114
0.114
0.103
0.119
0.066
0.079
0.133
0.115
0.112
0.112
0.112
0.129
0.103
0.211
0.137
0.077
0.068
0.146
0.091
0.156
0.145
0.084
0.08
0.152
0.136
0.156
0.141
0.135
0.09
0.093
0.145
0.102
0.077
0.086
0.11
0.109
0.072
0.084
0.108
0.106
0.104
0.072
0.102
0.106
0.095
0.102
0.101
0.118
0.076
0.116
0.112
0.102
0.135
0.13
0.102
0.072
0.099
0.102
0.107
0.251
0.077
0.074
0.06
0.141
0.113
0.109
0.126
0.1
0.134
0.097
0.114
68.484
0.115
0.112
0.107
0.129
0.105
0.106
0.111
0.102
0.122
0.12
0.118
0.115
0.123
66.597
0.151
0.106
0.131
0.148
0.112
0.152
0.123
0.12
0.135
0.125
0.094
0.093
0.095
0.063
0.098
0.093
0.105
0.126
0.099
0.097
0.094
0.106
0.097
0.071
0.095
0.098
0.102
0.11
0.223
0.1
0.142
0.102
0.092
0.09
0.095
0.088
0.089
0.092
0.09
0.098
0.093
0.094
0.117
0.074
0.108
61.344
0.092
0.092
0.068
0.093
0.077
0.126
0.062
0.058
0.07
0.139
0.357
0.136
0.11
0.522
0.121
0.115
0.064
0.069
0.09
0.09
0.07
0.106
0.118
0.395
64.151
0.103
0.099
0.099
0.13
0.071
0.126
0.107
0.091
0.107
0.098
0.098
0.098
0.07
0.132
0.104
0.091
0.096
0.069
0.063
0.107
0.066
0.073
0.059
0.147
0.063
0.067
0.069
0.062
0.092
0.093
0.085
0.218
0.132
0.086
0.096
0.157
0.087
0.084
0.069
0.092
0.095
0.345
0.072
0.112
0.071
0.059
0.057
0.086
0.07
0.058
0.059
0.119
0.067
0.065
73.69
0.049
0.091
0.085
0.095
0.088
0.058
0.068
0.089
0.056
0.062
0.132
0.119
0.12
0.087
0.085
0.096
0.069
0.059
0.056
0.053
0.111
0.101
0.059
0.106
0.122
0.132
0.093
0.115
0.109
0.093
0.093
0.086
0.085
0.071
0.085
0.09
0.057
0.111
0.126
0.095
0.095
0.105
0.063
0.086
0.057
0.112
0.117
0.087
0.091
0.093
0.1
0.09
0.063
0.055
0.082
0.066
0.067
0.12
0.066
0.062
0.089
0.099
0.087
0.124
0.087
0.103
0.085
0.085
0.086
0.058
0.086
0.083
0.096
0.084
0.167
0.131
0.055
0.116
0.099
0.089
0.085
0.09
0.058
0.107
0.084
0.121
0.059
0.088
0.08
0.079
0.089
0.1
0.085
0.084
0.094
0.086
0.119
0.101
0.086
0.106
62.323
0.09
0.128
0.097
0.102
0.086
0.085
0.058
0.1
0.069
0.057
0.089
0.108
0.064
0.118
0.118
0.087
0.086
0.085
0.085
0.131
0.086
0.068
0.084
0.061
0.085
0.087
0.104
0.086
0.102
0.102
0.115
0.086
0.085
0.082
0.092
0.093
0.073
0.064
0.133
0.06
0.052
0.111
0.138
0.084
0.084
0.06
0.154
0.084
0.063
0.088
0.099
0.104
0.627
0.092
0.084
0.072
0.076
0.052
0.066
0.061
0.095
0.092
0.102
0.077
0.088
0.095
0.087
0.074
0.091
0.061
0.086
0.116
0.118
0.098
0.073
0.084
0.084
0.057
0.085
0.087
0.089
0.094
0.094
0.084
0.091
61.284
0.08
0.074
0.075
0.061
0.124
0.058
0.091
0.087
0.062
0.064
0.127
0.104
0.089
0.103
0.092
0.079
0.071
0.104
0.075
0.088
66.525
0.11
0.076
0.061
0.058
0.088
0.109
0.064
0.113
0.042
0.114
0.109
0.094
0.085
0.059
0.083
0.087
0.099
0.103
0.106
0.103
0.061
0.108
0.175
0.089
0.117
0.087
0.087
0.083
0.334
0.113
0.067
0.102
0.08
0.056
0.101
0.034
0.036
0.09
0.085
0.064
0.1
0.139
0.11
0.084
0.084
0.097
0.121
0.098
0.103
0.084
0.066
0.094
0.086
0.085
0.088
0.096
0.135
0.06
0.183
0.104
0.089
0.061
0.087
71.8
67.294
0.098
0.098
0.086
0.024
0.078
0.092
0.095
0.076
25.604
0.119
0.114
0.061
73.935
0.062
0.068
0.066
0.063
0.073
0.092
0.062
0.057
0.066
0.056
0.05
0.057
0.065
0.18
0.069
0.075
0.068
0.078
0.063
0.121
0.057
0.055
0.06
0.081
0.063
0.059
0.099
0.068
0.09
0.062
0.089
0.203
0.09
0.06
0.06
0.053
0.08
0.124
0.087
0.061
0.057
0.08
0.101
0.062
0.052
0.081
0.058
0.184
0.135
0.097
0.06
0.097
0.062
0.058
0.061
0.197
0.105
0.063
0.06
0.053
0.09
0.07
0.093
0.059
0.095
0.097
0.113
0.058
0.092
0.081
0.08
0.058
0.08
0.085
0.086
0.083
0.088
0.057
0.089
0.067
0.075
0.083
0.055
0.053
0.074
0.118
0.114
0.089
0.079
0.118
0.081
0.081
0.101
0.132
0.099
0.082
0.08
0.08
0.097
0.085
0.126
0.111
0.082
0.112
0.081
0.089
0.117
0.093
0.096
0.089
0.055
0.091
0.062
0.115
0.056
0.089
0.081
0.084
0.088
0.06
0.057
0.111
0.11
0.132
0.124
0.092
0.055
0.087
0.163
0.19
0.12
0.114
0.091
0.083
0.078
0.199
0.089
0.082
0.09
0.093
0.096
0.084
0.083
0.095
0.086
0.109
0.079
0.061
0.055
0.09
0.085
0.078
0.062
0.081
0.078
0.229
0.09
0.092
0.059
0.089
76.495
0.079
0.083
0.036
0.044
0.057
0.05
0.108
0.108
0.093
0.084
0.099
0.057
0.057
0.058
0.068
0.101
0.06
0.083
0.078
0.087
0.059
0.049
0.06
0.078
0.104
0.104
0.083
0.05
0.103
0.082
0.09
0.092
0.083
0.135
0.094
0.102
0.087
0.097
0.079
0.08
0.079
0.088
0.149
0.127
0.085
0.082
0.109
0.086
0.107
0.075
0.082
0.078
0.078
0.078
0.107
0.095
0.083
0.079
0.082
0.082
0.085
0.084
0.097
0.079
0.094
0.081
0.086
0.08
0.099
0.102
0.086
0.074
0.087
0.091
0.108
0.115
0.104
0.085
0.084
0.153
0.1
0.084
0.133
0.104
0.147
0.086
0.09
0.239
0.121
0.084
0.118
0.113
0.125
0.124
0.126
0.089
0.123
0.112
0.09
0.153
0.083
0.093
0.129
0.121
0.124
0.204
0.151
0.206
0.167
0.169
0.117
0.129
0.083
0.086
0.094
0.111
0.111
0.085
0.083
0.087
0.108
0.09
0.091
0.065
0.093
0.121
0.12
0.132
0.127
0.162
0.11
0.118
0.131
0.112
0.115
0.124
0.14
0.099
0.088
0.166
0.246
0.088
0.143
0.09
0.151
0.117
0.111
0.133
0.126
0.066
0.119
0.097
0.12
0.131
0.087
0.094
0.129
0.112
0.095
0.138
0.103
0.089
0.118
0.123
0.09
0.085
0.074
0.087
0.066
0.112
0.138
0.1
0.095
0.084
0.093
0.061
0.101
0.084
0.12
0.102
0.118
0.094
0.094
0.092
0.085
0.118
0.128
0.089
0.106
0.09
0.081
0.071
0.085
0.087
0.11
0.155
0.074
0.072
0.053
0.056
0.055
0.094
0.132
0.138
0.086
0.088
0.136
0.164
0.109
0.088
0.088
0.156
0.117
0.112
0.113
0.108
0.093
0.09
0.11
0.124
0.093
0.096
0.122
0.08
0.126
0.088
0.126
0.141
0.16
0.09
0.124
0.1
0.118
0.154
0.099
0.093
0.392
0.1
0.069
0.118
0.129
0.144
0.096
0.094
0.089
0.152
0.442
0.133
0.202
0.079
0.102
0.066
0.077
0.065
0.079
0.065
0.072
0.113
0.082
0.128
0.165
0.102
0.122
0.118
0.061
0.134
0.118
0.162
0.226
0.11
0.133
0.063
0.123
0.11
0.121
0.148
0.089
0.115
0.158
0.104
0.112
0.101
66.799
0.106
0.118
0.085
0.086
0.12
0.124
0.132
0.088
0.107
0.085
0.067
0.126
0.125
0.101
0.156
0.087
0.089
0.091
0.111
0.09
0.11
0.11
0.097
0.107
0.092
0.12
2.294
0.095
0.086
0.11
0.085
0.085
0.086
0.107
0.089
0.146
0.127
0.079
0.084
0.085
0.11
0.085
0.12
0.113
0.09
0.086
0.093
0.123
0.091
0.125
0.109
0.09
0.124
0.087
0.116
0.086
0.087
0.114
0.133
0.128
0.112
0.087
0.083
0.082
0.087
0.126
0.099
0.143
0.088
0.085
0.103
0.084
0.118
0.082
0.091
0.141
0.106
0.124
0.084
0.107
0.084
0.089
0.159
0.085
0.174
0.066
0.131
0.104
0.235
0.107
0.085
0.138
0.112
0.091
0.122
0.085
0.29
0.115
0.082
0.083
0.097
0.086
0.11
0.085
0.098
0.109
0.082
0.089
0.083
0.106
0.082
0.086
0.081
0.114
0.089
0.096
0.085
0.083
0.09
0.082
0.166
0.076
0.075
0.096
0.088
0.139
0.1
0.105
0.09
0.081
0.074
0.043
0.068
0.074
0.074
0.081
0.074
0.077
0.097
0.117
0.077
0.074
0.074
0.073
0.086
0.13
0.119
0.099
0.075
0.105
0.094
0.077
0.083
0.085
0.104
0.076
0.075
0.083
0.077
0.102
0.094
0.094
0.084
0.075
0.072
0.099
0.107
0.129
0.075
0.074
0.079
0.084
0.077
0.713
0.076
0.075
0.078
0.114
0.076
0.076
0.082
0.054
0.074
0.083
0.186
0.074
0.091
0.106
0.1
0.079
0.107
0.072
0.098
0.075
0.081
0.085
0.095
0.076
0.117
0.077
0.073
0.097
0.109
0.087
0.097
0.119
0.138
68.703
0.104
0.074
0.163
0.078
0.093
0.076
0.086
0.06
0.065
0.057
0.132
0.088
0.112
0.094
0.085
0.082
0.128
0.109
0.139
0.085
0.093
0.078
0.079
0.132
0.113
0.143
0.101
0.106
0.079
0.091
67.73
0.111
0.101
0.118
0.102
0.06
0.046
0.115
0.094
0.086
0.101
0.083
0.08
0.11
0.098
0.066
0.106
0.097
0.056
0.08
0.055
0.115
0.049
0.057
0.098
0.045
0.087
0.081
0.064
0.089
0.078
0.102
0.081
0.052
0.09
0.078
0.072
0.078
0.094
0.071
0.049
0.096
0.086
0.072
0.069
0.072
0.071
0.071
0.082
0.075
0.071
0.084
0.094
0.086
0.071
0.076
0.071
0.092
0.079
0.076
0.094
0.076
0.074
66.852
0.073
0.08
0.084
0.087
0.089
0.07
0.077
0.086
0.099
0.071
0.1
0.07
0.096
0.099
0.075
0.083
0.092
0.072
0.084
0.107
0.075
0.072
0.071
0.072
0.056
0.104
0.072
0.081
0.101
0.081
0.073
0.076
0.103
0.076
0.075
0.104
0.072
0.074
0.061
0.07
0.072
0.077
0.069
0.072
0.073
0.079
0.083
0.071
0.07
0.08
0.105
0.082
0.073
0.086
0.072
0.077
0.071
0.07
0.1
0.093
0.072
0.078
0.085
0.085
0.076
0.089
0.071
0.071
0.072
0.097
0.085
0.073
0.073
0.073
0.088
0.073
0.08
0.083
0.092
0.073
0.073
0.071
0.072
0.073
0.069
0.073
0.134
0.129
0.102
0.069
0.074
0.09
0.367
0.091
0.073
0.075
0.076
0.102
0.08
0.086
0.095
0.079
0.063
0.078
0.094
0.061
0.095
0.094
0.078
0.078
0.053
0.094
0.09
0.078
0.072
0.09
0.052
0.066
0.078
0.056
0.094
0.047
0.076
0.063
0.078
0.024
0.068
0.057
0.036
0.089
0.076
0.098
0.15
0.076
0.072
0.032
0.081
0.102
0.184
0.075
0.096
63.175
0.074
0.072
0.079
0.077
0.11
0.075
0.076
0.078
0.062
0.076
0.063
0.051
0.039
0.105
0.097
0.092
0.095
0.105
0.104
0.083
0.069
0.048
0.071
0.102
0.082
0.045
0.087
0.093
0.052
0.103
0.055
0.041
0.108
0.096
0.107
0.049
0.107
0.062
0.111
0.106
0.102
0.109
0.079
0.099
0.116
0.047
0.071
0.107
0.108
0.071
0.062
0.102
0.105
0.185
0.103
0.096
0.115
0.107
0.112
0.049
0.131
0.044
0.052
0.106
0.083
0.098
0.117
0.089
0.118
0.098
0.176
0.073
0.074
0.072
0.103
0.112
0.081
0.066
0.082
0.096
0.052
0.078
0.085
0.078
0.07
0.08
0.065
0.079
0.077
0.043
0.078
0.079
0.078
0.052
0.107
0.09
58.399
0.056
0.025
0.044
0.097
0.075
0.083
0.078
0.11
0.102
0.07
0.103
0.08
0.071
0.071
0.079
0.086
0.099
0.088
0.051
0.071
0.123
0.078
0.078
0.07
0.106
0.072
0.071
0.071
0.063
0.124
0.051
0.08
0.075
0.073
0.096
0.073
0.078
0.111
0.089
0.054
0.08
0.094
0.077
0.052
0.079
0.077
0.062
0.077
0.093
0.068
0.076
0.062
0.078
0.096
0.087
0.077
0.077
0.077
0.053
0.05
0.081
0.079
0.104
0.107
0.093
0.108
0.071
0.077
0.102
0.109
0.052
0.063
0.086
0.079
0.101
0.06
0.077
0.081
0.067
0.079
0.107
0.052
0.096
0.056
0.068
0.078
0.078
0.066
0.051
0.079
0.077
0.052
0.078
0.078
0.076
0.056
0.078
0.077
0.055
0.095
0.097
0.096
0.09
0.082
0.07
0.085
0.101
0.084
0.076
0.07
0.079
0.081
0.106
0.09
0.084
0.086
0.075
0.07
0.08
0.086
0.092
0.073
0.071
0.072
0.107
0.093
0.077
0.103
0.081
0.045
0.085
0.073
0.07
0.07
0.071
0.076
0.074
0.077
0.071
0.051
0.069
0.068
0.071
0.047
0.071
0.072
0.072
0.071
0.075
0.075
0.071
0.071
0.053
0.071
0.047
0.084
0.071
0.078
0.102
0.107
0.099
0.118
0.061
0.116
0.1
0.052
0.077
0.094
0.075
0.075
0.071
0.08
0.071
0.072
0.11
0.079
0.099
0.075
0.076
0.072
0.074
0.072
0.072
0.095
0.092
0.072
0.075
0.095
0.054
0.074
0.084
0.07
0.08
0.085
0.082
0.125
0.078
0.077
0.085
0.074
0.072
0.077
0.072
0.1
0.097
0.11
0.077
0.081
0.073
0.071
0.072
0.059
0.074
0.05
0.081
0.075
0.053
0.094
0.075
0.059
0.077
0.073
0.081
0.046
0.072
0.072
0.069
0.102
0.098
64.739
0.084
0.073
0.092
0.044
0.101
0.14
0.096
0.072
0.081
0.08
0.098
0.078
0.073
0.072
0.076
0.088
0.097
0.117
0.077
63.556
0.079
0.082
0.088
0.085
0.091
0.107
0.057
0.079
0.071
0.053
0.043
0.056
0.073
0.108
0.091
0.054
0.076
0.086
0.092
0.098
0.055
0.05
0.048
0.072
0.054
0.078
0.084
0.086
0.09
0.114
0.064
0.096
0.093
0.079
0.069
0.069
0.07
0.067
0.079
0.07
0.132
0.093
0.11
0.085
0.078
0.078
0.055
0.069
0.068
0.068
0.094
0.07
0.081
0.095
0.096
0.076
0.07
0.071
0.088
0.102
0.087
0.091
0.08
0.11
0.088
0.062
0.071
0.067
0.068
0.075
0.095
0.085
0.076
0.089
0.073
0.079
0.078
0.068
0.068
0.072
0.052
0.08
0.075
0.068
0.066
0.068
0.071
0.073
0.086
0.086
66.644
0.079
0.071
0.076
0.055
0.085
0.074
0.083
0.089
0.081
0.071
0.066
0.082
0.075
0.07
0.086
0.074
0.068
0.069
0.07
0.078
0.093
0.079
0.099
0.078
0.115
0.113
0.086
0.1
0.116
0.089
0.087
0.082
0.088
0.09
0.068
0.071
0.084
0.091
0.094
0.088
0.067
0.42
0.078
0.046
0.041
0.046
0.11
0.049
0.094
0.12
0.06
0.11
0.069
0.089
0.071
0.051
0.069
0.079
0.065
0.105
0.055
0.108
0.104
0.06
0.064
0.055
0.059
0.04
0.124
0.051
0.047
0.077
0.071
0.072
0.1
0.127
0.116
0.059
0.094
0.074
0.116
0.03
0.079
0.065
0.106
0.103
0.101
0.109
0.11
0.09
0.108
0.109
0.087
0.05
0.109
0.106
0.1
0.109
0.051
0.119
0.102
0.056
0.089
0.114
0.056
0.11
0.093
0.098
0.106
0.057
0.085
0.087
0.113
0.087
0.05
0.078
0.053
0.082
0.075
0.068
0.058
0.08
0.049
0.071
0.075
0.093
0.059
0.071
0.069
0.07
0.071
0.073
0.068
0.078
0.097
0.208
0.078
0.099
0.084
0.072
0.068
0.232
0.08
0.046
0.134
0.108
0.196
0.05
0.037
0.045
0.096
0.083
0.085
0.053
0.095
0.068
0.056
0.038
0.068
0.093
0.078
0.069
0.079
0.068
0.049
0.078
0.088
0.055
0.096
0.07
0.037
0.085
0.078
0.068
0.053
0.072
0.068
0.035
0.041
0.04
0.077
0.089
0.077
0.073
0.068
0.085
0.031
0.045
0.069
0.131
0.035
0.079
0.075
0.032
0.047
0.13
0.084
0.079
0.081
0.05
0.066
0.055
0.078
0.096
0.069
0.054
0.078
0.058
0.08
0.051
0.078
0.111
0.034
0.12
0.079
0.096
0.049
0.079
0.066
0.049
0.053
0.072
0.052
0.088
0.078
0.109
0.072
0.08
0.087
0.033
0.046
0.079
0.115
0.055
0.066
0.086
0.058
0.116
0.124
0.109
0.067
0.075
0.068
0.055
0.09
0.073
0.051
0.074
0.06
0.077
0.079
0.079
0.104
0.081
0.069
0.048
0.106
0.078
0.087
0.076
0.055
0.098
0.071
0.064
0.074
0.035
0.067
0.046
0.039
0.078
0.097
0.071
0.054
0.077
0.08
0.073
0.078
0.095
0.107
0.055
0.078
0.064
0.059
0.097
0.08
0.053
0.104
0.049
0.08
0.054
0.047
0.082
0.033
0.077
0.081
0.091
0.059
0.078
0.065
0.097
0.048
0.065
0.097
0.077
0.049
0.05
0.063
0.049
0.09
0.061
0.08
0.094
0.069
0.063
0.051
0.076
0.045
0.106
0.073
0.081
0.07
0.112
0.078
0.1
0.073
0.079
0.079
0.068
0.101
0.088
0.126
0.076
0.047
0.113
0.103
0.085
0.12
0.113
0.099
0.112
0.1
0.09
0.12
0.07
0.087
0.096
0.098
0.192
0.098
0.111
0.108
0.102
0.122
0.084
0.092
0.128
0.092
0.087
0.08
0.072
0.077
0.077
0.091
0.051
0.057
0.058
0.046
0.035
0.117
0.086
0.077
0.078
0.095
0.052
0.059
0.045
0.054
0.106
0.094
0.096
0.055
0.058
0.142
0.101
0.113
0.086
0.092
0.079
0.046
0.071
0.071
0.047
0.064
0.071
0.089
0.079
0.052
0.069
0.078
0.079
0.071
0.085
0.061
0.072
0.079
0.047
0.072
0.078
0.034
0.052
0.031
0.079
0.072
0.073
0.057
0.066
0.084
0.054
0.048
0.079
0.098
0.079
0.064
0.079
0.09
0.031
0.033
0.035
0.085
0.083
0.079
0.052
0.054
0.093
0.079
0.113
0.084
0.086
0.108
0.08
0.09
0.077
0.078
0.079
0.035
0.055
0.095
0.059
0.081
0.063
0.075
0.059
0.072
0.103
0.088
0.061
0.113
0.082
0.073
0.07
0.048
0.076
0.071
0.071
0.079
0.054
0.043
0.072
0.05
0.026
0.079
0.079
0.078
0.102
0.072
0.096
0.055
0.083
0.071
0.085
0.103
0.05
0.094
0.103
0.057
0.063
0.065
0.113
0.073
0.081
0.071
0.075
0.077
0.09
0.078
0.051
0.078
0.077
0.071
0.079
0.079
0.08
0.053
0.076
0.072
0.095
0.078
0.079
0.077
0.078
0.114
0.076
0.084
0.078
0.084
0.131
0.096
0.096
0.07
0.113
0.047
0.048
0.059
0.082
0.079
0.135
0.047
0.041
0.086
0.113
0.115
0.057
0.047
0.028
0.033
0.033
0.066
0.512
0.083
0.116
0.097
0.13
0.081
0.072
0.058
0.059
0.103
0.078
0.084
0.086
0.129
0.108
0.11
0.064
0.092
0.035
0.08
0.079
0.079
0.06
0.059
0.065
0.08
0.06
0.09
0.079
0.058
0.05
0.056
0.077
0.101
0.052
0.304
0.127
0.113
0.078
0.045
0.084
0.058
0.086
0.079
0.048
0.091
0.11
0.105
0.087
0.115
0.107
0.046
0.073
0.049
0.094
0.071
0.103
0.047
0.048
0.116
0.077
0.078
0.087
0.047
0.073
0.078
0.078
0.091
0.08
0.08
0.049
0.044
0.07
0.051
0.05
0.072
0.074
0.045
0.041
0.044
0.067
0.079
0.089
0.107
0.062
0.048
0.072
0.085
0.071
0.094
0.07
0.078
0.106
0.051
0.051
0.089
0.079
0.08
0.05
75.437
0.08
0.095
0.08
0.08
0.093
0.097
0.078
0.078
0.103
0.059
0.093
0.104
0.068
0.077
0.101
0.068
0.094
0.068
0.104
0.069
0.077
0.093
0.108
0.071
0.043
0.104
0.067
0.047
0.041
0.046
0.048
0.054
0.104
0.077
0.063
0.072
0.071
0.074
0.051
0.097
0.078
0.071
0.052
0.096
0.053
0.078
0.071
0.049
0.072
0.063
0.065
0.065
0.07
0.061
0.094
0.083
0.06
0.06
0.054
0.058
0.07
0.059
0.084
0.059
0.05
0.069
0.041
0.069
0.069
0.06
0.085
0.086
0.091
0.046
0.076
0.042
0.078
0.06
0.075
0.094
0.061
0.064
0.043
0.06
0.048
0.061
0.041
0.045
0.037
0.065
0.065
0.071
0.068
0.068
0.07
0.037
0.027
0.265
0.08
0.076
0.071
0.075
0.082
0.071
0.076
0.07
0.09
0.068
0.071
0.068
0.051
0.044
0.097
0.078
0.078
0.081
0.074
0.04
0.072
0.061
0.068
0.069
0.057
0.083
0.061
0.078
0.078
0.074
0.068
0.068
0.068
0.068
0.068
0.053
0.072
0.114
0.057
0.11
0.057
0.081
0.059
0.049
0.078
0.078
0.068
0.072
0.062
0.037
0.049
0.038
0.056
0.056
0.044
0.036
0.041
0.077
0.078
0.059
0.324
0.05
0.073
0.042
0.072
0.047
0.071
0.066
0.046
0.07
0.093
0.076
0.066
0.071
0.065
0.042
0.04
0.057
0.044
0.048
0.07
0.046
0.04
0.039
0.044
0.044
0.039
0.073
0.044
0.035
0.067
0.04
0.078
0.082
0.078
0.077
0.059
0.079
0.095
0.059
0.078
0.077
0.067
0.039
0.047
0.066
0.067
0.071
0.07
0.157
0.049
0.078
0.044
0.087
0.046
0.035
0.033
0.068
0.048
0.045
0.071
0.067
0.047
0.069
0.066
0.066
0.067
0.067
0.067
0.071
0.072
0.094
0.04
0.067
0.067
0.066
0.068
0.068
0.067
0.071
0.071
0.067
0.042
0.067
0.067
0.07
0.066
0.066
0.071
0.066
0.067
0.068
0.067
0.315
0.078
0.079
0.077
0.048
0.082
0.055
0.055
0.078
0.071
0.053
0.042
0.052
0.072
0.048
0.077
0.074
0.077
0.086
0.056
0.054
0.071
0.078
0.074
0.083
0.28
0.07
0.079
0.071
0.071
0.072
0.079
0.056
0.079
0.068
0.071
0.072
0.072
0.11
0.054
0.126
0.072
0.05
0.071
0.078
0.078
0.074
0.07
0.063
0.098
0.092
0.078
0.049
0.08
0.07
0.103
0.079
0.083
0.071
0.054
0.089
0.079
0.045
0.35
0.098
0.073
0.071
0.073
0.066
0.07
0.074
0.049
0.076
0.07
0.076
0.077
0.057
0.071
0.056
0.09
0.071
0.072
0.072
0.07
0.078
0.09
0.095
0.092
0.094
0.085
0.072
0.099
0.069
0.075
0.086
0.052
0.07
0.077
0.096
0.048
0.084
0.075
0.086
0.05
0.075
0.071
0.074
0.076
0.074
0.069
0.076
0.069
0.107
0.07
0.078
0.071
0.09
0.071
0.071
0.072
0.09
0.07
0.07
0.071
0.073
0.047
0.071
0.043
0.071
0.051
0.091
0.065
0.076
0.075
0.048
0.1
0.046
0.06
0.052
0.051
0.046
0.093
0.07
0.074
0.076
0.045
0.053
0.06
0.051
0.075
0.071
0.074
0.071
0.046
0.069
0.044
0.043
0.036
0.09
0.075
0.046
0.04
0.077
0.078
0.102
0.069
0.119
0.1
0.077
0.07
0.113
0.067
0.066
0.079
0.083
0.079
60.754
0.114
0.05
0.096
0.054
0.087
0.044
0.075
0.075
0.07
0.068
0.072
0.074
0.071
0.07
0.049
0.077
0.07
0.06
0.079
0.076
0.069
0.065
0.081
0.043
0.092
0.053
0.071
0.061
0.071
0.071
0.044
0.077
0.103
0.078
0.075
0.078
0.055
0.07
0.077
0.071
0.089
0.156
0.072
0.075
0.078
0.068
0.04
0.077
0.076
0.044
0.05
0.07
0.077
0.077
0.047
0.05
0.076
0.07
0.073
0.069
0.07
0.082
0.05
0.109
0.054
0.093
0.074
0.052
0.074
0.081
0.078
0.113
0.088
0.075
0.071
0.078
0.078
0.072
0.079
0.046
0.077
0.103
0.078
0.097
0.072
0.078
0.122
0.076
0.072
0.047
0.09
60.898
0.077
0.089
0.075
0.078
0.044
0.062
0.047
0.076
0.07
0.081
0.071
0.071
0.044
0.079
0.079
0.093
0.079
0.078
0.085
0.053
0.072
0.071
0.071
0.079
0.089
0.085
0.071
0.071
0.071
0.071
0.05
0.071
0.095
0.073
0.066
0.081
0.071
0.205
0.084
0.186
0.101
0.047
0.065
0.067
0.095
0.042
0.07
0.07
0.04
0.07
0.068
0.068
0.047
0.073
0.069
0.076
0.065
0.07
0.069
0.068
0.046
0.069
0.142
0.1
0.076
0.095
0.076
0.092
0.075
0.044
0.037
0.068
0.068
0.075
0.1
0.09
0.072
0.074
0.091
0.068
0.071
0.067
0.074
0.062
0.086
0.068
0.045
0.046
0.069
0.074
0.046
0.065
0.067
0.08
0.073
0.059
0.075
0.102
0.075
0.072
0.074
0.093
0.08
0.075
0.093
0.074
0.048
0.074
0.07
0.059
0.074
0.074
0.067
0.067
0.067
0.074
0.103
0.068
0.086
0.067
0.092
0.074
0.081
0.041
0.044
0.075
0.087
0.069
0.075
0.067
0.049
0.075
0.076
0.079
0.107
0.075
0.075
0.05
0.071
0.074
0.08
0.1
0.074
0.088
0.499
0.068
0.077
0.078
0.047
0.072
0.055
0.043
0.077
0.048
0.055
0.105
0.075
0.06
0.09
0.081
0.09
0.051
0.111
0.049
0.075
0.067
0.074
0.079
0.066
0.075
0.077
0.077
0.102
0.075
0.052
0.071
0.113
0.087
0.073
0.075
0.092
0.069
0.083
0.076
0.094
0.078
0.074
0.057
0.079
0.074
0.073
0.078
0.092
0.068
0.076
0.043
0.059
0.063
0.039
0.035
0.044
0.032
0.09
0.048
0.027
0.121
0.075
0.036
0.089
0.089
0.079
0.079
0.105
0.079
0.1
0.082
0.107
0.091
0.085
0.082
0.068
0.043
0.072
0.069
0.074
0.051
0.076
0.075
0.151
0.063
0.083
0.047
0.075
0.087
0.073
0.072
0.092
0.067
0.085
0.068
0.066
0.08
0.07
0.096
0.068
0.074
0.069
0.075
0.095
0.076
0.079
0.068
0.067
0.068
0.032
0.047
0.087
0.078
0.07
0.068
0.074
0.078
0.095
0.048
0.08
0.097
0.072
0.073
0.036
0.03
0.016
0.068
0.08
64.776
0.081
0.08
0.08
0.072
0.073
0.073
0.05
0.045
0.076
0.069
0.069
0.049
0.066
0.062
0.065
0.046
0.062
0.063
0.046
0.062
0.069
0.063
0.046
0.041
0.069
0.063
0.062
0.062
0.046
0.064
0.062
0.053
0.071
0.068
0.047
0.035
0.062
0.024
0.08
0.073
0.073
0.064
0.044
0.076
0.042
0.067
0.063
0.063
0.084
0.063
0.064
0.062
0.052
0.07
0.069
0.067
0.069
0.045
0.066
0.073
0.055
0.075
0.063
0.062
0.041
0.043
0.063
0.072
0.064
0.074
0.059
0.067
0.091
0.077
0.106
0.064
0.02
0.097
0.089
0.089
0.065
0.097
0.087
0.091
0.054
0.116
0.098
0.057
0.078
0.263
0.312
0.078
0.201
0.032
0.056
61.888
0.086
0.117
0.074
0.093
0.131
0.079
0.092
0.293
0.423
0.275
0.071
0.3
0.489
0.22
0.074
0.068
0.068
0.108
0.068
0.111
0.078
0.084
0.094
0.077
0.077
0.065
0.124
0.072
0.082
0.089
0.077
0.112
0.077
0.075
0.069
0.141
0.157
0.08
0.042
0.058
0.075
0.076
0.075
0.07
0.123
0.083
0.071
0.074
0.089
0.079
0.067
0.073
0.047
0.072
0.65
0.612
0.864
0.101
0.085
0.104
0.078
0.102
0.075
0.127
0.132
0.195
0.111
0.145
0.107
0.163
0.151
0.105
0.07
0.094
0.131
0.095
0.114
0.089
0.12
0.091
0.085
0.074
0.078
0.041
0.075
0.052
0.068
0.076
0.153
0.116
0.043
0.046
0.05
0.091
0.04
0.052
0.06
0.053
0.043
0.085
0.058
0.082
0.107
0.093
0.088
0.08
0.045
0.086
0.086
0.081
0.084
0.114
0.083
0.081
0.078
0.078
0.09
0.087
0.093
0.076
0.099
0.094
0.089
0.084
0.091
0.087
0.077
0.083
0.077
0.091
0.096
0.077
0.091
0.096
0.084
0.084
0.165
0.105
0.106
0.114
0.14
0.182
0.144
0.068
0.095
0.213
0.134
0.16
0.162
0.11
0.142
0.176
0.135
0.108
0.135
0.153
0.147
0.093
0.153
0.084
0.122
0.198
0.154
0.316
0.097
0.159
0.113
0.124
0.184
0.119
0.104
0.088
0.104
0.131
0.135
0.14
0.156
0.132
0.139
0.105
0.091
0.143
0.106
0.133
0.133
0.099
0.14
0.079
0.092
0.101
0.067
0.146
0.106
0.217
0.186
0.129
0.101
0.13
0.089
0.061
0.178
0.115
0.098
0.136
0.218
0.126
0.108
0.064
0.029
0.027
0.035
0.122
0.122
0.147
0.171
0.154
0.114
0.116
0.124
61.912
22.146
21.943
0.053
0.072
0.146
0.121
0.081
0.114
0.087
0.128
0.09
0.151
0.109
0.134
0.036
0.12
0.103
0.081
0.113
0.04
0.094
0.081
0.068
0.092
0.079
0.146
0.176
0.164
0.095
0.115
0.147
0.07
0.146
0.053
0.04
0.071
0.098
0.078
0.075
0.076
0.08
0.041
0.105
0.092
0.079
0.044
0.056
0.04
0.046
0.091
0.084
0.084
0.082
0.096
0.093
0.093
0.086
0.105
0.075
0.048
0.051
0.04
0.043
0.025
0.047
0.037
0.023
0.014
0.099
0.051
0.09
0.066
0.037
0.039
0.051
0.045
0.031
0.031
0.03
0.018
0.081
0.069
0.1
0.071
0.14
0.152
0.113
0.113
0.102
0.064
0.106
0.08
0.034
0.155
0.095
0.118
0.071
0.083
0.079
0.083
0.07
0.08
0.072
0.1
0.081
0.067
0.057
0.078
0.073
0.113
0.088
0.083
0.096
0.092
0.077
0.074
0.076
0.139
0.084
0.069
0.086
0.104
0.072
0.089
0.098
0.068
0.099
0.079
0.098
0.087
0.077
0.064
0.037
0.042
0.053
0.08
0.076
0.084
0.115
0.09
0.097
0.095
0.079
0.072
0.133
0.097
0.088
0.095
0.07
0.087
0.057
0.09
0.104
0.09
0.092
0.085
0.086
0.114
0.07
0.077
0.07
0.092
0.088
0.076
0.084
0.101
0.076
0.07
0.07
0.077
0.09
0.102
0.076
0.387
0.069
0.09
0.082
0.069
0.084
0.049
0.31
0.106
0.081
0.079
0.156
0.086
0.173
0.126
0.07
0.091
0.09
0.078
0.083
0.11
0.074
0.082
0.077
0.079
0.133
0.103
0.133
0.111
0.12
0.1
0.116
0.164
0.146
0.082
0.068
0.084
0.108
0.117
0.027
0.12
0.111
0.081
0.093
0.111
0.051
0.103
0.066
0.119
0.059
0.073
0.059
0.116
0.1
0.067
0.086
0.096
0.111
0.131
0.143
0.095
0.106
0.096
0.104
0.051
0.115
0.197
0.138
0.103
0.151
0.164
0.07
0.083
0.162
0.133
0.103
0.085
0.214
0.098
0.077
0.073
0.127
0.132
0.238
0.143
0.143
0.203
0.125
0.13
0.112
0.05
0.077
0.105
0.106
0.143
0.18
0.129
0.115
0.092
0.11
0.087
0.125
0.119
0.132
0.12
0.098
0.124
0.083
0.105
0.156
0.089
0.131
0.164
0.084
0.143
0.11
0.085
0.099
0.095
0.089
0.099
0.054
0.126
0.089
0.153
0.091
0.34
0.256
0.084
0.139
0.129
0.079
0.106
0.097
0.073
0.049
0.037
0.092
0.039
0.111
0.111
0.14
0.087
0.095
0.085
0.078
0.073
0.083
0.07
0.079
0.076
0.084
0.139
0.083
0.08
0.087
0.138
0.099
0.14
0.116
0.088
0.081
0.068
0.104
0.119
0.092
0.135
0.101
0.086
0.071
0.075
0.068
0.074
0.063
0.029
0.037
0.025
0.058
0.058
0.085
0.074
0.049
0.047
0.074
0.083
0.085
0.095
0.088
0.062
0.082
0.115
0.136
0.105
0.095
0.071
0.073
0.102
0.083
0.059
0.051
0.114
0.092
0.078
0.021
0.081
0.067
0.077
0.141
0.309
0.127
0.136
0.101
0.108
0.078
0.08
0.163
0.095
0.159
0.164
0.129
0.06
0.119
0.165
0.096
0.118
0.19
0.079
0.129
0.136
0.121
0.1
0.142
0.11
0.055
0.081
0.107
0.053
0.124
0.099
0.106
0.057
0.086
0.083
0.068
0.052
0.113
0.079
0.046
0.072
0.06
0.084
0.11
0.104
0.076
0.056
0.089
0.075
0.09
0.054
0.134
0.106
0.052
0.097
0.095
0.045
0.073
0.083
0.045
0.102
0.079
0.081
0.047
0.056
0.054
0.076
0.079
0.08
0.057
0.096
0.088
0.11
0.054
0.05
0.083
0.051
0.099
0.049
0.066
0.035
63.399
0.115
0.093
0.09
0.117
0.087
0.091
0.035
0.059
0.09
0.081
0.128
0.081
0.096
0.185
0.132
0.09
0.098
0.08
0.075
0.136
0.079
0.064
0.055
0.075
0.055
0.042
0.078
0.058
0.059
0.11
0.082
0.068
0.095
0.095
0.093
0.111
0.098
0.056
0.107
0.068
0.1
0.065
0.094
0.074
0.063
0.072
0.068
0.06
0.121
0.046
0.097
0.063
0.056
0.091
0.084
0.059
0.076
0.051
0.11
0.075
0.082
0.068
0.084
0.052
0.109
0.082
0.094
0.054
0.084
0.083
0.067
0.106
0.106
0.051
0.051
0.087
0.051
0.092
0.053
0.091
0.045
0.045
0.081
0.069
0.1
0.049
0.039
0.04
0.076
0.089
0.091
0.094
0.073
0.059
0.053
0.044
0.136
0.049
0.057
0.054
0.047
0.091
0.09
0.072
0.071
0.097
0.05
0.111
0.071
0.076
0.062
0.085
0.075
0.045
0.078
0.064
0.067
0.081
0.125
0.097
0.066
0.107
0.062
0.076
0.087
0.074
0.09
0.078
0.118
0.054
0.108
0.078
0.109
0.069
0.077
0.069
0.116
0.044
0.048
0.07
0.088
0.069
0.078
0.072
0.086
0.078
0.086
0.101
0.08
0.079
0.084
0.074
0.065
0.069
0.077
0.081
0.113
0.079
0.036
0.071
0.1
0.069
0.07
0.069
0.108
0.077
0.114
0.07
0.08
0.089
0.039
0.038
0.07
0.096
0.104
0.077
0.078
0.047
0.086
0.078
0.083
0.061
0.052
0.046
0.045
0.083
0.111
0.072
0.146
0.08
0.09
0.096
0.091
0.094
0.175
0.146
0.102
0.087
0.115
0.069
0.117
0.052
0.121
0.084
0.123
0.129
0.095
0.069
0.15
0.136
0.249
0.096
0.074
0.056
0.072
0.117
0.079
0.067
0.083
0.077
0.109
0.096
0.064
0.047
0.053
0.044
0.108
0.059
0.057
0.044
0.04
0.079
0.099
0.087
0.077
0.112
0.044
0.133
0.09
0.083
0.137
0.144
0.102
0.127
0.082
0.099
0.137
0.179
0.119
0.098
0.099
0.101
0.077
0.094
0.081
0.081
0.075
0.086
0.088
0.077
0.085
0.1
0.086
0.069
0.088
0.077
0.04
0.07
0.074
0.089
0.078
0.105
0.071
0.041
0.033
0.042
0.069
0.069
0.066
0.069
0.077
0.067
0.088
0.075
0.078
0.094
0.069
0.069
0.078
0.069
0.078
0.097
0.085
0.053
0.067
0.08
0.123
0.095
0.12
0.135
0.168
0.12
0.098
0.136
0.113
0.157
0.162
0.104
0.155
0.098
0.105
0.131
0.123
0.044
0.048
0.097
0.072
0.05
0.076
0.063
0.098
0.063
0.051
0.03
0.022
0.068
0.051
0.035
0.054
0.049
0.077
0.06
0.042
0.087
0.085
0.039
0.075
0.088
0.104
0.08
0.107
0.091
0.082
0.078
0.086
0.077
0.084
0.05
0.057
0.07
0.076
0.091
0.065
0.048
0.035
0.028
0.051
0.053
0.083
0.098
0.07
0.055
0.068
0.082
0.048
0.054
0.034
0.086
0.075
0.077
0.106
0.088
0.088
0.093
0.049
0.085
0.08
0.072
0.089
0.069
0.047
0.041
0.051
0.081
0.088
0.088
0.087
0.077
0.088
0.041
0.088
0.037
0.042
0.091
0.069
0.07
0.04
0.083
0.074
0.075
0.069
0.099
0.05
0.041
0.087
0.052
0.077
0.076
0.068
0.045
0.07
0.082
0.08
0.069
0.086
0.059
0.083
0.088
0.068
0.068
0.08
0.048
0.059
0.05
0.076
0.072
0.068
0.068
0.085
0.106
0.042
0.132
0.081
0.121
0.086
0.094
0.123
0.122
0.095
0.113
0.08
0.126
0.205
0.079
0.183
0.084
0.081
0.11
0.237
0.081
0.101
0.078
0.085
0.144
0.151
0.161
0.06
0.097
0.095
0.064
0.057
0.072
0.073
0.138
0.073
0.115
0.069
0.06
0.091
0.087
0.047
0.09
0.094
0.058
0.096
0.074
0.11
0.094
0.082
0.069
0.09
0.071
0.102
0.074
0.105
0.094
0.068
0.128
0.132
0.109
0.075
0.076
0.056
0.099
0.134
0.105
0.069
0.085
0.085
0.048
0.045
0.041
0.096
0.118
0.089
0.095
0.052
0.055
0.045
0.094
0.055
0.07
0.096
0.089
0.05
0.053
0.049
0.051
0.106
0.095
0.053
0.056
0.12
0.067
0.075
0.094
0.076
0.086
0.076
0.089
0.067
0.097
0.076
0.141
0.091
0.1
0.077
0.084
0.213
0.085
0.101
0.077
0.124
0.069
0.08
0.076
0.079
0.149
0.077
0.107
0.081
0.108
0.077
0.077
0.074
0.095
0.087
0.11
0.105
0.197
0.097
0.085
0.08
0.076
0.1
0.13
0.083
0.118
0.077
0.098
0.103
0.104
0.086
0.093
0.079
0.088
0.084
0.107
0.09
0.117
0.079
0.089
0.045
0.077
0.102
0.117
0.113
0.076
0.09
0.085
0.045
0.042
0.075
0.084
0.092
0.111
0.05
0.085
0.086
0.071
0.095
0.069
0.085
0.073
0.09
0.081
0.081
0.125
0.124
0.141
0.115
0.146
0.11
0.138
0.109
0.106
0.132
0.158
0.181
0.058
0.094
0.163
0.08
0.134
0.135
0.097
0.117
0.153
0.124
0.093
0.166
0.284
0.151
0.145
0.138
0.124
0.066
0.083
0.143
0.135
0.182
0.086
0.122
0.15
0.099
0.08
0.135
0.153
0.105
0.125
0.125
0.127
0.159
0.117
0.169
0.114
0.175
0.115
0.17
0.194
0.111
0.097
0.072
0.086
0.114
0.107
0.079
0.118
0.102
0.108
0.103
0.082
0.085
0.144
0.115
0.116
0.063
0.079
0.132
0.111
0.104
0.125
0.128
0.145
0.086
0.069
0.141
0.182
0.123
0.104
0.102
0.094
0.077
0.11
0.163
0.096
0.112
0.061
0.047
0.055
0.052
0.05
0.088
0.09
0.047
0.045
0.054
0.075
0.074
0.049
0.062
0.032
0.059
0.025
0.066
0.074
0.107
0.081
0.085
0.117
0.074
0.091
0.082
0.067
0.11
0.112
0.063
0.076
0.064
0.11
0.088
0.053
0.076
0.05
0.086
0.084
0.076
0.082
0.048
0.096
0.063
0.073
0.091
0.048
0.044
0.079
0.08
0.051
0.088
0.071
0.074
0.101
0.077
0.048
0.051
0.072
0.078
0.074
0.078
0.052
0.086
0.048
0.072
0.052
0.038
0.048
0.061
0.094
0.037
0.089
0.04
0.11
0.1
0.089
0.125
0.114
0.088
0.106
0.097
0.114
0.103
0.073
0.124
0.106
0.091
0.098
0.097
0.121
0.08
0.082
0.109
0.042
0.075
0.084
0.116
0.112
0.071
0.078
0.111
0.061
0.083
0.111
0.096
0.107
0.088
0.08
0.096
0.104
0.084
0.07
0.08
0.059
0.044
0.04
0.047
0.095
0.081
0.081
0.039
0.087
0.049
0.098
0.061
0.079
0.048
0.078
0.07
0.042
0.08
0.05
0.054
0.076
0.078
0.07
0.074
0.05
0.045
0.084
0.049
0.077
0.07
0.083
0.073
0.086
0.045
0.073
0.073
0.091
0.077
0.051
0.074
0.07
0.077
0.077
0.066
0.085
0.092
0.051
0.053
0.095
0.05
0.097
0.07
0.084
0.1
0.042
0.073
0.089
0.084
0.081
0.07
0.048
0.07
0.085
0.05
0.083
0.053
0.071
0.069
0.07
0.069
0.115
0.041
0.086
0.077
0.108
0.087
0.083
0.072
0.075
0.077
0.07
0.07
0.077
0.051
0.086
0.082
0.044
0.097
0.07
0.095
0.084
0.073
0.069
0.327
0.052
0.047
0.08
0.072
0.07
0.047
0.039
0.041
0.073
0.092
0.159
0.072
0.074
0.077
0.082
0.083
0.08
0.082
0.048
0.05
0.1
0.104
0.094
0.071
0.139
0.12
0.089
0.184
0.076
0.049
0.128
0.095
0.115
0.152
0.13
0.109
0.129
0.093
0.13
0.145
0.107
0.14
0.071
0.099
0.063
0.149
0.107
0.101
0.054
0.045
0.153
0.116
0.144
0.093
0.059
0.048
0.072
0.053
0.04
0.114
0.07
0.099
0.057
0.098
0.113
0.056
0.13
0.085
0.103
0.1
0.065
0.101
0.093
0.129
0.072
0.08
0.162
0.097
0.081
0.074
0.115
0.112
0.081
0.072
0.102
0.1
0.107
0.111
0.077
0.104
0.109
0.11
0.077
0.085
0.062
0.084
0.106
0.121
0.081
0.121
0.098
0.094
0.089
0.104
0.108
0.082
0.084
0.105
0.095
0.079
0.095
0.115
0.084
0.088
0.167
0.09
0.062
0.08
0.096
0.097
0.094
0.091
0.089
0.095
0.075
0.073
0.071
0.089
0.096
0.093
0.114
0.056
0.059
0.039
0.08
0.063
0.072
0.091
0.077
0.065
0.039
0.073
0.059
0.071
0.064
0.05
0.121
0.099
0.041
0.039
0.04
0.042
0.149
0.081
0.222
0.051
0.023
0.02
0.035
0.04
0.034
0.068
0.107
0.09
0.047
0.04
0.068
0.078
0.078
0.041
0.069
0.079
0.08
0.068
0.042
0.037
0.078
0.069
0.078
0.068
0.123
0.072
0.053
0.067
0.049
0.061
0.047
0.068
0.038
0.067
0.068
0.071
0.072
0.039
0.04
0.069
0.042
0.068
0.075
0.077
0.088
0.075
0.052
0.032
0.076
0.077
0.072
0.047
0.059
0.132
0.114
0.088
0.093
0.096
0.076
0.099
0.096
0.126
0.098
0.089
0.092
0.112
0.073
0.083
0.075
0.103
0.138
0.154
0.107
0.071
0.111
0.127
0.097
0.098
0.095
0.084
0.091
0.111
0.104
0.103
0.1
0.08
0.08
0.121
0.057
0.061
0.058
0.038
0.09
0.084
0.115
0.08
0.084
0.104
0.083
0.062
0.082
0.081
0.096
0.132
0.126
0.06
0.067
0.088
0.091
0.074
0.07
0.064
0.086
0.078
0.068
0.081
0.081
0.075
0.079
0.073
0.067
0.085
0.098
0.073
0.09
0.047
0.05
0.068
0.045
0.07
0.056
0.067
0.048
0.068
0.086
0.072
0.077
0.044
0.059
0.067
0.049
0.044
0.071
0.085
0.051
0.084
0.078
0.125
0.044
0.068
0.09
0.164
0.083
0.089
0.088
0.073
0.068
0.074
0.073
0.066
0.105
0.078
0.084
0.077
0.07
0.077
0.092
0.075
0.09
0.108
0.112
0.078
0.102
0.076
0.068
0.086
0.068
0.075
0.092
0.074
0.095
0.093
0.074
0.085
0.095
0.068
0.085
0.106
0.101
0.097
0.096
0.075
0.068
0.088
0.067
0.116
0.079
0.084
0.08
0.086
0.082
0.094
0.075
0.071
0.09
0.083
0.068
0.117
0.096
0.067
0.071
0.069
0.088
0.083
0.09
0.066
0.091
0.129
0.096
0.077
0.087
0.074
0.067
0.058
0.072
0.086
0.097
0.023
0.127
0.13
0.116
0.081
0.082
0.135
0.114
0.111
0.068
0.047
0.04
0.15
0.068
0.058
0.068
0.095
0.097
0.107
0.103
0.129
0.048
0.117
0.055
0.133
0.09
0.049
0.06
0.123
0.124
0.108
0.133
0.1
0.118
0.07
0.105
0.039
0.099
0.082
0.107
0.101
0.059
0.1
0.068
0.047
0.07
0.112
0.084
0.08
0.09
0.186
0.129
0.065
0.058
0.065
0.039
0.05
0.043
0.091
0.046
0.078
0.043
0.108
0.081
0.075
0.052
0.086
0.092
0.074
0.091
0.079
0.067
0.048
0.081
0.058
0.073
0.07
0.108
0.077
0.081
0.108
0.102
0.114
0.077
0.101
0.112
0.106
0.089
0.088
0.109
0.079
0.113
0.083
0.102
0.099
0.122
0.115
0.134
0.049
0.086
0.119
0.049
0.08
0.093
0.118
0.095
0.12
0.117
0.133
0.115
0.08
0.152
0.132
0.114
0.108
0.116
0.093
0.06
0.117
0.112
0.119
0.106
0.133
0.076
0.093
0.116
0.098
0.127
0.099
0.108
0.072
0.08
0.128
0.097
0.069
0.075
0.061
0.123
0.117
0.047
0.085
0.065
0.083
0.038
0.12
0.098
0.081
0.082
0.167
0.107
0.074
0.169
0.111
0.139
0.126
0.121
0.119
0.111
0.135
0.071
0.07
0.084
0.083
0.078
0.059
0.102
0.111
0.09
0.083
0.121
0.059
0.1
0.076
0.1
0.043
0.082
0.058
0.083
0.13
0.085
0.116
0.096
0.121
0.121
0.114
0.163
0.119
0.078
0.076
0.06
0.071
0.078
0.067
0.033
0.066
0.044
0.072
0.065
0.043
0.032
0.072
0.074
0.066
0.041
0.047
0.082
0.07
0.043
0.042
0.067
0.065
0.064
0.066
0.063
0.09
0.051
0.06
0.033
0.031
0.052
0.037
0.063
0.096
0.066
0.048
0.07
0.025
0.169
0.188
0.146
0.103
0.103
0.066
0.084
0.097
0.071
0.101
0.082
0.104
0.185
0.086
0.102
0.114
0.064
0.105
0.065
0.067
0.065
0.063
0.106
0.07
0.068
0.077
0.094
0.073
0.072
0.072
0.039
0.073
0.363
0.069
0.078
0.07
0.071
0.069
0.075
0.058
0.037
0.053
0.018
0.046
0.089
0.044
0.084
0.068
0.074
0.065
0.079
0.091
0.07
0.071
0.061
0.033
0.046
0.081
0.036
0.082
0.079
0.036
0.112
0.056
0.082
0.074
0.045
0.073
0.096
0.073
0.065
0.053
0.07
0.072
0.065
0.056
0.042
0.09
0.047
0.078
0.068
0.044
0.042
0.066
0.043
0.034
0.066
0.067
0.065
0.041
0.106
0.037
0.061
0.047
0.114
0.058
0.043
0.172
0.073
0.082
0.077
0.053
0.076
0.048
0.093
0.083
0.04
0.074
0.086
0.101
0.091
0.1
0.082
0.092
0.076
0.071
0.075
0.079
0.073
0.033
0.082
0.103
0.124
0.084
0.036
0.052
0.065
0.096
0.085
0.078
0.082
0.057
0.042
0.094
0.052
0.105
0.054
0.081
0.055
0.038
0.091
0.095
0.108
0.05
0.132
0.113
0.068
0.06
0.06
0.082
0.094
0.089
0.088
0.053
0.075
0.088
0.093
0.081
0.076
0.081
0.084
0.083
0.082
0.054
0.046
0.09
0.084
0.083
0.08
0.081
0.063
0.077
0.099
0.084
0.056
0.112
0.065
0.083
0.043
0.083
0.073
0.079
0.109
0.094
0.074
0.087
0.094
0.08
0.078
0.083
0.08
0.082
0.081
0.094
0.099
0.052
0.101
0.075
0.072
0.081
0.084
0.075
0.053
0.096
0.045
0.07
0.077
0.088
0.102
0.081
0.081
0.08
0.081
0.092
0.078
0.089
0.112
0.1
0.077
0.08
0.083
0.079
0.082
0.072
0.049
0.037
0.072
0.098
0.087
0.087
0.074
0.073
0.076
0.05
0.099
0.086
0.047
0.11
0.108
0.078
0.079
0.072
0.07
0.084
0.069
0.068
0.078
0.089
0.052
0.038
0.109
0.075
0.071
0.048
0.057
0.033
0.077
0.089
0.105
0.044
0.073
0.086
0.105
0.097
0.102
0.086
0.07
0.076
0.096
0.101
0.094
0.103
0.07
0.073
0.078
0.087
0.055
0.083
0.084
0.096
0.076
0.08
0.111
0.132
0.08
0.142
0.114
0.099
0.112
0.14
0.123
0.113
0.249
0.126
0.111
0.078
0.083
0.112
58.939
0.11
0.129
0.098
0.109
0.142
0.156
0.142
0.121
0.106
0.075
0.09
0.083
0.107
0.063
0.065
0.053
0.077
0.031
0.064
0.069
0.064
0.089
0.065
0.039
0.062
0.035
0.036
0.064
0.064
0.041
0.068
0.064
0.044
0.084
0.069
0.064
0.064
0.07
0.04
0.041
0.033
0.096
0.071
0.064
0.064
0.084
0.069
0.039
0.084
0.079
0.083
0.107
0.093
0.039
0.086
0.11
0.086
0.124
0.12
0.057
0.046
0.105
0.049
0.106
0.117
0.088
0.06
0.053
0.037
0.04
0.019
0.054
0.031
0.067
0.072
0.08
0.085
0.051
0.054
0.032
0.028
0.057
0.053
0.027
2.829
0.065
0.084
0.063
0.148
0.112
0.076
0.114
0.114
0.17
0.097
0.106
0.137
0.109
0.092
0.083
0.089
0.034
0.156
0.115
0.099
0.106
0.177
0.147
0.197
0.23
0.056
0.154
0.088
0.045
0.15
0.055
0.051
0.12
0.084
0.114
0.118
0.078
0.088
0.083
0.048
0.134
0.056
0.093
0.086
0.08
0.105
0.132
0.128
0.086
0.122
0.097
0.084
0.046
0.05
0.04
0.108
0.064
0.083
0.067
0.077
0.073
0.072
0.064
0.064
0.055
0.037
0.031
0.035
0.043
0.065
0.065
0.066
0.08
0.041
0.039
0.084
0.021
0.076
0.039
0.412
0.082
0.102
0.061
0.075
0.042
0.13
0.056
0.045
0.052
0.036
0.244
0.127
0.119
0.105
0.11
0.075
0.099
0.053
0.068
0.088
0.102
0.098
0.118
0.087
0.126
0.083
0.047
0.076
0.188
0.083
0.127
0.036
0.028
0.073
0.052
0.021
0.027
0.052
0.057
0.093
0.049
0.049
0.034
0.026
0.032
0.12
0.064
0.06
0.075
0.088
0.052
0.087
0.043
0.131
0.083
0.096
0.071
0.093
0.082
0.075
0.095
0.072
0.074
0.253
0.1
0.111
0.101
0.08
0.084
0.072
0.068
0.076
0.122
0.102
0.093
0.1
0.108
0.102
0.104
0.086
0.112
0.072
0.106
0.08
0.072
0.07
0.098
0.064
0.077
0.092
0.067
0.108
0.068
0.162
0.103
0.067
0.112
0.093
0.081
0.044
0.061
0.089
86.55
0.068
0.068
0.065
0.076
0.101
0.123
0.081
0.074
0.062
0.069
0.072
0.078
0.071
0.07
0.082
0.079
0.074
0.079
0.096
0.073
0.066
0.064
0.07
0.079
0.07
0.068
0.088
0.078
0.081
0.063
0.062
0.074
0.064
0.074
0.065
0.07
0.117
0.068
0.073
0.076
0.077
0.07
0.078
0.092
0.085
0.065
0.072
0.069
0.067
0.078
0.065
0.082
0.078
0.065
0.07
0.079
0.137
0.087
0.072
0.081
0.082
0.068
0.108
0.076
0.062
0.063
0.072
0.064
0.07
0.075
0.075
0.072
0.069
0.084
0.07
0.077
0.082
0.078
0.069
0.079
0.065
0.064
0.074
0.065
0.075
0.087
0.044
0.038
0.076
0.09
0.075
0.073
0.079
0.07
0.065
0.042
0.048
0.067
0.065
0.068
0.068
0.082
0.067
0.069
0.041
0.064
0.051
0.069
0.087
0.082
0.044
0.066
0.081
0.065
0.07
0.049
0.035
0.069
0.064
0.07
0.06
0.077
0.092
0.092
0.041
0.091
0.067
0.077
0.059
0.072
0.044
0.034
0.036
0.093
0.065
0.084
0.036
0.094
0.092
0.028
0.015
0.02
0.013
0.032
0.014
0.014
0.013
0.018
0.015
0.014
0.013
0.028
0.043
0.011
0.038
0.024
0.015
0.011
0.011
0.019
0.009
0.081
0.072
0.068
0.072
0.07
0.031
0.012
0.042
0.015
0.013
0.016
0.023
0.088
0.089
0.041
0.079
0.084
0.043
0.075
0.047
0.089
0.021
0.141
0.097
0.087
0.043
0.082
0.062
0.08
0.013
0.015
0.034
0.017
0.014
0.033
0.015
0.017
0.016
0.01
0.018
0.02
0.011
0.014
0.01
0.018
0.022
0.021
0.015
0.012
0.012
0.011
0.009
0.014
0.021
0.013
0.015
0.018
0.01
0.012
0.012
0.092
0.085
0.046
0.073
0.101
0.102
0.078
0.059
0.081
0.091
0.09
0.07
0.089
0.074
0.083
0.062
0.09
0.136
0.09
0.085
0.132
0.11
0.13
0.083
0.042
0.107
0.073
0.071
0.065
0.041
0.136
0.091
0.122
0.059
0.064
0.087
0.064
0.016
0.076
0.047
0.092
0.051
0.089
0.057
0.032
0.018
0.026
0.019
0.012
0.013
0.015
0.011
0.014
0.011
0.046
0.034
0.012
0.082
0.016
0.011
0.012
0.011
0.03
0.019
0.018
0.025
0.012
0.012
0.019
0.013
0.014
0.029
0.015
0.025
0.015
0.138
0.014
0.102
0.011
0.04
0.08
0.073
0.078
0.044
0.012
0.034
0.087
0.089
0.055
0.11
0.09
0.019
0.046
0.087
0.113
0.059
0.059
0.07
0.065
0.076
0.062
0.062
0.136
0.102
0.084
0.043
0.073
0.057
0.078
0.089
0.088
0.113
0.118
0.063
0.048
0.118
0.086
0.118
0.254
0.121
0.109
0.074
0.089
0.035
0.056
0.075
0.079
0.078
0.103
0.068
0.07
0.107
0.074
0.077
0.104
0.053
0.097
0.099
0.093
0.162
0.099
0.039
0.135
0.118
0.082
0.09
0.051
0.058
0.101
0.05
0.079
0.099
0.127
0.107
0.08
0.104
0.066
0.083
0.087
0.072
0.145
0.082
0.076
0.036
0.068
0.071
0.026
0.078
0.095
0.058
0.091
0.076
0.069
0.078
0.109
0.106
0.104
0.103
0.086
0.075
0.105
0.061
0.119
0.076
0.058
0.079
0.076
0.099
0.106
0.121
0.126
0.09
0.086
0.087
0.104
0.102
0.103
0.124
0.106
0.083
0.054
0.108
0.084
0.033
0.047
0.036
0.039
0.047
0.047
0.067
0.076
2.175
0.042
0.075
0.079
0.07
0.066
0.069
0.045
0.079
0.067
0.076
0.04
0.071
0.065
0.043
0.067
0.097
0.046
0.117
0.1
0.022
0.031
0.069
0.058
0.075
0.074
0.077
0.065
0.042
0.098
0.08
0.083
0.067
0.075
0.093
0.076
0.105
0.073
0.09
0.082
0.083
0.07
0.036
0.037
0.028
0.017
0.065
0.072
0.079
0.07
0.077
0.072
0.064
0.086
0.065
0.075
0.054
0.087
0.035
0.082
0.042
0.071
0.076
0.086
0.076
0.034
0.084
0.041
0.082
0.037
0.034
0.029
0.092
0.089
0.112
0.082
0.057
0.094
0.05
0.043
0.091
0.058
0.077
0.059
0.042
0.134
0.061
0.086
0.065
0.117
0.099
0.091
0.11
0.07
0.071
0.099
0.052
0.057
0.059
0.031
0.073
0.041
0.046
0.05
0.1
0.077
0.083
0.059
0.079
0.053
0.105
0.116
0.058
0.128
0.052
0.109
0.059
0.094
0.097
0.056
0.067
0.092
0.097
0.051
0.087
0.07
0.092
0.041
0.036
0.092
0.056
0.08
0.082
0.084
0.094
0.057
0.036
0.055
0.103
0.089
0.044
0.03
0.052
0.093
0.128
0.085
0.051
0.055
0.072
0.104
0.073
0.075
0.082
0.072
0.064
0.143
0.048
0.072
0.082
0.087
0.111
0.075
0.107
0.066
0.038
0.041
0.049
0.072
0.091
0.042
0.069
0.046
0.093
0.082
0.074
0.072
0.065
0.068
0.065
0.067
0.087
0.065
0.037
0.065
0.08
0.073
0.047
0.047
0.096
0.078
0.045
0.088
0.118
0.082
0.106
0.056
0.062
0.061
0.111
0.113
0.098
0.128
0.087
0.077
0.067
0.101
0.132
0.085
0.071
0.063
0.089
0.038
0.106
0.063
0.09
0.05
0.113
0.096
0.078
0.054
0.086
0.097
0.052
0.077
0.079
0.04
0.038
0.031
0.105
0.042
0.035
0.039
0.037
0.064
0.049
0.044
0.049
0.098
0.072
0.105
0.096
0.045
0.067
0.064
0.036
0.039
0.078
0.1
0.074
0.102
0.036
0.074
0.064
0.037
0.042
0.047
0.087
0.098
0.115
0.156
0.08
0.098
0.105
0.071
0.077
0.075
0.097
0.079
0.073
0.114
0.084
0.081
0.073
0.073
0.073
0.101
0.053
0.046
0.082
0.077
0.065
0.065
0.066
0.065
0.071
0.043
0.083
0.05
0.067
0.08
0.038
0.064
0.041
0.098
0.087
0.042
0.06
0.08
0.072
0.049
0.096
0.075
0.074
0.081
0.094
0.051
0.056
0.068
0.098
0.071
0.08
0.04
0.071
0.044
0.124
0.087
0.095
0.113
0.055
0.089
0.07
0.054
0.071
0.07
0.086
0.073
0.071
0.066
0.071
0.071
0.055
0.071
0.078
0.082
0.086
0.072
0.049
0.053
0.035
0.077
0.066
0.092
0.069
0.041
0.075
0.07
0.066
0.041
0.071
0.083
0.04
0.076
0.071
0.066
0.104
0.075
0.073
0.066
0.068
0.043
0.084
0.086
0.057
0.047
0.076
0.039
0.077
0.07
0.073
0.08
0.042
0.108
0.082
0.066
0.074
0.086
0.068
0.066
0.064
0.049
0.082
0.06
0.071
0.049
0.089
0.035
0.072
0.04
0.097
0.038
0.058
0.079
0.086
0.049
0.076
0.072
0.094
0.037
0.083
0.045
0.127
0.061
0.076
0.066
0.059
0.08
0.098
0.068
0.082
0.085
0.09
0.067
0.072
0.071
0.07
0.056
0.087
0.092
0.113
0.067
0.048
0.07
0.015
0.03
0.074
0.069
0.064
0.045
0.041
0.035
0.045
0.022
0.089
0.05
0.117
0.124
0.102
0.089
0.095
0.051
0.102
0.072
0.08
0.088
0.075
0.042
0.064
0.068
0.111
0.106
0.085
0.043
0.09
0.07
0.041
0.098
0.056
0.051
0.079
0.064
0.068
0.052
0.055
0.093
0.096
0.104
0.042
0.088
0.049
0.063
0.031
0.037
0.066
0.075
0.047
0.111
0.049
0.071
0.048
0.071
0.078
0.093
0.101
0.068
0.052
0.071
0.017
0.037
0.074
0.104
0.053
0.074
0.064
0.038
0.072
0.085
0.08
0.069
0.045
0.073
0.039
0.029
0.028
0.035
0.045
0.074
0.066
0.068
0.041
0.084
0.064
0.053
0.054
0.041
0.08
0.061
0.084
0.039
0.032
0.15
0.09
0.058
0.095
0.061
0.083
0.097
0.074
0.084
0.077
0.099
0.084
0.037
0.035
0.034
0.033
0.107
0.161
0.114
0.105
0.089
0.094
0.104
0.101
0.054
0.117
0.1
0.103
0.083
0.108
0.091
0.115
0.065
0.118
0.117
0.045
0.052
0.061
0.029
0.079
0.05
0.126
0.09
0.082
0.09
0.042
0.105
0.068
0.062
0.137
0.1
0.075
0.053
0.088
0.102
0.061
0.082
0.064
0.062
0.129
0.062
0.127
0.132
0.138
0.144
0.113
0.139
0.131
0.142
0.142
0.062
0.079
0.083
0.103
0.106
0.086
0.089
0.043
0.074
0.101
0.117
0.131
0.061
0.125
0.028
0.146
0.075
0.162
0.137
0.072
0.055
0.075
0.09
0.069
0.062
0.084
0.067
0.075
0.046
0.061
0.033
0.044
0.095
0.032
0.042
0.097
0.029
0.07
0.07
0.095
0.068
0.068
0.049
0.068
0.08
0.04
0.065
0.096
0.037
0.064
0.042
0.066
0.06
0.044
0.092
0.068
0.096
0.065
0.096
0.068
0.033
0.02
0.037
0.071
0.047
0.069
0.058
0.062
0.08
0.069
0.069
0.079
0.199
0.034
0.074
0.055
0.066
0.044
0.068
0.072
0.065
0.05
0.068
0.076
0.081
0.025
0.087
0.06
0.095
0.09
0.105
0.059
0.058
0.105
0.106
0.051
0.107
0.126
0.11
0.065
0.046
0.062
0.052
0.092
0.084
0.05
0.035
0.065
0.035
0.08
0.085
0.078
0.13
0.056
0.078
0.089
0.085
0.067
0.061
0.053
0.071
0.03
0.075
0.028
0.087
0.067
0.061
0.068
0.037
0.044
0.032
0.031
0.061
0.067
0.032
0.031
0.061
0.077
0.032
0.066
0.062
0.112
0.077
0.074
0.07
0.089
0.113
0.091
0.187
0.06
0.081
0.052
0.112
0.087
0.043
0.086
0.075
0.111
0.091
0.063
0.149
0.059
0.139
0.113
0.08
0.109
0.033
0.077
0.065
0.068
0.097
0.075
0.07
0.039
0.073
0.094
0.124
0.092
0.082
0.026
0.1
0.093
0.054
0.053
0.054
0.113
0.07
0.05
0.1
0.051
0.081
0.045
0.088
0.077
0.073
0.049
0.06
0.099
0.122
0.045
0.075
0.102
0.076
0.104
0.084
0.073
0.036
0.081
0.129
0.04
0.088
0.058
0.055
0.112
0.044
0.043
0.038
0.094
0.057
0.047
0.047
0.041
0.089
0.031
0.119
0.074
0.086
0.088
0.099
0.041
0.078
0.064
0.03
0.066
0.059
0.049
0.072
0.031
0.075
0.062
0.04
0.06
0.069
0.072
0.071
0.065
0.069
0.045
0.06
0.037
0.038
0.089
0.035
0.03
0.071
0.038
0.041
0.06
0.069
0.061
0.069
0.061
0.068
0.061
0.07
0.067
0.068
0.038
0.058
0.069
0.056
0.041
0.106
0.131
0.124
0.049
0.07
0.075
0.054
0.085
0.077
0.051
0.074
0.058
0.091
0.094
0.066
0.043
0.032
0.021
0.095
0.092
0.089
0.056
0.092
0.041
0.083
0.035
0.035
0.036
0.084
0.069
0.045
0.022
0.075
0.078
0.068
0.041
0.062
0.04
0.064
0.06
0.09
0.058
0.025
0.017
0.103
0.044
0.077
0.032
0.082
0.043
0.076
0.052
0.053
0.035
0.07
0.08
0.037
0.046
0.079
0.074
0.063
0.046
0.088
0.084
0.067
0.08
0.068
0.049
0.073
0.053
0.038
0.076
0.046
0.068
0.047
0.045
0.095
0.038
0.078
0.076
0.041
0.068
0.066
0.089
0.08
0.074
0.07
0.091
0.108
0.097
0.084
0.102
0.032
0.054
0.124
0.104
0.063
0.09
0.087
0.075
0.034
0.075
0.048
0.091
0.091
0.097
0.118
0.082
0.089
0.041
0.05
0.034
0.049
0.091
0.101
0.091
0.068
0.055
0.074
0.076
0.092
0.043
0.073
0.058
0.082
0.047
0.037
0.06
0.068
0.288
0.04
0.067
0.042
0.074
0.079
0.041
0.073
0.038
0.083
0.071
0.045
0.08
0.044
0.07
0.088
0.037
0.081
0.089
0.067
0.076
0.081
0.08
0.057
0.064
0.11
0.052
0.072
0.079
0.073
0.059
0.068
0.084
0.056
0.073
0.085
0.071
0.059
0.064
0.06
0.096
0.091
0.067
0.094
0.087
0.034
0.068
0.045
0.068
0.092
0.071
0.104
0.084
0.071
0.039
0.061
0.066
0.038
0.074
0.071
0.06
0.039
0.064
0.036
0.032
0.035
0.034
0.031
0.087
0.086
0.038
0.082
0.04
0.076
0.035
0.071
0.065
0.035
0.072
0.032
0.073
0.081
0.085
0.067
0.065
0.065
0.066
0.062
0.038
0.079
0.043
0.042
0.043
0.085
0.068
0.039
0.055
0.092
0.045
0.039
0.095
0.067
0.041
0.073
0.117
0.068
0.067
0.068
0.05
0.07
0.044
0.061
0.062
0.069
0.083
0.032
0.077
0.067
0.068
0.033
0.067
0.031
0.028
0.076
0.037
0.06
0.036
0.061
0.066
0.054
0.077
0.066
0.061
0.038
0.075
0.034
0.061
0.051
0.067
0.06
0.07
0.052
0.042
0.031
0.081
0.068
0.078
0.093
0.132
0.039
0.065
0.06
0.069
0.067
0.061
0.056
0.036
0.049
0.041
0.074
0.089
0.041
0.057
0.048
0.044
0.073
0.053
0.053
0.066
0.04
0.042
0.061
0.052
0.069
0.078
0.073
0.077
0.097
0.05
0.047
0.056
0.041
0.062
0.04
0.085
0.031
0.088
0.061
0.027
0.014
0.061
0.037
0.072
0.052
0.055
0.051
0.039
0.045
0.076
0.038
0.063
0.086
0.046
0.06
0.063
0.072
0.053
0.053
0.092
0.086
0.105
0.101
0.05
0.101
0.067
0.072
0.052
0.07
0.096
0.076
0.115
0.098
0.052
0.105
0.124
0.028
0.079
0.097
0.084
0.094
0.092
0.083
0.065
0.106
0.066
0.106
0.093
0.073
0.046
0.034
0.077
0.085
0.063
0.038
0.049
0.048
0.029
0.026
0.074
0.038
0.079
0.041
0.084
0.06
0.064
0.055
0.087
0.053
0.045
0.084
0.035
0.08
0.075
0.077
0.046
0.079
0.062
0.037
0.072
0.082
0.04
0.077
0.035
0.041
0.046
0.046
0.07
0.081
0.051
0.04
0.078
0.037
0.08
0.07
0.061
0.045
0.081
0.036
0.071
0.042
0.034
0.043
0.057
0.03
0.049
0.087
0.1
0.109
0.061
0.116
0.079
0.052
0.052
0.06
0.033
0.076
0.077
0.062
0.07
0.035
0.058
0.092
0.063
0.101
0.079
0.094
0.099
0.042
0.064
0.101
0.093
0.055
0.089
0.03
0.111
0.062
0.065
0.04
0.085
0.087
0.076
0.122
0.037
0.076
0.09
0.069
0.065
0.089
0.087
0.08
0.05
0.085
0.099
0.094
0.049
0.078
0.106
0.108
0.062
0.045
0.041
0.071
0.03
0.052
0.074
0.062
0.065
0.061
0.035
0.072
0.073
0.064
0.068
0.057
0.089
0.043
0.047
0.056
0.065
0.062
0.036
0.049
0.062
0.037
0.081
0.076
0.088
0.061
0.062
0.037
0.077
0.065
0.04
0.061
0.067
0.079
0.046
0.029
0.068
0.073
0.049
0.069
0.05
0.032
0.084
0.059
0.062
0.058
0.064
0.073
0.04
0.083
0.067
0.061
0.034
0.066
0.06
0.061
0.089
0.039
0.028
0.069
0.064
0.029
0.042
0.073
0.066
0.088
0.071
0.062
0.063
0.085
0.046
0.061
0.064
0.038
0.061
0.064
0.042
0.036
0.037
0.075
0.069
0.036
0.061
0.062
0.064
0.058
0.061
0.06
0.066
0.069
0.075
0.031
0.07
0.037
0.065
0.06
0.067
0.038
0.032
0.034
0.028
0.06
0.061
0.06
0.04
0.057
0.035
0.065
0.06
0.064
0.08
0.071
0.038
0.061
0.061
0.036
0.077
0.044
0.063
0.046
0.069
0.063
0.06
0.079
0.069
0.063
0.065
0.068
0.073
0.072
0.059
0.062
0.04
0.064
0.044
0.064
0.033
0.071
0.067
0.063
0.057
0.028
0.057
0.032
0.067
0.06
0.035
0.042
0.06
0.075
0.03
0.032
0.027
0.032
0.074
0.062
0.07
0.075
0.078
0.037
0.058
0.074
0.036
0.061
0.064
0.038
0.069
0.068
0.061
0.037
0.072
0.073
0.069
0.037
0.065
0.061
0.064
0.035
0.066
0.082
0.03
0.032
0.056
0.061
0.068
0.065
0.062
0.068
0.08
0.061
0.031
0.091
0.037
0.069
0.071
0.032
0.078
0.061
0.036
0.091
0.053
0.061
0.06
0.074
0.072
0.04
0.061
0.061
0.074
0.073
0.066
0.076
0.069
0.035
0.046
0.067
0.063
0.061
0.064
0.04
0.074
0.015
0.074
0.047
0.067
0.046
0.043
0.03
0.061
0.079
0.067
0.032
0.026
0.031
0.048
0.077
0.066
0.063
0.067
0.069
0.072
0.036
0.068
0.07
0.077
0.043
0.062
0.038
0.061
0.064
0.027
0.059
0.065
0.086
0.033
0.061
0.068
0.083
0.037
0.034
0.062
0.083
0.063
0.042
0.069
0.082
0.062
0.032
0.062
0.081
0.064
0.08
0.067
0.075
0.073
0.037
0.151
0.067
0.104
0.056
0.063
0.123
0.154
0.125
0.11
0.093
0.141
0.055
0.073
0.14
0.117
0.124
0.113
0.117
0.072
0.106
0.112
0.098
0.12
0.037
0.065
0.108
0.058
0.07
0.05
0.102
0.06
0.045
0.066
0.081
0.029
0.078
0.068
0.077
0.069
0.066
0.122
0.043
0.038
0.07
0.091
0.041
0.049
0.09
0.088
0.115
0.1
0.128
0.044
0.04
0.105
0.11
0.114
0.104
0.127
0.163
0.063
0.094
0.046
0.22
0.162
0.077
0.077
0.103
0.124
0.098
0.103
0.154
0.107
0.094
0.118
0.116
0.079
0.064
0.072
0.087
0.109
0.045
0.051
0.091
0.081
0.073
0.063
0.072
0.046
0.04
0.061
0.032
0.027
0.066
0.095
0.076
0.038
0.093
0.102
0.096
0.098
0.29
0.038
0.099
0.122
0.136
0.138
0.059
0.118
0.094
0.087
0.072
0.061
0.154
0.051
0.174
0.137
0.085
0.079
0.122
0.061
0.029
0.084
0.098
0.03
0.043
0.031
0.039
0.017
0.018
0.048
0.019
0.075
0.1
0.148
0.109
0.102
0.063
0.137
0.069
0.083
0.093
0.061
0.11
0.108
0.061
0.092
0.072
0.076
0.071
0.067
0.07
0.081
0.081
0.051
0.064
0.065
0.032
0.071
0.124
0.087
0.107
0.097
0.054
0.09
0.08
0.074
0.086
0.075
0.105
0.12
0.091
0.139
0.12
0.134
0.052
0.07
0.112
0.114
0.128
0.113
0.119
0.106
0.045
0.082
0.07
0.065
0.083
0.069
0.102
0.064
0.067
0.115
0.17
0.098
0.113
0.057
0.051
0.11
0.082
0.034
0.033
0.051
0.05
0.071
0.067
0.064
0.035
0.086
0.056
0.034
0.074
0.028
0.07
0.094
0.063
0.072
0.037
0.151
0.086
0.089
0.084
0.081
0.093
0.097
0.062
0.057
0.07
0.077
0.076
0.094
0.071
0.079
0.094
0.122
0.137
0.115
0.086
0.381
0.095
0.117
0.06
0.073
0.101
0.043
0.06
0.075
0.091
0.036
0.034
0.089
0.078
0.049
0.049
0.071
0.035
0.039
0.036
0.077
0.032
0.024
0.102
0.084
0.092
0.033
0.087
0.099
0.037
0.044
0.1
0.051
0.082
0.063
0.067
0.061
0.06
0.068
0.06
0.041
0.068
0.058
0.062
0.088
0.071
0.03
0.036
0.061
0.033
0.059
0.086
0.079
0.062
0.063
0.071
0.061
0.029
0.079
0.042
0.069
0.095
0.045
0.043
0.058
0.081
0.049
0.05
0.108
0.076
0.077
0.044
0.047
0.055
0.058
0.019
0.057
0.04
0.062
0.059
0.024
0.064
0.036
0.05
0.034
0.077
0.083
0.1
0.043
0.129
0.079
0.042
0.043
0.041
0.085
0.069
0.059
0.032
0.033
0.048
0.04
0.034
0.024
0.025
0.041
0.027
0.067
0.081
0.061
0.109
0.087
0.056
0.066
0.04
0.082
0.065
0.07
0.072
0.074
0.031
0.041
0.072
0.087
0.036
0.044
0.043
0.063
0.063
0.058
0.062
0.028
0.05
0.036
0.054
0.058
0.103
0.063
0.095
0.125
0.062
0.065
0.094
0.12
0.093
0.081
0.058
0.074
0.085
0.096
0.054
0.055
0.058
0.058
0.068
0.048
0.035
0.029
0.077
0.079
0.048
0.028
0.089
0.046
0.079
0.06
0.061
0.075
0.071
0.077
0.046
0.061
0.066
0.047
0.055
0.093
0.051
0.05
0.072
0.07
0.05
0.051
0.056
0.036
0.034
0.035
0.051
0.033
0.039
0.055
0.044
0.081
0.046
0.083
0.037
0.063
0.061
0.069
0.084
0.042
0.077
0.066
0.039
0.062
0.058
0.078
0.042
0.066
0.069
0.073
0.072
0.064
0.036
0.073
0.057
0.071
0.056
0.064
0.062
0.06
0.067
0.073
0.044
0.046
0.033
0.067
0.067
0.054
0.051
0.033
0.016
0.035
0.053
0.074
0.043
0.036
0.038
0.064
0.055
0.081
0.066
0.063
0.064
0.064
0.035
0.06
0.038
0.036
0.03
0.058
0.063
0.034
0.064
0.075
0.061
0.064
0.039
0.06
0.069
0.055
0.035
0.084
0.066
0.061
0.067
0.072
0.047
0.033
0.065
0.049
0.065
0.063
0.065
0.045
0.039
0.071
0.036
0.064
0.069
0.034
0.069
0.112
0.059
0.065
0.073
0.031
0.06
0.057
0.04
0.069
0.061
0.072
0.033
0.061
0.079
0.074
0.061
0.069
0.04
0.065
0.061
0.058
0.066
0.062
0.074
0.058
0.067
0.07
0.062
0.068
0.074
0.068
0.081
0.041
0.025
0.038
0.017
0.091
0.102
0.089
0.045
0.087
0.092
0.054
0.093
0.065
0.034
0.082
0.038
0.074
0.08
0.089
0.036
0.117
0.087
0.082
0.071
0.056
0.043
0.068
0.079
0.103
0.057
0.078
0.053
0.057
0.04
0.039
0.077
0.072
0.043
0.037
0.028
0.098
0.106
0.075
0.09
0.041
0.065
0.09
0.102
0.047
0.111
0.103
0.089
0.076
0.07
0.067
0.03
0.079
2.001
0.052
0.035
0.069
0.123
0.136
0.105
0.068
0.125
0.048
0.084
0.067
0.09
0.07
0.044
0.059
0.106
0.044
0.04
0.04
0.04
0.063
0.059
0.033
0.06
0.059
0.064
0.058
0.028
0.059
0.08
0.062
0.042
0.029
0.058
0.058
0.027
0.065
0.062
0.066
0.058
0.058
0.058
0.058
0.026
0.063
0.035
0.057
0.027
0.064
0.033
0.061
0.058
0.047
0.037
0.058
0.061
0.031
0.058
0.064
0.06
0.063
0.061
0.057
0.048
0.024
0.059
0.032
0.058
0.06
0.062
0.046
0.024
0.059
0.07
0.1
0.072
0.061
0.067
0.058
0.069
0.067
0.061
0.059
0.082
0.059
0.071
0.063
0.058
0.057
0.06
0.058
0.08
0.059
0.059
0.062
0.06
0.085
0.063
0.056
0.058
0.083
0.062
0.073
0.073
0.061
0.075
0.056
0.058
0.061
0.058
0.074
0.056
0.069
0.061
0.058
0.058
0.058
0.058
0.068
0.058
0.067
0.078
0.056
0.071
0.07
0.088
0.062
0.076
0.056
0.058
0.057
0.056
0.058
0.058
0.058
0.065
0.069
0.058
0.058
0.056
0.063
0.064
0.058
0.059
0.068
0.068
0.058
0.061
0.101
0.059
0.059
0.07
0.06
0.058
0.058
0.058
0.079
0.08
0.064
0.058
0.061
0.067
0.058
0.035
0.061
0.092
0.066
0.07
0.089
0.06
0.067
0.064
0.059
0.058
0.059
0.058
0.056
0.056
0.058
0.076
0.066
0.06
0.056
0.066
0.066
0.06
0.08
0.061
0.071
0.068
0.058
0.061
0.064
0.069
0.059
0.059
0.085
0.067
0.065
0.058
0.064
0.081
0.059
0.063
0.082
0.056
0.063
0.058
0.074
0.058
0.078
0.074
0.061
0.131
0.071
0.058
0.058
0.058
0.058
0.08
0.127
0.08
0.064
0.065
0.028
0.059
0.032
0.063
0.028
0.059
0.068
0.032
0.035
0.058
0.058
0.058
0.064
0.058
0.032
0.067
0.058
0.066
0.027
0.065
0.066
0.057
0.057
0.057
0.057
0.028
0.057
0.065
0.058
0.058
0.06
0.032
0.061
0.057
0.027
0.023
0.057
0.058
0.035
0.067
0.066
0.028
0.059
0.057
0.072
0.061
0.057
0.062
0.062
0.071
0.066
0.073
0.057
0.057
0.058
0.064
0.058
0.058
0.058
0.077
0.065
0.034
0.071
0.046
0.064
0.067
0.032
0.072
0.059
0.059
0.058
0.058
0.027
0.063
0.058
0.069
0.027
0.059
0.058
0.065
0.062
0.065
0.027
0.032
0.06
0.066
0.058
0.062
0.036
0.062
0.034
0.033
0.063
0.045
0.081
0.027
0.06
0.061
0.058
0.058
0.064
0.064
0.033
0.069
0.066
0.058
0.058
0.058
0.058
0.033
0.025
0.062
0.031
0.062
0.062
0.058
0.063
0.031
0.058
0.027
0.058
0.058
0.061
0.029
0.066
0.058
0.038
0.037
0.059
0.062
0.078
0.027
0.025
0.034
0.026
0.062
0.058
0.035
0.033
0.055
0.061
0.058
0.059
0.059
0.028
0.065
0.058
0.063
0.028
0.058
0.027
0.058
0.027
0.128
0.09
0.023
0.062
0.028
0.061
0.063
0.066
0.058
0.058
0.058
0.068
0.036
0.037
0.063
0.058
0.034
0.057
0.033
0.058
0.058
0.07
0.063
0.033
0.023
0.059
0.033
0.058
0.058
0.062
0.027
0.058
0.058
0.032
0.064
0.072
0.038
0.028
0.06
0.034
0.059
0.063
0.058
0.059
0.059
0.059
0.068
0.062
0.033
0.079
0.058
0.063
0.058
0.028
0.058
0.076
0.038
0.062
0.073
0.065
0.027
0.059
0.061
0.058
0.031
0.058
0.031
0.058
0.067
0.067
0.058
0.077
0.038
0.027
0.06
0.059
0.059
0.062
0.062
0.063
0.058
0.058
0.058
0.064
0.058
0.065
0.062
0.059
0.074
0.034
0.155
0.116
0.061
0.058
0.061
0.058
0.045
0.056
0.058
0.056
0.037
0.058
0.058
0.075
0.06
0.062
0.064
0.06
0.071
0.03
0.058
0.058
0.057
0.035
0.062
0.058
0.027
0.059
0.058
0.028
0.068
0.032
0.058
0.058
0.033
0.061
0.058
0.058
0.058
0.058
0.069
0.064
0.058
0.058
0.057
0.029
0.068
0.058
0.058
0.062
0.033
0.059
0.028
0.058
0.061
0.027
0.065
0.039
0.074
0.058
0.065
0.077
0.059
0.061
0.058
0.058
0.056
0.042
0.058
0.059
0.056
0.058
0.059
0.058
0.077
0.059
0.061
0.065
0.065
0.059
0.062
0.083
0.09
0.064
0.06
0.037
0.062
0.064
0.058
0.058
0.062
0.049
0.071
0.062
0.034
0.059
0.063
0.06
0.085
0.059
0.058
0.085
0.059
0.06
0.065
0.089
0.058
0.089
0.062
0.033
0.071
0.038
0.06
0.033
0.059
0.058
0.058
0.028
0.038
0.063
0.063
0.072
0.041
0.037
0.035
0.033
0.062
0.032
0.058
0.06
0.032
0.071
0.079
0.029
0.076
0.066
0.033
0.072
0.063
0.032
0.071
0.058
0.061
0.057
0.027
0.069
0.072
0.057
0.061
0.088
0.058
0.058
0.058
0.058
0.064
0.079
0.033
0.058
0.063
0.058
0.056
0.059
0.064
0.066
0.086
0.063
0.063
0.058
0.057
0.058
0.086
0.062
0.064
0.061
0.061
0.058
0.059
0.075
0.074
0.068
0.061
0.078
0.056
0.063
0.058
0.036
0.058
0.058
0.059
0.079
0.058
0.06
0.062
0.056
0.058
0.058
0.033
0.063
0.039
0.064
0.058
0.058
0.061
0.077
0.066
0.056
0.056
0.028
0.028
0.058
0.043
0.064
0.03
0.059
0.055
0.041
0.058
0.096
0.067
0.066
0.065
0.065
0.056
0.07
0.043
0.062
0.059
0.059
0.062
0.058
0.072
0.068
0.066
0.065
0.124
0.066
0.033
0.086
0.058
0.057
0.069
0.033
0.06
0.062
0.058
0.062
0.058
0.026
0.058
0.058
0.063
0.062
0.027
0.075
0.076
0.034
0.112
0.069
0.061
0.064
0.069
0.06
0.036
0.063
0.078
0.055
0.066
0.027
0.077
0.06
0.065
0.063
0.061
0.086
0.071
0.079
0.17
0.184
0.057
0.057
0.041
0.058
0.057
0.057
0.057
0.057
0.057
0.061
0.031
0.026
0.058
0.057
0.029
0.024
0.074
0.037
0.038
0.057
0.057
0.06
0.034
0.029
0.027
0.026
0.062
0.07
0.03
0.057
0.057
0.046
0.038
0.057
0.032
0.057
0.057
0.062
0.031
0.07
0.058
0.057
0.057
0.057
0.058
0.059
0.058
0.06
0.036
0.062
0.058
0.062
0.059
0.027
0.062
0.028
0.06
0.058
0.067
0.039
0.033
0.058
0.064
0.027
0.065
0.063
0.036
0.03
0.058
0.062
0.031
0.059
0.065
0.059
0.066
0.039
0.06
0.058
0.078
0.062
0.058
0.058
0.06
0.068
0.033
0.062
0.061
0.063
0.126
0.154
0.068
0.061
0.051
0.034
0.016
0.058
0.028
0.043
0.07
0.068
0.076
0.032
0.038
0.06
0.065
0.058
0.069
0.058
0.044
0.067
0.066
0.072
0.058
0.039
0.071
0.145
0.093
0.058
0.034
0.059
0.06
0.062
0.085
0.06
0.064
0.067
0.039
0.094
0.06
0.087
0.08
0.083
0.123
0.068
0.057
0.072
0.074
0.071
0.034
0.076
0.036
0.028
0.027
0.095
0.06
0.068
0.083
0.076
0.032
0.047
0.058
0.028
0.081
0.081
0.04
0.054
0.098
0.072
0.06
0.027
0.092
0.085
0.08
0.089
0.09
0.09
0.058
0.023
0.013
0.028
0.033
0.062
0.032
0.058
0.064
0.058
0.061
0.058
0.059
0.033
0.062
0.033
0.062
0.06
0.067
0.062
0.063
0.059
0.058
0.058
0.028
0.033
0.03
0.062
0.062
0.086
0.033
0.083
0.063
0.064
0.059
0.059
0.068
0.063
0.058
0.058
0.027
0.058
0.058
0.058
0.026
0.03
0.06
0.068
0.027
0.038
0.03
0.079
0.059
0.06
0.058
0.063
0.031
0.031
0.027
0.076
0.06
0.028
0.065
0.062
0.071
0.063
0.058
0.062
0.058
0.065
0.058
0.033
0.058
0.033
0.031
0.027
0.026
0.07
0.035
0.023
0.056
0.058
0.058
0.037
0.058
0.071
0.036
0.059
0.06
0.035
0.08
0.033
0.063
0.06
0.027
0.058
0.06
0.029
0.059
0.058
0.033
0.064
0.03
0.063
0.058
0.032
0.058
0.027
0.059
0.027
0.026
0.058
0.06
0.061
0.032
0.061
0.027
0.057
0.058
0.058
0.031
0.032
0.078
0.074
0.114
0.067
0.058
0.064
0.065
0.061
0.057
0.078
0.059
0.058
0.058
0.057
0.057
0.059
0.058
0.071
0.064
0.072
0.063
0.033
0.057
0.057
0.057
0.057
0.067
0.055
0.072
0.06
0.059
0.049
0.036
0.059
0.063
0.057
0.059
0.072
0.064
0.061
0.058
0.058
0.057
0.072
0.07
0.068
0.057
0.062
0.087
0.061
0.095
0.083
0.027
0.061
0.07
0.057
0.115
0.068
0.028
0.063
0.059
0.06
0.031
0.058
0.058
0.027
0.034
0.045
0.057
0.024
0.063
0.062
0.063
0.061
0.063
0.067
0.03
0.073
0.033
0.076
0.023
0.063
0.058
0.075
0.028
0.058
0.027
0.059
0.058
0.058
0.061
0.061
0.033
0.031
0.027
0.058
0.027
0.029
0.058
0.058
0.063
0.058
0.038
0.033
0.066
0.064
0.058
0.058
0.058
0.058
0.028
0.056
0.061
0.061
0.067
0.032
0.068
0.048
0.058
0.058
0.031
0.056
0.059
0.033
0.059
0.058
0.068
0.028
0.033
0.064
0.142
0.065
0.034
0.034
0.06
0.03
0.06
0.086
0.06
0.06
0.078
0.072
0.036
0.026
0.072
0.074
0.071
0.063
0.068
0.065
0.029
0.069
0.071
0.061
0.065
0.064
0.037
0.06
0.061
0.061
0.078
0.036
0.064
0.076
0.061
0.03
0.061
0.082
0.063
0.062
0.077
0.061
0.035
0.038
0.06
0.06
0.034
0.034
0.06
0.031
0.061
0.035
0.028
0.033
0.031
0.024
0.067
0.082
0.037
0.041
0.031
0.067
0.066
0.076
0.068
0.038
0.066
0.06
0.065
0.06
0.03
0.078
0.09
0.095
0.089
0.081
0.073
0.033
0.039
0.065
0.062
0.059
0.032
0.026
0.099
0.073
0.042
0.091
0.045
0.034
0.085
0.078
0.087
0.05
0.066
0.085
0.102
0.093
0.095
0.037
0.095
0.075
0.037
0.096
0.035
0.049
0.06
0.035
0.085
0.113
0.069
0.038
0.066
0.064
0.063
0.068
0.096
0.065
0.06
0.06
0.042
0.06
0.06
0.066
0.031
0.061
0.072
0.068
0.061
0.07
0.068
0.068
0.06
0.065
0.062
0.085
0.036
0.068
0.032
0.037
0.057
0.068
0.062
0.045
0.032
0.06
0.057
0.027
0.033
0.037
0.031
0.06
0.06
0.061
0.115
0.07
0.077
0.063
0.06
0.037
0.062
0.077
0.037
0.031
0.027
0.03
0.066
0.031
0.066
0.031
0.037
0.06
0.036
0.065
0.065
0.06
0.06
0.06
0.035
0.033
0.061
0.061
0.039
0.062
0.061
0.064
0.066
0.064
0.06
0.06
0.076
0.037
0.058
0.061
0.063
0.088
0.081
0.032
0.082
0.067
0.073
0.065
0.035
0.062
0.046
0.068
0.06
0.034
0.031
0.032
0.066
0.075
0.035
0.06
0.036
0.061
0.065
0.06
0.031
0.024
0.071
0.035
0.027
0.065
0.034
0.06
0.068
0.061
0.065
0.071
0.065
0.062
0.061
0.069
0.061
0.07
0.06
0.07
0.078
0.089
0.177
0.062
0.065
0.067
0.06
0.069
0.033
0.068
0.032
0.069
0.065
0.071
0.06
0.04
0.064
0.073
0.067
0.093
0.068
0.029
0.037
0.037
0.033
0.06
0.06
0.038
0.029
0.075
0.084
0.078
0.037
0.06
0.092
0.063
0.065
0.069
0.063
0.062
0.067
0.052
0.062
0.033
0.045
0.06
0.062
0.07
0.059
0.065
0.031
0.061
0.085
0.06
0.065
0.063
0.063
0.067
0.079
0.065
0.06
0.06
0.07
0.03
0.061
0.031
0.084
0.07
0.034
0.061
0.036
0.06
0.071
0.067
0.068
0.06
0.104
0.089
0.041
0.069
0.068
0.041
0.08
0.074
0.038
0.079
0.053
0.063
0.034
0.067
0.068
0.066
0.066
0.046
0.06
0.06
0.032
0.087
0.042
0.044
0.03
0.061
0.065
0.095
0.06
0.038
0.069
0.061
0.086
0.052
0.06
0.06
0.033
0.058
0.041
0.033
0.067
0.064
0.048
0.059
0.069
0.038
0.082
0.044
0.044
0.04
0.029
0.062
0.041
0.068
0.095
0.06
0.068
0.098
0.07
0.06
0.051
0.028
0.036
0.067
0.116
0.07
0.065
0.034
0.064
0.069
0.064
0.073
0.236
0.047
0.06
0.067
0.042
0.067
0.076
0.039
0.079
0.034
0.066
0.068
0.069
0.064
0.039
0.065
0.046
0.038
0.07
0.035
0.069
0.032
0.109
0.06
0.119
0.041
0.041
0.067
0.034
0.065
0.038
0.08
0.04
0.066
0.07
0.06
0.038
0.062
0.07
0.04
0.08
0.042
0.069
0.067
0.035
0.065
0.082
0.081
0.037
0.078
0.034
0.038
0.035
0.073
0.041
0.069
0.064
0.027
0.067
0.061
0.068
0.074
0.071
0.061
0.069
0.032
0.069
0.065
0.061
0.074
0.08
0.035
0.085
0.076
0.078
0.116
0.061
0.038
0.038
0.076
0.081
0.044
0.104
0.061
0.069
0.068
0.07
0.038
0.076
0.065
0.069
0.03
0.072
0.061
0.041
0.043
0.072
0.064
0.072
0.031
0.042
0.068
0.077
0.069
0.076
0.074
0.082
0.072
0.044
0.033
0.035
0.075
0.015
0.073
0.06
0.067
0.054
0.068
0.068
0.067
0.056
0.039
0.061
0.09
0.048
0.077
0.061
0.075
0.06
0.037
0.101
0.015
0.014
0.065
0.081
0.033
0.014
0.04
0.04
0.026
0.09
0.075
0.034
0.044
0.065
0.034
0.039
0.03
0.086
0.062
0.06
0.059
0.071
0.064
0.034
0.025
0.034
0.068
0.06
0.068
0.031
0.062
0.06
0.067
0.033
0.064
0.078
0.081
0.064
0.06
0.043
0.026
0.063
0.08
0.032
0.067
0.038
0.027
0.067
0.06
0.031
0.068
0.033
0.04
0.035
0.067
0.054
0.091
0.071
0.034
0.077
0.062
0.099
0.06
0.065
0.06
0.067
0.075
0.05
0.062
0.055
0.067
0.061
0.054
0.081
0.038
0.067
0.092
0.067
0.067
0.084
0.037
0.071
0.081
0.035
0.084
0.043
0.077
0.093
0.068
0.037
0.065
0.065
0.031
0.069
0.095
0.098
0.06
0.06
0.066
0.06
0.04
0.06
0.035
0.06
0.03
0.098
0.068
0.039
0.083
0.036
0.027
0.025
0.06
0.06
0.065
0.065
0.067
0.06
0.035
0.031
0.066
0.059
0.06
0.071
0.059
0.039
0.065
0.063
0.048
0.06
0.06
0.061
0.059
0.044
0.062
0.041
0.03
0.062
0.079
0.065
0.116
0.074
0.06
0.065
0.038
0.066
0.04
0.068
0.068
0.068
0.081
0.078
0.074
0.067
0.068
0.048
0.076
0.042
0.078
0.098
0.072
0.068
0.046
0.094
0.067
0.062
0.064
0.087
0.082
0.07
0.071
0.118
0.067
0.067
0.06
0.083
0.069
0.038
0.062
0.065
0.064
0.06
0.067
0.065
0.071
0.044
0.034
0.086
0.072
0.061
0.062
0.039
0.06
0.046
0.052
0.109
0.072
0.067
0.039
0.045
0.068
0.143
0.06
0.067
0.033
0.069
0.06
0.062
0.061
0.064
0.065
0.061
0.065
0.03
0.026
0.034
0.052
0.061
0.042
0.07
0.067
0.044
0.062
0.068
0.084
0.038
0.066
0.037
0.061
0.031
0.032
0.06
0.06
0.06
0.064
0.069
0.074
0.044
0.063
0.085
0.076
0.038
0.028
0.038
0.025
0.063
0.034
0.098
0.081
0.084
0.099
0.073
0.08
0.039
0.052
0.083
0.055
0.068
0.037
0.101
0.068
0.031
0.026
0.081
0.069
0.029
0.026
0.06
0.068
0.031
0.06
0.066
0.042
0.054
0.092
0.069
0.036
0.032
0.076
0.036
0.061
0.074
0.038
0.06
0.086
0.027
0.094
0.031
0.102
0.041
0.027
0.03
0.061
0.058
0.069
0.074
0.061
0.072
0.06
0.077
0.032
0.068
0.061
0.061
0.06
0.06
0.037
0.035
0.06
0.014
0.066
0.06
0.061
0.079
0.055
0.063
0.036
0.067
0.06
0.084
0.06
0.036
0.065
0.071
0.031
0.06
0.04
0.063
0.068
0.03
0.03
0.024
0.066
0.068
0.101
0.043
0.068
0.079
0.038
0.096
0.038
0.067
0.085
0.085
0.061
0.05
0.034
0.075
0.085
0.058
0.037
0.04
0.1
0.04
0.089
0.072
0.096
0.043
0.15
0.079
0.174
0.086
0.067
0.083
0.113
0.066
0.064
0.064
0.035
0.034
0.025
0.061
0.033
0.068
0.068
0.037
0.06
0.067
0.049
0.04
0.067
0.031
0.073
0.04
0.069
0.07
0.076
0.052
0.077
0.045
0.088
0.036
0.067
0.066
0.032
0.06
0.066
0.068
0.061
0.069
0.033
0.04
0.081
0.025
0.146
0.084
0.042
0.063
0.06
0.06
0.077
0.034
0.065
0.039
0.037
0.074
0.037
0.043
0.034
0.039
0.044
0.096
0.074
0.049
0.082
0.048
0.091
0.113
0.072
0.106
0.093
0.1
0.072
0.045
0.065
0.041
0.049
0.039
0.09
0.067
0.076
0.068
0.043
0.038
0.101
0.092
0.042
0.075
0.071
0.081
0.085
0.066
0.031
0.044
0.04
0.066
0.06
0.068
0.06
0.064
0.067
0.059
0.06
0.081
0.031
0.06
0.07
0.037
0.095
0.03
0.068
0.06
0.037
0.05
0.067
0.071
0.066
0.065
0.06
0.036
0.06
0.03
0.069
0.034
0.06
0.073
0.061
0.101
0.101
0.106
0.054
0.093
0.071
0.061
0.079
0.075
0.074
0.068
0.061
0.059
0.043
0.078
0.102
0.093
0.076
0.07
0.076
0.074
0.077
0.034
0.078
0.036
0.071
0.061
0.072
0.06
0.079
0.038
0.039
0.069
0.1
0.06
0.068
0.066
0.069
0.03
0.068
0.031
0.07
0.07
0.083
0.065
0.069
0.039
0.042
0.068
0.076
0.067
0.08
0.089
0.042
0.089
0.08
0.094
0.116
0.073
0.107
0.068
0.054
0.075
0.076
0.061
0.069
0.06
0.069
0.068
0.068
0.06
0.034
0.065
0.069
0.061
0.06
0.067
0.076
0.059
0.067
0.068
0.083
0.067
0.039
0.039
0.08
0.077
0.03
0.071
0.064
0.034
0.058
0.071
0.041
0.027
0.076
0.031
0.039
0.075
0.036
0.064
0.06
0.06
0.031
0.064
0.066
0.038
0.06
0.066
0.033
0.06
0.094
0.039
0.07
0.08
0.097
0.075
0.067
0.068
0.066
0.077
0.069
0.038
0.071
0.06
0.07
0.04
0.064
0.032
0.065
0.036
0.061
0.034
0.062
0.032
0.085
0.067
0.047
0.067
0.045
0.063
0.062
0.068
0.04
0.028
0.036
0.066
0.039
0.06
0.064
0.071
0.06
0.035
0.064
0.071
0.031
0.062
0.026
0.066
0.033
0.045
0.077
0.077
0.061
0.069
0.061
0.038
0.065
0.084
0.06
0.068
0.06
0.067
0.03
0.06
0.061
0.069
0.044
0.063
0.035
0.081
0.044
0.068
0.065
0.06
0.061
0.034
0.061
0.031
0.033
0.033
0.032
0.061
0.066
0.06
0.037
0.037
0.066
0.068
0.071
0.039
0.061
0.044
0.071
0.06
0.063
0.04
0.031
0.101
0.074
0.124
0.067
0.06
0.059
0.067
0.031
0.062
0.059
0.03
0.066
0.037
0.061
0.06
0.064
0.034
0.027
0.079
0.067
0.059
0.064
0.034
0.059
0.068
0.067
0.036
0.073
0.085
0.067
0.039
0.08
0.056
0.077
0.16
0.062
0.085
0.066
0.074
0.062
0.069
0.061
0.069
0.077
0.049
0.073
0.06
0.087
0.067
0.075
0.06
0.068
0.06
0.075
0.083
0.147
0.059
0.037
0.046
0.061
0.078
0.062
0.039
0.059
0.068
0.076
0.129
0.06
0.064
0.065
0.065
0.06
0.06
0.036
0.074
0.041
0.031
0.066
0.068
0.065
0.067
0.075
0.071
0.092
0.043
0.067
0.05
0.097
0.044
0.066
0.064
0.117
0.067
0.067
0.095
0.049
0.065
0.06
0.035
0.064
0.078
0.06
0.063
0.038
0.065
0.06
0.059
0.066
0.037
0.027
0.068
0.061
0.036
0.06
0.067
0.064
0.031
0.065
0.037
0.043
0.063
0.069
0.067
0.035
0.06
0.06
0.036
0.064
0.074
0.078
0.033
0.063
0.065
0.072
0.07
0.045
0.041
0.06
0.065
0.038
0.067
0.085
0.065
0.038
0.036
0.06
0.067
0.068
0.064
0.066
0.035
0.082
0.077
0.04
0.039
0.072
0.064
0.059
0.029
0.064
0.042
0.068
0.05
0.064
0.151
0.07
0.132
0.068
0.04
0.102
0.091
0.045
0.058
0.065
0.04
0.067
0.066
0.087
0.069
0.067
0.036
0.092
0.059
0.059
0.083
0.068
0.066
0.07
0.099
0.043
0.032
0.086
0.067
0.032
0.04
0.034
0.07
0.068
0.048
0.041
0.06
0.031
0.039
0.06
0.035
0.064
0.075
0.059
0.059
0.069
0.061
0.028
0.059
0.066
0.068
0.081
0.062
0.065
0.033
0.035
0.057
0.06
0.059
0.031
0.063
0.063
0.036
0.074
0.079
0.065
0.066
0.063
0.035
0.031
0.03
0.054
0.043
0.073
0.07
0.061
0.069
0.048
0.067
0.044
0.066
0.082
0.061
0.079
0.073
0.086
0.06
0.039
0.083
0.032
0.069
0.116
0.035
0.036
0.066
0.031
0.071
0.062
0.07
0.06
0.05
0.041
0.038
0.07
0.041
0.084
0.072
0.062
0.06
0.067
0.081
0.065
0.042
0.065
0.075
0.03
0.06
0.046
0.06
0.061
0.06
0.035
0.037
0.094
0.07
0.068
0.043
0.066
0.067
0.083
0.074
0.08
0.031
0.061
0.07
0.096
0.072
0.062
0.059
0.06
0.1
0.062
0.075
0.068
0.041
0.066
0.113
0.044
0.101
0.049
0.066
0.039
0.039
0.06
0.104
0.069
0.08
0.102
0.096
0.038
0.048
0.067
0.075
0.033
0.068
0.075
0.05
0.036
0.043
0.033
0.035
0.062
0.076
0.061
0.078
0.031
0.076
0.068
0.082
0.037
0.075
0.05
0.032
0.051
0.043
0.069
0.041
0.069
0.075
0.103
0.074
