1.0 0
2.607 0
3.478 0
4.377 0
5.245 0
6.12 0
7.01 0
7.999 0
8.999 0
9.999 0
11.0 0
11.999 0
12.999 0
13.999 0
14.999 0
15.999 0
16.999 0
17.999 0
18.999 0
19.999 0
20.999 0
21.999 0
22.999 0
23.999 0
24.999 0
25.999 0
26.999 1
27.999 0
28.999 0
29.999 0
30.999 0
31.999 0
32.999 1
33.999 0
34.999 0
35.999 0
36.999 0
37.999 0
38.999 0
39.999 0
40.999 0
41.999 0
42.999 0
43.999 0
44.999 1
45.999 1
46.999 1
47.999 1
48.999 0
49.999 1
50.999 0
51.999 0
52.999 1
53.999 1
54.999 1
55.999 1
56.999 0
57.999 0
58.999 0
59.999 0
60.999 0
61.999 0
62.999 1
63.999 0
64.999 0
65.999 0
66.999 0
67.999 0
68.999 0
69.999 1
70.999 1
71.999 1
72.999 0
73.999 0
74.999 0
75.999 0
76.999 1
77.999 0
78.999 0
79.999 0
80.999 2
82.003 1
82.999 1
83.999 1
84.999 0
85.999 0
86.999 0
88.027 1
88.999 2
89.999 2
91.029 2
92.039 1
93.024 0
94.0 0
94.999 0
95.999 1
96.999 1
97.999 1
98.999 1
99.999 1
100.999 0
101.999 0
102.999 1
103.999 1
104.999 2
105.999 1
106.999 1
107.999 1
108.999 1
109.999 1
110.999 1
112.107 1
113.064 0
114.041 0
114.999 0
115.999 0
116.999 0
117.999 0
118.999 1
119.999 1
120.999 0
121.999 0
122.999 2
123.999 1
124.999 1
125.999 1
126.999 0
127.999 0
128.999 0
129.999 0
130.999 0
131.999 1
132.999 0
133.999 1
134.999 1
135.999 2
136.999 1
137.999 1
138.999 0
139.999 1
140.999 1
141.999 0
142.999 0
144.032 0
145.054 0
146.021 0
146.999 1
147.999 1
148.999 3
149.999 3
150.999 2
151.999 2
152.999 0
153.999 0
154.999 0
155.999 0
156.999 0
157.999 1
158.999 0
159.999 0
160.999 0
161.999 0
162.999 0
164.018 0
165.08 0
166.024 0
166.999 0
167.999 0
168.999 0
169.999 2
170.999 1
171.999 2
172.999 2
173.999 1
174.999 1
175.999 2
176.999 1
177.999 1
178.999 0
179.999 0
180.999 0
181.999 1
182.999 0
183.999 0
184.999 0
185.999 0
186.999 0
187.999 1
188.999 0
189.999 0
190.999 0
191.999 0
192.999 0
193.999 0
194.999 0
195.999 0
196.999 1
197.999 0
198.999 0
199.999 1
200.999 0
201.999 0
202.999 1
203.999 1
204.999 1
205.999 0
206.999 0
207.999 1
208.999 1
209.999 0
210.999 0
211.999 0
212.999 1
213.999 1
214.999 1
215.999 1
216.999 1
217.999 1
218.999 1
219.999 0
221.012 1
222.046 0
222.999 0
223.999 0
224.999 0
225.999 0
226.999 0
227.999 1
228.999 15
230.297 5
233.106 0
234.211 0
235.254 0
236.336 0
237.294 0
238.259 0
239.164 0
240.099 0
241.032 0
241.953 0
242.891 0
243.816 0
244.77 0
245.705 0
246.622 0
247.58 0
248.498 0
249.423 0
250.422 0
251.398 0
252.332 1
253.308 1
254.295 0
255.298 1
256.282 1
257.306 0
258.308 1
259.267 2
260.315 2
261.274 2
262.208 2
263.262 0
264.372 0
265.516 2
266.7 4
267.935 2
269.22 2
270.533 1
271.772 1
272.975 3
274.24 3
275.601 1
276.853 2
278.106 1
279.312 0
280.498 1
281.488 2
282.533 1
283.534 1
284.558 1
285.561 1
286.576 2
287.605 2
288.692 0
289.708 0
290.696 0
291.666 0
292.642 1
293.63 1
294.646 1
295.632 0
296.637 0
297.613 0
298.586 1
299.583 2
300.604 3
301.63 2
302.64 3
303.629 4
304.683 3
305.763 1
306.76 2
307.771 1
308.791 1
309.784 3
310.781 4
311.874 0
312.914 0
313.895 1
314.868 1
315.855 1
316.871 0
317.847 0
318.825 1
319.812 1
320.768 1
321.745 2
322.746 0
323.725 0
324.704 1
325.723 1
326.735 2
327.724 1
328.721 0
329.698 0
330.66 1
331.64 1
332.622 0
333.599 0
334.576 1
335.546 0
336.531 1
337.512 4
338.56 0
339.745 3
340.751 2
341.748 0
342.722 0
343.688 0
344.665 0
345.649 1
346.676 2
347.844 2
348.974 1
349.991 1
350.974 1
351.975 3
352.954 1
353.926 2
354.892 2
355.88 2
356.862 0
357.831 0
358.791 0
359.753 0
360.723 0
361.732 3
362.881 4
363.918 1
364.917 1
365.946 1
366.931 3
367.911 1
368.889 1
369.869 2
370.848 0
371.816 0
372.777 0
373.711 0
374.682 2
375.804 2
376.836 2
377.799 0
378.77 0
379.724 0
380.677 0
381.63 1
382.612 4
383.66 1
384.697 0
385.674 5
386.642 5
387.693 2
388.803 3
389.799 2
390.838 3
391.847 3
392.924 1
393.981 0
394.938 0
395.908 0
396.863 0
397.814 1
398.776 0
399.726 0
400.683 0
401.646 1
402.631 1
403.599 1
404.573 0
405.538 0
406.504 0
407.477 0
408.436 0
409.335 0
410.278 1
411.227 2
412.202 1
413.201 2
414.181 2
415.151 0
416.127 0
417.089 3
418.07 4
419.163 5
420.252 1
421.756 1
422.723 1
423.705 3
424.741 3
425.807 1
426.82 1
427.821 1
428.787 0
429.782 0
430.761 0
431.738 1
432.751 0
433.715 1
434.678 0
435.633 0
436.576 0
437.512 1
438.422 2
439.458 1
440.502 0
441.51 0
442.456 0
443.412 0
444.387 0
445.333 0
446.294 0
447.253 0
448.163 0
449.084 2
450.042 2
451.077 0
452.085 0
453.061 1
454.043 4
455.165 2
456.348 3
457.356 2
458.416 1
459.427 0
460.406 1
461.402 2
462.424 2
463.42 2
464.434 2
465.446 0
466.445 2
467.427 3
468.404 3
469.48 1
470.49 0
471.462 1
472.439 2
473.448 1
474.535 0
475.556 1
476.674 1
477.742 1
478.714 1
479.687 0
480.655 0
481.593 0
482.54 0
483.516 2
484.483 2
485.516 1
486.533 0
487.513 2
488.514 4
489.583 3
490.68 1
491.726 0
492.711 1
493.692 1
494.683 2
495.671 2
496.691 2
497.676 3
498.722 2
499.815 1
500.837 0
501.838 0
502.815 1
503.76 2
504.762 1
505.788 2
506.781 1
507.766 1
508.769 0
509.768 0
510.762 0
511.713 0
512.689 0
513.664 1
514.637 0
515.612 0
516.587 1
517.579 2
518.554 2
519.55 2
520.562 2
521.606 0
522.601 1
523.591 3
524.617 1
525.686 0
526.68 0
527.653 0
528.629 1
529.603 0
530.587 0
531.568 0
532.53 0
533.509 0
534.45 0
535.383 0
536.316 1
537.264 1
538.183 2
539.11 4
540.189 4
541.281 3
542.325 1
543.35 2
544.365 4
545.382 2
546.399 2
547.39 1
548.417 1
549.424 2
550.459 2
551.524 0
552.545 1
553.535 1
554.528 1
555.509 0
556.494 1
557.498 0
558.514 0
559.49 1
560.463 1
561.439 1
562.412 1
563.372 1
564.332 1
565.351 2
566.343 0
567.361 2
568.385 0
569.42 1
570.391 0
571.346 0
572.315 0
573.282 0
574.236 0
575.202 1
576.17 0
577.139 0
578.129 0
579.088 0
580.062 1
581.029 0
581.998 0
582.904 1
583.839 0
584.72 0
585.628 0
586.544 0
587.426 0
588.318 1
589.192 0
590.058 0
590.987 0
591.86 0
592.774 0
593.628 0
594.517 0
595.402 0
596.258 0
597.174 0
598.044 1
598.95 0
599.79 0
600.669 1
601.546 0
602.406 0
603.342 0
604.2 0
605.08 0
605.959 1
606.843 1
607.785 1
608.699 1
609.583 1
610.514 0
611.421 0
612.34 0
613.271 0
614.13 0
615.067 0
615.999 0
616.999 0
617.999 0
618.999 0
619.999 0
620.999 0
621.999 0
622.999 1
623.999 1
624.999 1
625.999 0
626.999 0
627.999 1
628.999 0
629.999 1
630.999 1
631.999 1
632.999 0
633.999 1
634.999 1
635.999 0
636.999 0
638.004 0
638.999 0
639.999 0
640.999 0
641.999 1
642.999 1
643.999 1
644.999 1
645.999 0
646.999 0
647.999 0
648.999 0
649.999 1
650.999 1
651.999 1
652.999 1
653.999 2
654.999 1
655.999 0
656.999 0
657.999 1
658.999 1
659.999 2
660.999 1
661.999 0
662.999 0
663.999 0
664.999 0
665.999 0
666.999 1
667.999 2
668.999 2
669.999 2
670.999 0
671.999 0
672.999 0
673.999 1
674.999 0
675.999 0
676.999 0
677.999 1
678.999 0
679.999 1
680.999 1
681.999 2
682.999 0
683.999 1
684.999 1
685.999 2
686.999 1
687.999 1
688.999 1
689.999 1
690.999 1
691.999 1
692.999 1
693.999 1
694.999 1
695.999 1
696.999 1
697.999 1
698.999 1
699.999 1
700.999 1
701.999 1
702.999 1
703.999 1
704.999 1
705.999 1
706.999 1
707.999 1
708.999 1
709.999 1
710.999 1
711.999 1
712.999 1
713.999 0
715.273 0
716.205 0
717.173 0
