0
0
0
0
0
0
0
0
0
0
0
0
0
0
0
0
0
0
0
0
0
0
0
0
0
0
0
20
12
15
14
16
11
14
19
23
16
17
16
27
5
15
25
13
22
15
20
19
15
15
19
19
12
14
17
16
23
21
12
15
21
23
16
16
20
20
19
14
13
11
22
17
15
10
12
17
11
20
17
13
13
13
12
9
28
24
13
26
22
16
21
16
16
18
13
16
17
22
22
16
21
22
21
20
16
25
23
24
20
19
27
12
25
19
14
17
22
18
21
21
30
14
19
14
21
22
19
14
24
16
17
23
14
17
15
15
23
19
19
14
15
16
23
19
11
18
8
21
27
22
30
15
24
25
16
17
21
16
19
20
15
24
20
31
16
15
21
17
19
16
22
16
27
13
22
14
16
22
18
14
24
16
19
13
19
20
18
15
16
25
24
18
12
20
16
18
13
16
15
12
13
22
23
14
25
29
11
14
10
24
17
25
22
12
16
17
19
15
14
25
15
16
14
12
18
29
14
13
21
11
5
0
0
0
0
0
0
0
0
0
0
0
0
0
0
0
0
0
0
13
4
0
1
4
0
9
9
13
13
10
3
17
20
11
16
5
1
6
13
21
1
3
5
20
4
5
13
15
10
0
16
17
1
2
10
17
15
15
5
0
1
16
17
15
19
5
1
19
20
25
19
18
15
18
16
18
23
20
13
19
19
13
11
13
23
17
21
20
19
21
18
20
22
23
21
18
19
27
18
16
22
18
16
24
18
17
22
23
17
23
19
23
25
26
20
19
19
22
15
21
22
21
20
20
20
21
19
7
3
0
5
15
19
14
21
21
30
26
14
23
22
23
22
23
20
19
17
22
27
20
15
18
24
23
23
13
0
2
1
0
0
0
8
28
16
19
19
19
24
18
21
20
22
20
23
19
18
16
17
17
21
18
21
21
18
31
20
14
21
14
22
14
17
20
17
18
19
27
20
18
20
21
11
3
1
1
0
0
0
0
0
0
11
19
16
21
24
17
22
26
31
24
20
31
20
21
25
14
23
20
23
17
14
21
25
19
0
0
1
1
17
18
21
18
19
20
23
22
20
22
25
16
24
22
24
30
22
19
27
19
25
21
17
24
23
29
22
15
17
22
21
21
17
21
18
18
17
25
15
25
21
21
21
17
22
24
26
22
26
22
24
21
22
18
25
25
19
31
24
15
17
22
19
15
19
23
26
22
10
18
23
18
23
23
17
24
24
20
21
32
15
22
24
22
20
17
24
21
20
18
16
23
19
21
17
21
28
17
21
24
23
18
15
18
18
24
27
16
22
20
34
18
23
14
14
16
26
22
28
18
15
30
12
14
16
24
20
17
20
13
21
21
14
21
25
22
25
15
19
21
26
10
23
31
27
17
29
17
31
19
19
26
24
33
19
34
23
26
22
17
20
17
23
22
21
28
23
16
23
21
20
23
28
20
19
25
30
31
17
19
26
26
15
23
23
29
27
24
22
21
26
18
23
19
21
18
23
27
31
22
22
30
19
24
27
28
26
13
20
24
24
21
22
25
33
28
17
0
0
0
0
0
0
0
0
0
0
0
0
0
0
0
0
0
0
0
0
0
0
0
0
0
0
0
0
0
0
