2031.582
1802.082
88.521
192.941
247.047
1439.219
37.29
397.047
828.636
1087.494
1530.203
2078.114
848.208
1289.131
30.186
1251.486
1290.693
1891.336
1350.039
329.15
1581.672
2064.565
1850.08
901.834
1970.435
1262.176
2039.285
301.998
1671.65
471.877
1893.26
562.419
763.548
123.541
15.79
14.6
1930.276
16.072
15.096
12.303
15.924
15.699
15.115
14.068
15.213
13.401
13.095
14.34
13.8
13.643
13.282
15.115
12.474
12.775
16.098
12.408
14.849
15.625
13.937
14.676
12.073
24.957
13.524
12.659
19.934
12.079
14.938
12.679
12.245
12.881
14.493
14.81
12.616
12.724
13.17
13.996
16.09
13.034
13.971
13.35
15.574
13.287
14.036
13.613
13.917
14.371
13.278
12.83
12.67
15.31
13.123
13.67
14.339
13.759
13.667
13.927
14.898
14.677
13.606
12.826
14.752
13.565
13.936
12.265
15.649
13.535
15.834
13.489
13.724
14.014
14.322
17.264
1891.484
14.52
15.065
12.311
14.172
15.499
19.121
16.337
14.354
14.514
19.941
13.156
13.941
16.889
15.958
12.375
17.144
14.726
12.421
14.73
15.207
15.429
14.683
12.782
12.671
11.885
12.579
12.59
11.282
13.324
13.577
13.539
13.107
12.932
14.99
15.919
14.568
13.274
13.667
13.732
14.115
15.188
13.827
13.806
15.185
13.939
5.213
6.9
7.564
6.837
5.829
6.419
1916.087
1777.451
4.694
5.752
5.46
5.335
3.918
6.299
5.468
5.283
5.873
5.697
5.236
5.271
5.812
7.26
6.658
7.04
6.341
4.753
4.618
5.177
11.788
5.509
5.658
5.95
5.451
5.722
6.824
5.549
4.904
7.307
5.681
5.619
5.859
5.041
4.899
4.076
3.416
6.13
6.295
6.5
5.859
5.426
5.19
4.856
5.569
5.958
4.905
5.769
4.625
6.207
6.121
6.024
5.283
6.349
10.097
7.322
5.967
1977.059
4.65
5.873
4.981
5.41
4.125
8.54
6.018
6.814
5.582
6.109
5.075
4.7
6.113
5.73
5.241
4.297
6.387
6.47
6.904
7.198
6.269
8.369
7.182
6.74
6.305
6.473
5.243
6.729
5.326
6.36
6.668
5.671
6.461
6.007
5.577
5.611
10.063
5.044
5.512
5.593
5.956
5.958
6.283
2009.223
6.306
6.083
5.682
1911.55
6.138
6.33
4.746
5.775
6.088
5.215
6.216
5.817
4.786
5.701
6.842
5.411
5.635
5.562
5.472
4.679
6.411
5.047
6.48
4.854
5.551
5.199
5.069
5.049
5.416
5.621
4.942
5.598
3.918
5.644
4.437
5.566
4.431
5.182
3.775
5.514
5.217
4.868
4.504
5.489
5.813
5.919
5.436
5.054
4.864
5.554
4.539
5.848
6.159
5.204
5.039
5.009
5.817
6.055
5.847
5.103
3.913
5.548
5.01
5.288
6.157
4.746
4.311
5.019
4.51
4.265
6.183
5.551
5.334
4.393
5.651
4.36
5.97
3.235
5.741
4.137
5.998
4.688
4.159
5.555
5.315
6.013
6.274
5.585
5.64
7.39
6.023
5.229
3234.56
5.974
5.045
5.036
5.053
5.896
16.859
6.929
5.192
5.813
4.454
3.926
5.506
6.759
6.6
6.286
5.151
3.536
2.173
3.006
2.341
2.927
3.62
5.417
5.201
3.685
3.997
4.345
5.501
4.427
6.122
5.444
4.988
5.921
9.955
5.047
6.075
5.002
6.082
5.481
5.723
7.996
1556.397
937.517
5.571
4.192
5.931
4.062
5.098
4.146
5.59
4.375
5.453
4.544
4.221
4.373
4.805
5.276
5.356
5.631
4.299
5.051
5.75
4.517
4.846
3.141
4.487
3.842
4.843
4.338
3.479
7.059
5.771
5.167
5.638
4.183
8.706
4.296
4.276
4.449
4.626
4.452
4.251
4.3
4.513
2008.88
5.427
3.926
3.715
4.314
2.415
2.209
1.884
4.953
3.947
5.078
2.524
3.652
4.8
4.787
4.336
5.128
4.538
4.615
4.368
3.888
2225.69
3.857
4.088
3.404
4.221
3.434
4.253
4.394
5.048
4.501
6.514
5.059
4.529
4.109
3.991
5.603
4.307
3.581
4.346
7.233
6.902
4.493
4.576
4.018
3.641
4.447
5.02
4.681
4.213
3.871
5.772
4.481
4.505
5.356
3.888
3.794
5.089
3103.637
4.644
3.878
5.05
4.359
3.656
3.872
3.862
3.477
5.046
4.708
10.01
4.874
4.217
4.933
4.035
4.549
7.14
3.567
5.103
3.928
4.606
4.59
4.175
4.152
5.578
4.904
3.519
3.915
4.6
3.933
4.085
4.794
4.016
2.953
3.937
4.686
4.608
4.307
3.786
10.818
5.114
4.923
3.99
4.079
4.632
5.568
4.717
5.019
4.505
4.496
4.828
4.449
5.413
4.726
4.595
4.98
4.381
4.244
4.469
3.924
4.403
4.445
4.02
4.353
4.275
3.841
5.274
4.907
4.407
4.479
6.11
4.652
3.97
3.539
3.334
3.999
4.203
4.6
4.447
4.043
4.445
4.248
3.687
4.641
3.526
3.924
4.512
4.567
4.229
4.318
4.16
3.802
4.405
4.569
5.156
4.358
6.449
7.363
3.525
4.079
3.442
3.662
4.141
3.781
2.967
4.481
4.79
4.282
5.016
4.472
3.981
4.028
3.665
5.04
3.942
4.756
4.555
4.514
4.102
4.464
4.416
4.042
4.324
6.027
4.436
4.107
4.594
3.931
4.866
4.594
4.493
4.432
2015.141
3.838
5.167
3.88
3.547
4.448
3.937
3.919
3.126
3.908
5.296
4.764
4.215
4.052
4.419
4.728
4.175
3.822
4.788
3.414
4.756
4.72
4.448
4.388
3.829
3.848
3.868
4.431
4.689
4.149
4.026
3.968
4.175
4.954
4.176
4.062
4.121
11.62
3.134
3.94
3.34
4.172
4.843
4.3
3.427
5.36
3.73
3.073
4.547
3.657
4.865
3.546
4.427
2.807
4.364
3.764
2.941
22.907
4.814
2.996
3.898
3.546
4.273
4.882
4.685
4.834
5.047
4.803
4.007
4.24
3.892
5.086
4.426
3.302
4.887
4.368
4.422
2007.613
4.75
4.779
4.649
4.411
4.04
4.101
4.605
6.607
3.288
4.004
4.757
4.738
3.992
4.15
4.169
4.593
5.128
3.984
3.815
4.3
3.919
1987.029
4.357
4.777
5.184
4.527
3.842
3.772
4.863
3.693
5.091
4.731
4.306
3.88
5.093
3.724
4.363
2.726
3.472
3.09
5.227
4.694
4.727
4.088
2.901
3.547
2.742
3.761
4.031
3.36
3.801
4.028
4.367
2.951
4.39
3.178
2958.212
3.379
4.323
4.234
4.858
4.272
4.158
2.351
2.733
4.326
5.354
4.458
4.336
4.462
4.809
4.337
3.064
4.278
4.474
4.522
4.21
4.427
3.628
3.247
3.263
3.082
3.028
4.353
3.446
2048.915
4.308
3.847
3.378
4.458
4.269
3.5
4.375
4.104
3.665
2.966
4.511
2048.877
5.062
4.05
4.032
3.746
4.714
4.546
3.965
4.093
4.058
4.366
3.55
3.826
4.315
3.8
4.204
3.732
4.995
4.542
4.336
4.311
4.552
4.633
4.199
4.154
4.179
4.368
3.996
7.821
5.753
6.357
5.737
4.303
4.427
4.907
4.234
4.042
3.925
4.244
2.915
2.488
4.893
3.22
4.211
3.629
3.639
4.433
4.57
4.98
4.204
4.211
3.523
4.293
4.737
3.985
3.944
4.955
3.969
4.137
4.928
3.754
5.162
4.269
5.456
4.19
4.253
4.821
4.244
4.334
3.419
3.179
2.578
3.555
4.124
3.504
3.957
3.961
4.422
4.464
3.98
4.228
3.356
4.673
4.467
4.976
3.344
4.967
4.098
4.442
3.028
3.997
3.181
3.496
3.413
3.222
5.079
6.722
3.732
4.149
3.913
3.92
5.215
5.378
4.229
3.898
4.063
3.451
3.575
3.749
4.904
4.764
2.994
4.051
4.108
4.809
4.439
4.256
7.607
5.819
3.387
3.539
3.383
3.12
4342.888
3.656
4.181
4.619
3.606
2.986
4.865
3.51
4.466
3.262
4.27
3.316
4.909
2.559
3.899
3.952
4.989
3.571
4.473
3.865
3.559
3.974
4.819
3.694
4.015
5.242
4.542
3.806
3.427
4.486
3.781
4.481
3.701
3.521
4.141
4.351
3.825
4.59
3.657
3.596
33.819
4.172
3.459
4.406
3.464
3.929
4.064
5.136
4.807
4.261
4.265
3.958
3.686
4.393
4.632
3.757
5.172
4.047
4.832
4.341
5.573
4.48
3.859
4.06
4.768
4.493
3.853
3.845
3.029
3.639
3.88
3.535
4.914
3.912
4.425
3.751
4.544
2.944
4.385
3.588
4.348
4.32
4.656
4.18
3.997
4.757
5.126
3.614
4.188
4.835
4.377
3.994
3.696
4.975
3.321
2.291
3.54
3.196
2.163
3.033
2.518
2.785
3.301
4.335
4.36
3.886
4.688
4.629
3.612
2.732
3.52
2.981
4.287
4.27
3.829
3.69
4.129
3.935
3.93
4.643
4.363
4.316
4.019
3.628
2.867
4.61
3.417
3.767
3.338
7.631
4.742
3.406
4.229
2.131
4.662
4.014
4.085
4.177
3.969
3.66
4.212
2039.393
4.531
3.752
1920.618
4.358
3.999
4.323
3195.362
4.163
3.859
3.9
4.037
4.335
4.418
4.015
4.764
4.433
4.793
3.954
4.174
3.915
4.807
4.512
4.141
4.058
5.201
4.078
3.9
3.922
3.978
3.981
10.372
3.928
3.733
4.589
3.726
4.702
3.103
4.744
4.382
4.856
3.695
3.639
3.581
4.331
4.106
4.377
3.628
3.378
4.043
3.717
4.744
4.572
4.935
4.477
4.135
3.725
7.067
5.134
4.724
4.658
4.0
4.313
4.325
4.076
3.951
4.571
4.026
4.161
4.603
4.053
3.899
4.181
4.392
3.683
4.504
4.812
4.051
3.508
4.099
5.363
3.997
3.439
4.387
4.346
4.211
4.253
4.263
4.551
3.973
4.011
4.038
3.41
4.582
4.028
3283.963
4.349
2.626
3.851
3.821
4.507
4.624
3.601
4.094
4.428
4.175
4.862
4.32
3.649
4.672
4.862
4.677
3.991
4.168
4.76
4.292
3.725
4.61
3.441
4.53
3.503
5.148
3.714
4.782
3.46
3.644
4.087
4.303
3.251
4.312
3.109
3.382
3.866
3.203
3.686
5.882
3.32
3.906
4.455
3.916
3.175
4.683
2441.859
5.258
4.597
4.521
4.144
5.305
4.31
4.958
4.549
4.464
7.003
4.056
2.085
3.842
3.21
4.623
4.095
3.348
4.125
4.793
3.592
4.224
3.617
3.715
4.64
4.258
4.996
4.469
2.91
2.891
3.044
1138.473
2.745
3.786
3.51
2.593
4.349
3.948
5.29
6.092
4.6
4.511
4.293
3.716
5.097
4.836
3.568
4.191
4.513
3.711
3.935
6.489
3.538
3.241
3.941
3.624
4.483
4.294
4.0
4.83
5.211
4.049
3.99
4.055
3.359
4.05
4.087
4.802
2078.377
3.543
4.221
4.616
3.663
4.144
3.729
4.663
4.349
4.097
3.497
4.21
3.56
4.013
3.435
3.913
4.951
4.583
3.878
3.443
4.378
4.904
3.653
4.241
4.051
3.909
1872.369
4.16
3.528
5.375
4.579
5.118
4.984
4.917
4.243
4.071
4.341
4.758
4.221
3.918
4.198
5.046
4.271
4.631
4.815
4.344
4.344
4.942
4.29
4.899
4.2
3.725
5.242
2.723
2912.517
4.141
4.896
4.112
5.048
4.424
4.144
4.469
4.149
4.899
4.559
4.34
4.506
4.047
4.216
3.697
4.146
3.599
4.032
3.427
2.831
2.85
4.25
3.632
3.677
3.41
3.875
4.171
3.642
4.511
3.987
3.878
3.583
3.462
3.899
1.699
1.994
3.901
4.18
1.757
4.098
3.415
3.217
2.35
3.844
3.45
3.355
4.443
4.321
4.725
2.735
4.686
3.977
4.406
4.224
4.043
4.349
3.88
3.325
4.004
3.722
3.692
2005.797
3.737
4.197
4.993
4.149
3.962
4.795
4.231
4.023
4.022
4.074
4.259
4.024
3.977
4.307
3.613
5.278
4.0
3.538
1997.908
5.202
3.822
4.231
4.516
4.199
78.544
3.514
3.996
3.583
3.75
3.648
4.648
4.852
4.228
3.911
4.489
3.382
5.079
4.673
4.47
3.945
3.598
4.153
4.02
2.672
3.778
4.85
4.783
4.498
4.796
3.116
4.373
3.273
4.146
4.179
4.027
4.601
3.938
4.085
3.782
4.327
3.668
4.194
4.034
3.781
4.431
4.259
4.717
3.761
4.287
4.63
4.085
4.305
1955.448
4.294
4.964
4.692
4.493
4.41
4.727
7.536
1986.461
4.016
3.862
4.59
3.89
4.519
3.801
4.365
4.242
4.447
4.742
3.882
3.58
4.713
3.615
4.725
4.29
3.815
4.916
4.348
3.572
3.819
3.476
3.549
1908.726
4.991
3.421
3.709
4.519
4.5
3.897
3.727
4.401
4.332
4.414
4.334
4.861
3.946
4.371
3.282
3.831
4.592
4.456
4.646
4.708
4.377
4.251
4.855
4.291
3.627
4.3
4.905
2.905
4.938
4.353
2.822
3.212
3.747
4.599
4.528
4.218
2.851
4.461
3.795
3.958
4.056
4.69
3.869
4.576
4.154
4.304
4.511
4.276
4.325
4.065
4.126
16.97
4.938
4.559
4.744
2023.258
4.786
4.566
4.338
4.347
4.102
3.846
4.482
3.949
4.622
3.658
3.505
4.346
3.696
4.07
3.601
4.92
4.278
3.962
4.612
3.695
5.01
3.642
4.552
3.744
4.092
4.089
4.096
3.829
4.712
4.084
4.199
4.75
4.68
4.351
4.382
4.711
4.145
3.049
3.666
3.789
4.828
4.024
4.328
4.779
4.183
4.166
3.799
4.546
4.394
4.033
4.418
4.759
4.647
4.446
4.098
3.641
4.039
4.337
4.274
3.691
5.114
3.684
3.008
4.858
5.308
3.875
3.941
3.449
2.995
4.154
3.061
3.468
3.904
5.709
4.635
4.415
4.202
4.043
4.564
4.846
3.592
4.179
3.565
3.887
3.54
3.732
4.45
4.188
4.111
6.55
4.414
4.742
4.352
4.15
3.934
4.065
4.515
4.412
3.469
4.683
3.881
4.641
3.279
4.129
3.98
4.46
6.097
5.048
2066.063
5.568
5.332
7.024
5.499
34.568
3.407
3.145
2.067
3.083
2.855
4.376
3.904
69.097
4.063
4.043
4.294
3.825
4.309
4.678
4.303
1028.21
4.909
4.512
5.801
7.43
5.053
5.214
4.68
5.071
5.436
5.056
4.976
5.625
4.259
5.759
5.365
5.159
4.947
5.221
5.467
3.714
5.157
8.312
4.215
4.647
3.05
4.768
3.817
3.602
4.366
3.291
3.711
3.849
4.098
3.695
3.323
3.29
3.907
3.92
4.596
4.929
4.183
4.479
3.837
3.476
4.573
4.338
4.61
3.774
3.371
3.051
3.888
3.956
3.957
3.812
3.311
12.275
3.725
2.958
4.062
3.215
3.291
3.561
2.922
2.606
3.478
4.535
2.697
3.653
4.473
3.744
3.796
4.774
4.385
3.215
3.565
4.691
4.318
4.038
4.196
4.255
4.286
3.725
4.247
4.026
4.675
4.449
3.963
3.344
3.524
4.833
4.207
3.594
4.615
3.719
3.4
2131.033
4.797
4.033
5.022
4.596
3.81
3.502
4.709
3.675
4.386
3.937
3.82
3.732
3.801
4.717
3.872
4.232
3.846
3.435
3.781
4.416
3.625
4.297
4.32
3.473
4.706
4.434
3.732
4.367
4.649
5.059
3.302
3.44
3.72
3.834
4.488
3.646
4.188
3.674
4.242
4.07
4.422
3.753
3.431
4.283
4.629
3.782
3.832
3.9
4.325
3.128
4.578
2.886
3.908
4.493
2.44
3.833
4.618
3.424
3.502
3.305
4.375
3.794
3.344
4.537
3.644
4.169
3.606
3.93
4.554
4.712
4.599
4.661
4.683
4.327
4.152
4.361
4.316
4.607
3.722
4.286
4.016
3.861
4.019
3.648
4.366
4.856
3.812
3.918
3.824
4.514
4.258
4.325
3.811
7.933
2211.245
4.163
3.694
5.216
3.895
4.029
3.53
3.331
3.647
3.69
4.045
3.932
4.901
4.67
4.732
4.304
4.918
3.275
2.588
5.001
4.013
4.672
4.754
4.229
3.956
8.83
5.12
3.772
5.142
3.317
4.695
3.589
4.595
3.858
2.777
4.924
3.433
4.661
3.998
4.399
4.547
4.18
6.484
1875.437
4.219
3.892
4.937
4.659
79.164
5.199
4.467
4.567
4.324
4.107
4.794
2.481
3.809
4.775
3.696
4.238
4.693
4.92
1909.381
3.308
4.326
3121.351
3.405
4.125
4.453
4.406
4.777
4.618
3.798
3.679
3.643
3.413
2.992
3.777
4.011
4.139
3.77
2.991
4.769
4.233
4.032
4.925
4.492
4.468
4.752
4.231
4.1
3.941
3.715
3.326
3.906
2.291
4.703
3.461
3.962
3.785
4.402
4.244
4.575
4.782
4.131
4.278
4.613
3.117
4.732
1017.319
3.861
4.156
4.26
3.784
4.963
3.775
4.62
4.906
5.045
8.333
3.288
3.884
3.805
2.983
3.535
3.301
3.185
2.719
3.837
3.341
3.674
4.737
4.702
4.501
4.479
3.849
5.032
5.256
4.037
3.463
2.491
4.684
4.335
4.645
3.872
4.881
3.485
4.117
3.456
5.71
4.453
4.987
2092.649
4.96
4.727
3.987
5.234
5.406
4.294
6.58
4.774
4.683
3.899
4.561
4.221
5.123
4.289
3.939
4.196
3.686
3.675
3.853
2006.956
3.914
4.871
3.92
3.936
5.521
4.833
3.609
7.283
4.706
3.654
4.441
5.226
6.531
4.505
4.398
5.008
4.139
4.216
3.568
3.8
4.214
3.965
3.96
4.513
2.853
4.269
4.613
4.844
5.063
4.871
3.55
4.217
5.198
4.643
7.3
4.083
4.784
3.465
2059.762
3.349
3.809
4.107
4.428
3.442
4.305
4.063
3.294
3.02
4.886
4.067
3.826
3.599
4.155
6.831
3.582
4.753
1971.283
5.339
3.754
3.27
4.236
3.961
4.093
3.737
4.449
3.238
4.446
4.492
3.803
3.844
4.663
34.31
3.965
3.852
5.114
4.626
3.583
4.499
3.867
79.241
4.734
3.948
3.585
5.046
4.125
4.579
4.599
3.81
3.693
4.687
4.943
3.786
3.535
4.202
4.499
2022.092
4.332
4.564
3.554
4.038
4.428
3.519
3.971
4.289
3.301
4.188
3.744
4.871
78.923
3.521
4.064
3.522
4.871
4.103
4.255
3.024
3.885
4.828
3.463
3.991
4.849
3.656
4.651
4.725
7.035
4.313
3.548
3.873
3.838
4.224
4.365
4.046
4.066
4.299
4.393
3.811
3.762
4.727
3.629
3.846
4.192
3.737
4.243
3.554
3.881
4.115
4.06
3.412
3.003
4.001
5.0
4.133
3.881
4.63
4.018
4.202
4.556
3.979
4.902
4.863
4.409
4.114
3.917
4.26
4.462
4.618
5.287
4.285
4.388
4.153
4.188
5.147
4.065
4.081
3.87
3.814
5.183
3.694
3.645
4.295
4.18
3.863
4.814
4.011
4.657
5.156
4.337
3.715
4.814
4.691
4.547
4.522
4.85
4.651
4.356
4.659
3.704
4.721
4.381
4.138
3.741
3.501
4.351
4.545
4.709
4.313
6.031
3.904
92.287
4.114
4.411
3.463
3.85
3.726
4.309
3.643
4.255
3.523
5.152
3.906
4.593
3.833
3.5
4.589
4.799
3.754
6.187
4.075
3.293
4.075
4.734
3.394
4.242
5.315
3.897
4.178
4.405
3.919
5.099
3.699
5.529
3.937
4.81
4.342
3.954
4.689
4.76
3.552
3.621
4.126
5.099
6.722
4.369
4.697
4.394
4.681
5.045
4.141
5.363
3.721
4.314
4.991
3.924
3.58
4.021
3.844
4.131
3.766
4.799
4.807
4.998
4.521
5.064
4.783
4.151
3.72
4.209
4.539
3.63
4.469
3.823
4.779
4.625
4.47
4.148
3.885
3.529
3.409
4.827
3.632
4.182
4.581
3.586
3.481
3.691
4.043
3.635
4.686
4.322
3.961
4.962
4.09
3.546
4.531
4.316
4.109
4.465
4.02
4.093
4.911
4.706
4.274
3.997
4.868
4.605
4.649
5.047
6.668
4.305
3.811
3.886
3.83
4.137
4.948
4.88
4.411
4.048
4.566
4.441
3.739
3.505
3.852
4.356
3.754
3.888
4.947
3.759
4.511
9.809
4.636
2.938
4.314
4.387
3.715
4.2
4.826
4.013
4.429
4.228
4.546
3.952
5.259
3.855
3.829
3.689
3.735
3.666
3.815
4.681
4.404
3.944
3.957
5.787
4.852
4.465
4.385
4.136
4.87
3.99
3.93
3.579
3.89
4.759
4.203
4.015
4.266
4.758
4.919
4.275
28.337
4.801
3.959
4.418
4.889
3.932
3.817
3.4
3.127
4.06
4.02
5.231
4.286
3.943
4.282
4.473
23.138
4.027
4.237
4.253
3.882
4.887
4.709
4.507
4.567
3.991
3.898
4.105
4.641
3.804
4.174
5.532
4.186
4.229
3.688
4.162
3.569
3.437
4.536
4.109
3.978
4.275
4.439
3.685
3.668
4.64
3.704
5.067
4.34
4.38
4.509
4.743
2.722
4.605
4.836
3.827
4.427
3.67
4.114
3.713
6.479
4.958
4.197
4.563
4.367
3.973
3.914
3.97
3.924
3.927
4.248
3.894
5.013
4.52
4.748
4.138
4.335
4.301
4.212
4.562
10.432
2.728
4.129
4.226
3.721
3.555
4.155
4.152
4.863
4.414
5.062
4.153
4.11
3.92
3.581
4.477
3.266
4.244
4.426
4.352
4.236
4.693
4.094
3.507
3.559
3.524
4.673
4.109
3.901
4.636
4.174
4.993
3.673
3.971
5.166
4.582
3.88
4.654
3.533
4.195
4.204
3.692
3.668
3.614
3.947
3.625
3.486
3.585
3.462
3.633
3.648
3.695
3.83
4.743
4.318
4.405
3.677
2.998
3.91
4.707
4.771
4.062
4.216
4.28
4.986
4.574
3.907
6.249
3.767
3.887
79.983
4.653
4.891
6.437
3.39
3.469
3.663
4.855
4.014
3.714
4.562
3.978
3.59
5.105
4.492
3.69
3.685
3.991
3.932
4.997
4.566
4.368
3.807
4.812
5.181
3.716
4.91
3.865
3.66
3.725
4.321
4.154
3.699
3.534
4.848
3.908
3.556
4.682
4.821
3.895
4.149
4.039
5.057
4.878
81.961
4.473
5.018
3.942
4.222
5.079
4.456
4.346
4.636
4.042
4.164
3.446
4.269
3.583
3.568
4.634
3.793
5.035
3.805
3.741
4.236
3.592
4.289
4.316
4.617
4.354
6.479
4.063
3.488
4.075
3.937
4.886
4.174
4.531
4.337
4.069
4.727
4.945
4.4
3.631
4.105
4.022
3.802
4.354
4.211
3.697
4.535
4.0
4.962
4.574
2.68
3.548
3.445
4.37
4.669
4.528
3.469
3.825
4.667
2.668
4.978
3.795
4.999
4.178
6.752
5.695
5.304
5.519
4.207
6.541
4.014
6.157
5.809
5.639
5.028
4.942
4.924
5.891
4.884
4.68
1901.034
6.36
5.472
5.2
4.926
5.179
4.733
4.674
3.989
4.006
4.749
4.726
3.448
4.296
3.673
3.676
4.218
4.463
4.412
4.396
4.543
3.987
4.998
3.42
4.474
4.108
4.178
4.137
3.893
2558.802
4.808
4.568
4.091
4.153
3.873
3.991
4.021
3.827
4.397
4.823
4.308
4.412
6.281
5.089
4.474
4.517
4.495
4.278
3.761
3.952
4.624
3.8
4.066
4.721
4.534
3.798
4.757
3.835
3.911
3.62
3.883
3.629
4.932
4.899
4.663
4.212
4.041
3.796
3.967
3.762
4.796
4.35
3.872
3.803
3.858
4.584
3.841
4.494
4.955
4.289
4.701
4.212
3.67
3.933
3.884
4.068
3.448
5.017
5.136
5.042
4.058
4.136
4.816
4.956
6.497
4.944
4.052
3.702
3.573
3.881
4.418
3.584
3.586
5.137
4.46
3.603
4.253
3.725
4.904
3.654
3.559
4.606
7.571
3.415
3.599
3.182
4.032
4.831
5.262
2.825
3.923
3.927
4.151
5.235
4.459
4.215
3.669
4.906
4.275
4.088
3.745
4.807
4.398
4.202
3.927
4.321
4.442
4.179
3.724
4.213
3.786
4.738
3.647
3.864
4.785
3.799
4.014
4.558
3.911
3.711
4.106
3.939
3.358
3.396
3.735
3.94
4.341
4.617
4.896
4.667
3.966
4.468
4.589
5.166
3.842
3.704
3.803
4.183
3.833
3.997
4.843
4.449
3.823
4.01
4.508
3.614
4.924
4.567
3.948
4.703
3.82
4.907
3.985
5.237
4.449
6.355
4.949
4.564
3.897
4.987
5.063
3.767
3.883
4.449
4.228
4.635
4.605
4.353
4.357
4.672
5.018
4.175
3.902
3.862
4.193
4.944
4.484
4.555
4.282
3.781
4.575
3.865
3.924
3.107
3.218
4.07
5.111
4.352
4.498
4.136
1007.707
4.181
4.172
4.111
35.825
3.737
3.858
4.334
5.021
4.501
4.934
4.392
4.297
4.596
4.259
3.531
4.765
4.161
4.522
3.121
3.975
4.109
3.517
3.491
4.772
4.45
4.891
4.081
4.677
4.377
3.246
4.592
4.364
4.766
3.423
2.957
3.933
3.397
3.408
3.89
3.594
3.646
3.581
3.347
4.24
3.971
3.51
4.539
4.208
3.518
4.452
5.057
4.665
3.976
4.5
8.554
3.799
3.987
4.4
4.663
3.595
3.628
3.437
4.223
3.805
4.421
3.64
3.387
3.565
2.664
4.165
4.295
4.184
4.806
4.844
4.49
3.773
5.088
4.245
4.335
3.687
4.142
3.725
4.282
5.285
4.003
4.587
3.692
4.081
3.836
4.499
4.165
3.612
4.406
4.732
4.203
3.925
4.435
4.172
4.278
4.292
4.123
5.001
4.659
4.02
4.149
4.431
5.619
3.959
4.057
4.619
4.532
4.358
4.643
4.009
4.213
4.024
4.245
3.916
4.323
4.002
4.865
5.081
4.178
4.437
4.547
4.072
4.38
4.418
3.827
3.257
4.282
3.703
4.7
4.1
3.644
4.351
4.774
4.317
3.928
4.239
5.535
3.956
4.699
3.743
4.179
4.949
4.17
4.225
4.281
4.896
4.355
4.435
4.827
4.453
4.168
3.575
3.894
4.295
5.218
4.527
5.134
4.264
3.36
4.675
4.399
3.837
5.023
4.814
4.819
5.666
5.793
5.188
6.309
5.569
4.904
4.943
4.578
4.939
5.815
4.469
4.959
4.039
4.174
4.169
4.717
4.965
4.338
4.025
4.81
4.183
5.563
4.875
4.664
3.922
4.673
5.233
4.626
4.673
4.445
4.408
4.097
4.217
6.115
3.986
4.901
5.101
5.256
4.535
4.488
3.982
4.123
4.822
4.558
4.041
4.538
4.709
4.566
4.3
4.975
4.275
4.955
4.504
4.685
5.486
8.776
4.748
3.816
4.851
5.173
4.601
7.204
7.368
4.141
5.37
3.758
5.931
5.202
5.268
4.9
9.521
4.505
4.495
81.849
4.749
5.225
5.021
4.601
3.768
3.85
4.147
5.407
3.672
4.591
4.703
2.942
3.659
4.555
4.595
3.118
3.971
4.397
4.204
4.044
5.03
4.858
4.749
3.146
4.26
4.876
4.678
4.489
4.518
3.605
5.172
4.682
4.233
3.831
4.717
3.916
3.679
4.304
4.645
4.197
4.04
4.079
3.821
4.286
4.466
4.541
3.671
3.969
3.818
3.39
4.264
2015.681
4.985
4.27
3.821
4.829
3.838
4.172
4.272
3.936
4.496
4.056
3.873
4.077
3.957
3.959
4.874
6.765
4.546
4.604
4.239
4.099
4.706
4.109
4.317
4.387
4.241
5.47
4.387
5.385
4.29
4.848
4.559
4.728
4.247
4.016
4.979
3.848
4.0
3.605
4.229
4.693
4.587
4.385
3.955
3.761
4.153
4.677
4.48
4.145
4.732
4.606
3.806
4.204
4.465
4.051
4.511
4.538
4.223
3.266
3.881
4.606
4.928
4.296
3.962
4.014
3.579
3.931
4.323
4.262
4.477
4.65
4.116
4.759
3.802
3.795
4.813
4.306
4.184
2013.315
5.058
3.58
10.603
3.913
4.918
4.802
3.937
4.668
3.64
4.438
4.018
4.388
4.518
4.513
4.202
4.815
4.554
5.124
4.081
4.126
4.558
4.67
4.177
3.955
3.454
3.606
4.557
3.987
4.103
3.636
4.903
4.884
4.171
3.945
4.788
4.54
4.463
4.14
4.46
4.127
4.131
4.23
5.031
4.595
4.714
2.643
4.684
4.331
3.743
4.257
4.796
4.184
4.609
4.542
4.156
4.509
3.466
3.739
3.523
4.053
4.998
4.654
4.337
4.39
3.785
3.552
4.384
4.466
4.408
3.91
4.828
4.843
4.664
4.114
4.806
3.989
5.808
4.972
4.252
4.332
4.263
4.375
4.064
3.996
4.59
4.255
4.913
5.393
4.387
5.008
4.147
5.018
4.672
4.33
4.485
4.19
3.978
4.066
3.648
4.673
4.61
4.876
3.806
4.692
4.858
4.308
77.253
3.817
4.597
3.598
3.655
4.678
4.58
4.094
4.987
3.876
3.654
4.877
4.951
3.641
4.009
3.968
3.67
4.187
4.495
4.176
4.67
4.154
4.812
4.944
4.258
4.16
3.508
4.761
3.818
3.618
4.05
3.454
4.943
3.952
4.97
4.896
4.874
4.649
4.485
4.228
4.137
3.754
4.767
4.676
4.175
4.489
4.839
4.193
4.899
4.094
6.107
4.493
4.469
4.078
3.791
3.681
3.401
5.364
4.731
4.233
4.089
4.833
4.574
4.713
5.135
4.822
3.988
3.32
3.709
4.215
3.51
3.684
3.281
2.723
3.584
3.033
3.781
4.354
4.493
3.879
3.573
3.913
3.529
3.952
3.973
3.387
3.787
5.007
4.498
4.259
4.763
4.058
3.716
4.18
4.032
4.694
3.965
3.399
3.738
2039.206
4.559
3.846
4.048
4.157
4.452
4.095
4.107
4.591
4.39
3.9
5.347
4.755
4.054
4.037
4.078
3.852
3.939
4.062
4.786
4.488
4.404
6.69
4.985
3.912
2.153
2.888
4.504
3.917
7.516
4.27
27.612
4.776
4.42
3.723
4.396
4.913
4.016
3.337
3.192
4.505
3.447
2.858
4.328
4.707
4.51
3.471
3.424
4.691
3.911
4.796
3.793
3.756
4.43
4.587
4.436
4.272
3.431
3.116
3.663
3.601
2.999
4.438
4.518
2.895
4.088
4.004
3.759
3.866
1528.699
5.021
4.117
3.713
3.17
4.436
4.511
3.91
3.875
3.577
4.187
4.29
4.949
4.275
4.699
3.46
4.64
3.848
4.178
4.854
4.495
3.857
4.64
4.423
4.211
3.791
4.593
5.177
4.906
3.966
3.73
6.805
4.512
7.357
4.331
3.822
3.907
3.651
3.684
4.671
4.354
4.273
3.138
4.415
3.189
2.742
4.309
4.588
3.773
4.788
4.404
4.64
4.581
4.286
3.703
3.991
3.667
5.047
3.613
5.141
4.131
966.991
6660.055
6735.065
6814.266
6546.524
6789.427
8368.039
7949.266
8123.509
7730.8
8719.941
8044.104
8539.53
8444.317
9735.73
8763.981
9.297
5.199
4.628
4.127
3.781
3.999
5.104
4.025
4.512
4.914
3.32
3.931
3.549
4.845
6.294
4.72
4.102
98.6
5.057
4.492
4.362
4.969
1895.885
5.81
5.96
5.568
4.89
7.887
5.395
5.104
5.18
79.976
5.257
4.72
4.337
4.272
4.406
5.333
3.037
4.225
4.904
4.312
4.056
5.028
5.359
5.19
5.206
4.8
4.843
5.044
8.649
5.632
3.769
5.021
5.268
5.61
5.112
4.838
5.351
5.31
4.096
4.632
3.801
4.427
4.367
4.604
4.183
4.847
3.959
4.929
2098.327
4.379
4.254
4.102
3.892
4.939
5.759
7.015
6.37
5.996
5.766
5.484
5.28
3.747
3.99
4.652
5.082
5.14
5.394
5.789
4.653
4.055
2304.904
4.509
4.155
2393.696
4.345
4.731
5.275
4.215
4.283
4.344
3.925
4.625
2.556
3.598
4.291
3.647
4.537
3.933
4.277
4.279
4.68
4.765
5.27
4.91
4.584
4.674
4.053
4.992
4.775
2.939
4.821
3.682
3.233
3.254
4.605
5.1
5.631
4.936
6.147
7.531
4.823
4.899
4.535
4.943
4.81
5.582
5.477
5.829
6.194
5.972
5.552
4.987
6.08
4.036
2397.98
2325.256
2037.477
2419.027
6.593
4.317
5.361
5.838
6.455
5.931
6.228
6.327
5.972
5.087
5.775
5.56
6.679
5.394
6.231
2318.243
4.719
5.686
7.205
5.503
7.048
7.297
5.92
6.32
6.571
4.217
6.053
5.462
5.04
5.305
6.15
6.579
5.422
7.072
5.727
6.883
5.293
9.498
6.642
2402.224
2295.415
2391.458
2293.512
11.629
6.874
6.581
6.649
6.132
7.436
6.791
6.208
6.682
2594.746
5.511
5.871
9.209
5.043
4.483
4.213
6.105
3.949
7.152
6.664
2411.344
1484.242
2004.391
2102.701
1716.299
792.217
2070.686
2072.227
1576.234
101.459
6.494
6.21
6.096
5.987
7.803
6.146
5.367
6.593
5.532
5.901
3.73
36.505
36.582
4.777
4.817
5.6
5.536
5.984
7.612
6.572
6.572
6.876
6.869
6.919
5.983
5.582
6.12
6.786
6.407
5.467
6.321
5.838
43.881
6.393
6.586
6.544
7.188
6.469
7.254
7.133
6.771
2609.2
22.672
5.682
4.993
5.12
5.427
4.734
5.057
5.143
5.704
7.002
5.013
5.599
5.073
2034.73
4.932
5.075
5.452
5.132
4.086
4.778
4.787
3.96
5.404
6.995
5.15
3.782
4.905
5.351
5.082
5.753
5.591
5.559
4.662
1916.151
2323.584
1941.783
5.618
5.995
4.777
4.857
4.554
4.216
4.56
5.184
4.152
4.697
4.797
3.071
4.473
4.46
5.063
4.746
5.319
5.005
4.836
4.825
5.021
4.528
4.89
4.193
4.017
3.642
4.427
6.888
3.592
5.529
4.757
4.597
4.895
4.747
4.711
4.78
4.956
5.308
4.074
5.177
4.722
5.152
4.422
5.852
4.521
5.876
5.949
5.444
4.705
4.965
5.575
5.634
5.437
4.839
5.079
5.082
5.625
4.829
6.059
6.06
5.377
1894.632
2314.84
6.218
5.028
5.334
5.981
4.836
5.059
5.408
5.645
8.097
5.971
5.125
5.269
4.871
5.571
4.603
5.18
4.392
4.433
4.761
4.496
4.603
5.875
4.433
4.561
5.902
5.113
3.302
5.491
2.944
4.575
4.58
4.835
6.231
3.82
4.73
5.449
5.181
4.412
5.043
3.922
4.349
5.22
4.785
4.913
5.177
5.291
5.912
5.571
5.351
6.243
5.096
3.863
4.38
4.836
6.869
4.71
6.438
13.029
5.881
5.994
4.369
6.76
5.197
4.505
5.495
5.007
4.964
6.073
5.66
6.001
1829.853
4.38
4.475
2437.722
5.354
5.913
4.7
5.737
5.302
4.797
6.006
4.265
5.814
4.696
5.34
5.939
5.152
2168.614
4.258
4.169
4.225
4.278
6.091
5.137
5.651
4.809
4.381
4.216
4.587
4.664
5.749
5.526
6.659
5.775
5.656
4.773
4.483
4.66
5.208
4.631
5.62
3.911
6.407
5.579
5.008
5.762
6.17
4.514
4.445
4.944
5.383
1995.177
5.599
5.14
6.429
5.876
4.528
4.892
5.163
4.672
6.056
5.843
5.279
6.398
6.064
5.746
4.589
3.338
2254.207
4.75
6.27
4.515
5.202
2011.624
5.776
6.23
6.472
5.235
10.085
6.108
6.162
5.354
4.46
6.154
5.601
6.182
6.179
4.967
5.739
5.916
7.402
6.408
5.819
6.637
7.145
6.087
7.121
5.497
7.01
6.717
6.507
6.427
6.897
7.282
7.35
6.225
6.506
6.363
11.075
6.287
7.607
7.319
7.453
6.746
6.73
6.514
6.734
6.904
6.678
6.693
4.794
6.767
8.809
7.315
6.528
6.052
6.064
5.77
6.682
6.444
2620.467
6.511
6.022
7.028
4.855
7.441
6.636
6.55
6.224
6.195
6.244
5.674
6.184
2525.499
5.835
97.995
5.825
6.012
6.719
5.072
6.882
6.111
5.539
5.465
7.089
6.625
7.081
8.461
6.801
7.258
6.147
6.871
7.045
7.779
6.955
7.114
7.021
5.856
7.281
10.917
6.841
7.186
5.643
5.841
6.674
5.536
6.77
7.01
6.771
6.696
5.992
5.55
5.222
5.823
4.515
5.969
4.829
5.271
5.497
6.449
5.524
4.974
2479.435
5.572
5.254
5.592
5.417
5.994
2637.36
5.508
5.329
4.55
5.175
5.379
8.948
5.956
4.546
4.888
4.907
5.935
3.482
4.513
5.081
4.855
5.635
4.918
5.47
4.743
4.848
4.825
4.506
4.619
7.117
4.35
4.822
4.582
5.133
4.471
4.695
5.023
4.558
4.64
5.814
4.652
4.442
4.086
6.131
6.899
2.963
4.421
3.081
4.087
3.766
5.626
4.29
5.673
5.445
4.663
5.47
5.296
5.333
5.106
4.602
5.403
5.74
1401.6
640.075
5.988
5.156
5.796
5.767
5.116
5.04
1611.794
5.819
4.612
4.925
4.906
4.614
5.988
6.212
5.26
5.67
4.839
5.664
4.727
5.496
5.494
4.958
4.811
6.05
5.011
5.356
5.37
4.936
5.162
5.665
4.848
4.545
10.576
3.606
3.731
4.738
2.908
4.925
3.542
5.281
6.636
3.416
4.497
4.46
5.968
5.125
4.806
5.085
5.02
5.16
5.432
5.833
5.194
5.192
4.98
5.35
4.55
4.348
4.736
6.82
5.343
4.505
4.703
4.844
5.283
5.18
4.404
4.67
4.402
6.261
6.119
5.933
4.357
5.126
5.564
4.378
4.446
4.368
5.393
3.639
4.819
5.323
5.286
5.733
5.495
5.31
6.431
4.673
6.212
3.876
3.616
4.919
3.115
5.298
5.749
5.561
5.666
5.729
6.286
4.602
6.23
6.383
4.972
5.554
4.966
4.414
6.177
4.73
5.26
5.53
4.556
2353.396
5.163
4.518
4.338
5.752
3.17
4.222
4.683
4.112
4.725
4.186
5.098
4.189
4.844
3.942
4.402
4.334
4.266
4.866
5.628
5.366
4.927
4.459
4.375
4.937
5.092
4.044
4.849
4.573
4.999
3.734
3.924
4.57
5.312
5.305
4.283
4.716
5.107
4.529
4.648
5.285
4.932
4.983
5.284
4.861
4.906
5.679
5.212
4.691
5.751
5.34
4.327
4.737
4.675
4.171
5.664
8.817
5.461
5.06
6.149
6.116
5.716
5.774
7.365
5.52
5.104
6.126
6.222
5.873
5.452
5.875
6.584
5.942
5.954
5.753
5.881
6.588
6.986
6.948
5.205
5.521
5.963
5.758
5.214
5.864
5.663
5.419
6.258
2340.322
6.549
5.081
5.163
5.328
5.192
5.853
4.846
5.582
4.182
4.75
5.461
7.098
6.817
5.91
5.492
5.713
6.622
4.948
4.44
5.007
3.513
4.678
5.244
4.285
3.606
5.401
4.886
5.553
5.515
4.552
4.779
4.955
5.005
4.82
4.904
4.661
4.482
4.203
4.443
2276.8
4.308
4.666
4.5
5.282
4.992
4.693
4.43
4.533
4.234
5.01
9.675
4.867
4.526
4.438
3.997
4.489
4.615
4.233
4.919
4.37
4.45
4.385
4.38
7.106
4.477
4.935
4.64
5.007
4.537
4.62
4.739
4.518
4.311
4.716
4.849
4.079
3.216
4.404
3.789
5.281
4.642
4.005
5.21
4.833
4.62
5.241
4.602
4.453
5.707
4.933
5.177
3.516
5.169
5.302
5.342
5.264
4.375
5.032
5.071
5.559
5.334
4.243
5.64
4.105
5.482
4.963
4.348
5.121
4.044
4.309
4.338
4.83
4.761
2082.384
4.619
5.181
4.368
4.32
4.819
4.137
4.431
3.996
4.268
4.575
3.951
4.793
3.631
4.066
3.835
4.839
5.011
4.658
4.353
4.612
4.367
4.425
4.416
4.854
4.913
4.488
3.98
4.828
4.396
4.001
4.378
4.251
4.451
4.78
4.499
4.772
4.529
4.943
4.177
4.34
5.057
3.783
4.665
4.118
5.037
4.636
4.555
4.375
4.948
4.148
4.65
5.219
4.478
5.06
3.826
3.981
3.686
4.035
5.063
4.561
4.75
4.162
4.278
4.717
3.965
4.555
4.492
6.08
4.356
4.179
4.797
4.583
4.679
4.259
4.908
4.727
4.406
4.155
4.107
4.738
4.261
4.901
4.178
4.783
4.524
5.362
4.705
4.077
4.529
4.798
4.974
5.018
4.754
4.824
4.555
4.491
4.633
4.569
4.57
5.052
4.693
5.007
4.055
5.123
4.237
6.474
5.777
4.402
6.485
4.96
5.681
4.634
6.612
4.761
4.291
5.572
3.555
4.914
6.017
4.388
5.639
5.469
4.324
3.797
3.9
1478.621
4.651
1558.876
1731.516
3.256
5.286
5.043
8.137
1831.108
5.307
4.731
4.638
4.634
5.274
5.382
4.204
4.449
4.493
4.711
4.734
5.176
4.857
5.869
4.008
5.788
5.29
4.187
5.603
5.938
4.473
6.268
4.841
5.1
3.853
5.747
5.555
4.884
5.131
4.439
4.803
4.871
5.311
5.648
5.529
5.236
4.393
4.758
4.933
5.2
5.525
5.27
5.301
4.279
5.018
4.674
4.512
4.03
6.195
2349.344
4.335
4.072
4.651
2290.342
6.155
4.932
4.415
4.85
4.334
3.822
4.102
4.434
3.951
4.408
4.163
4.431
4.442
4.497
4.381
4.672
4.779
4.791
4.719
4.475
3.879
4.359
4.659
4.726
4.214
4.414
4.598
4.022
3.604
3.651
3.896
3.766
4.62
4.488
3.931
5.204
6.885
4.769
4.003
4.466
4.281
4.885
4.33
4.794
3.665
4.059
4.253
4.302
4.285
3.908
4.601
4.056
4.583
4.569
4.745
4.728
4.125
3.844
4.008
4.684
3.552
4.213
4.52
4.107
3.632
3.943
4.264
4.173
5.589
4.043
4.059
3.552
4.594
4.621
3.98
4.678
4.433
4.131
5.133
4.969
4.453
3.811
4.438
4.619
4.686
4.497
4.925
4.117
4.622
3.871
4.714
3.401
4.636
5.083
4.121
5.195
5.133
4.038
5.026
3.677
5.424
4.733
4.202
5.499
5.223
4.59
4.349
5.476
4.463
5.229
5.388
4.34
5.014
4.427
4.993
7.889
3.749
4.819
5.157
7.964
4.699
4.597
5.276
4.812
5.237
5.648
96.686
5.32
4.918
5.329
5.489
5.455
4.047
5.26
2388.581
4.525
4.976
3.962
4.561
4.927
3.826
4.22
4.17
4.518
2193.277
4.384
4.13
4.659
4.53
4.787
4.44
4.114
4.243
4.17
4.389
4.531
4.703
4.528
4.16
5.019
5.001
6.835
4.583
4.803
5.443
4.369
4.355
3.972
3.902
5.077
4.491
4.832
4.167
4.567
4.597
4.28
4.813
4.485
4.883
5.306
5.036
4.752
4.4
4.54
4.643
5.473
4.96
4.947
6.284
4.69
4.705
4.524
4.85
4.899
4.3
3.927
5.428
4.638
4.703
4.825
5.074
5.141
5.348
5.19
4.946
4.096
4.957
4.813
4.617
4.597
4.94
1838.67
4.962
4.851
4.439
4.444
4.481
4.524
4.071
4.31
4.564
4.315
4.004
4.137
3.329
3.532
3.486
3.712
4.584
4.815
4.556
4.297
4.347
3.403
4.192
5.054
4.413
3.776
5.504
4.801
4.615
4.295
4.951
3.29
5.014
4.521
3.934
5.409
4.42
4.461
4.023
4.378
4.632
4.744
5.029
4.972
4.511
4.543
5.42
5.337
10.468
4.618
5.052
5.426
4.433
5.122
4.345
2487.111
4.919
4.842
5.326
4.251
5.474
5.909
4.542
4.882
4.619
5.317
4.506
4.714
5.206
4.442
4.863
4.767
4.656
5.101
4.353
3.997
6.132
4.805
3.863
4.458
4.618
2204.826
4.548
4.949
4.3
4.601
3.967
4.555
4.367
4.572
4.177
3.253
3.628
4.217
2.923
4.394
4.339
4.623
4.524
4.941
4.437
3.817
4.398
8.661
4.437
4.99
4.472
5.519
4.38
4.37
4.236
4.112
3.645
3.987
4.288
4.918
4.459
3.857
4.289
4.701
3.721
4.505
4.36
4.735
3.771
4.353
4.17
4.717
4.844
4.569
17.373
4.512
4.667
4.906
5.223
4.804
4.588
5.059
4.258
4.3
4.328
4.226
4.759
4.455
4.462
6.401
4.299
4.188
4.139
4.509
4.468
4.745
4.738
4.618
4.553
4.405
4.229
4.016
4.056
4.67
3.701
4.55
4.22
3.678
4.358
3.238
4.754
4.653
3.832
4.498
3.386
4.502
4.522
4.91
4.379
4.956
4.341
4.663
4.687
5.459
4.667
4.887
4.773
4.459
5.17
4.813
4.789
5.188
4.914
4.615
4.727
4.657
4.682
5.37
5.042
5.166
3.413
3.932
3.022
4.827
4.812
3.558
4.351
5.299
4.374
5.16
6.206
5.251
5.986
5.308
5.254
4.972
4.457
1978.932
2023.478
2080.07
2298.258
6.135
5.637
5.544
4.656
6.197
5.839
6.167
6.024
5.451
4.883
5.294
4.665
6.237
5.678
6.373
6.551
91.52
5.84
5.731
5.909
5.515
5.345
6.078
6.355
5.077
6.758
6.429
6.233
6.236
6.541
7.56
6.391
5.981
6.081
7.409
6.52
5.541
5.627
7.481
7.035
6.483
5.766
2536.882
6.861
6.123
5.37
5.044
5.167
5.43
5.22
5.15
5.244
4.641
5.174
4.627
5.326
4.773
5.09
4.997
5.146
5.337
5.133
5.069
4.359
4.031
4.441
3.808
3.738
3.92
4.523
4.308
4.507
3.492
4.768
4.402
4.55
4.244
3.913
4.479
4.441
4.54
4.471
4.336
4.63
4.638
4.549
4.109
7.046
4.349
4.527
4.778
4.562
4.315
4.031
4.788
4.471
5.682
4.222
4.976
4.649
4.374
4.941
4.755
4.24
4.333
4.332
4.757
4.475
4.411
4.449
4.432
4.37
4.151
3.7
4.696
4.466
3.514
3.68
4.249
4.307
4.257
4.366
4.374
4.353
4.422
4.465
4.369
4.534
3.733
3.983
4.882
3.988
3.834
4.442
5.94
4.369
4.684
4.282
6.957
3.028
3.978
6.253
3.899
3.513
3.891
3.57
3.722
3.932
3.807
3.633
4.343
3.155
3.003
2.718
3.404
3.598
4.605
4.777
4.259
4.398
4.487
3.789
3.902
5.016
4.303
4.264
4.235
4.413
4.354
3.95
35.915
4.014
5.12
4.312
3.575
3.686
3.301
4.395
4.666
4.306
4.305
4.719
1871.151
3.144
4.288
5.313
4.143
3.598
5.335
5.864
5.027
5.319
5.977
5.815
5.554
5.494
5.119
4.236
4.11
3.979
4.985
7.386
7.09
5.728
5.201
5.335
4.542
5.009
4.293
5.985
5.962
4.007
2129.805
4.945
4.687
5.315
3.842
2339.867
6.307
3.099
4.658
4.134
3.492
5.64
4.942
3.996
5.223
4.188
4.789
5.383
5.132
6.138
4.83
5.092
5.059
5.288
8.953
4.866
5.781
5.6
5.303
4.474
4.887
4.987
4.774
4.886
5.238
5.1
5.114
5.104
5.281
4.777
4.942
4.874
4.731
5.549
4.555
4.739
4.873
5.415
5.163
4.525
5.311
5.708
4.769
4.974
4.858
4.229
4.78
4.966
4.81
4.532
5.188
4.911
4.832
4.804
4.472
4.385
4.789
5.084
5.304
6.471
3.907
4.814
5.092
4.88
5.574
4.143
4.946
4.909
3.976
5.42
4.598
5.134
5.794
4.96
4.767
4.193
3.961
4.226
4.548
4.27
4.532
4.601
4.999
4.026
4.047
4.154
4.701
4.771
3.811
4.455
4.261
4.287
4.75
4.287
4.629
5.206
4.445
4.155
3.654
4.133
4.08
4.564
4.335
5.256
4.837
4.305
4.01
4.706
4.19
4.601
4.366
4.373
4.518
4.902
4.363
4.464
4.29
5.704
5.139
4.794
5.725
5.994
5.357
4.965
4.71
3.711
4.06
5.088
4.091
4.635
4.341
3.549
3.661
5.129
5.777
4.932
5.612
4.364
4.628
4.865
5.443
4.82
5.835
3.703
4.749
5.214
2072.197
5.014
4.297
3.686
3.901
5.448
4.561
4.168
5.66
4.881
4.317
5.357
6.351
5.65
5.505
2237.696
5.345
4.546
4.161
4.291
4.309
4.372
2013.257
4.305
4.248
4.502
3.906
4.638
4.417
4.968
4.282
4.951
4.481
9.58
5.353
4.287
5.216
5.484
4.241
95.841
4.242
4.183
4.212
4.287
4.589
4.374
5.052
4.133
92.738
5.107
4.095
3.485
3.389
3.539
5.045
5.234
5.021
6.097
5.595
5.693
4.839
5.071
5.612
5.301
7.834
4.784
5.025
5.076
4.276
3.786
4.686
4.485
5.81
4.679
5.074
5.83
7.892
3.751
5.272
5.02
5.603
5.814
5.138
4.723
7.72
2098.939
4.861
4.279
4.091
2194.15
4.648
4.79
4.25
4.163
5.266
4.506
4.771
5.234
5.207
4.296
4.341
5.127
4.318
4.949
4.793
5.296
1985.21
4.446
4.675
4.582
4.38
4.605
4.345
4.805
6.072
5.303
4.82
4.536
4.559
3.947
5.688
5.83
5.262
4.558
5.195
5.517
5.872
4.307
4.47
5.331
4.939
5.951
4.832
6.271
7.52
6.375
6.322
7.703
6.181
5.912
6.248
6.72
6.039
6.907
5.599
6.235
9.613
2315.674
6.129
2465.592
2317.344
2362.679
2474.932
6.271
6.236
5.187
5.63
4.604
4.491
4.332
5.355
4.636
5.428
5.125
5.22
4.867
4.61
4.718
4.796
5.059
5.733
4.775
5.115
5.486
5.392
5.555
4.948
4.743
5.14
5.421
4.514
5.09
4.43
4.526
5.132
5.035
4.853
4.594
4.461
5.473
4.408
4.756
3.824
4.02
4.334
4.448
3.255
4.632
4.215
3.947
4.567
4.011
4.375
4.612
4.5
4.908
4.494
4.161
4.621
4.077
3.735
4.951
5.059
4.639
4.275
4.753
4.364
4.533
4.509
4.831
4.434
4.181
4.292
4.045
2.722
4.718
12.427
4.794
4.628
5.011
4.004
3.75
4.432
3.58
2.12
4.398
4.103
2.691
4.683
4.913
4.732
4.338
4.327
3.567
4.494
4.784
4.525
6.63
4.577
4.445
4.342
5.217
4.403
4.935
4.45
4.576
3.782
4.596
4.132
5.098
4.549
4.257
4.151
5.041
4.768
6.59
4.348
4.324
3.902
4.485
4.064
4.584
4.94
4.013
4.296
2496.47
4.51
4.33
4.15
3.482
4.508
4.259
4.612
3.862
3.015
4.446
4.581
4.16
4.031
4.834
4.162
4.556
3.63
4.144
4.718
4.274
4.213
3.987
3.833
4.53
3.578
4.416
4.222
3.507
4.445
4.296
4.044
4.25
3.762
4.666
4.213
4.073
5.028
4.281
4.132
4.516
4.688
3.944
3.259
5.156
3.772
3.607
4.547
4.68
4.627
4.369
4.286
4.766
4.976
3.056
5.351
4.885
3.779
4.081
4.148
3.929
4.909
3.656
3.711
3.852
4.141
3.858
3.751
4.225
4.555
4.303
5.076
4.421
4.068
3.939
4.322
5.096
4.129
4.335
4.577
4.337
4.59
4.609
4.633
4.441
3.692
5.134
4.748
4.063
3.809
3.905
2.794
4.943
4.84
2.71
4.789
2.619
4.629
4.66
4.266
4.798
2.652
3.742
4.482
4.315
4.039
5.284
4.68
3.921
4.872
2.977
3.395
5.061
4.39
4.771
3.174
4.77
3.802
3.901
3.244
4.605
4.509
4.425
4.828
4.455
4.003
3.997
4.332
4.93
4.603
4.865
3.054
4.701
3.709
4.207
4.133
4.809
4.081
3.377
2.721
3.261
4.58
4.046
4.629
4.467
4.378
4.542
4.271
4.403
6.084
4.756
4.619
4.036
4.565
4.321
4.394
5.115
4.765
3.583
17.745
4.07
3.805
4.42
3.344
4.447
4.938
5.453
7.325
5.906
5.153
5.64
5.649
6.239
6.174
5.039
5.272
5.418
5.5
5.467
5.035
4.74
3.678
3.03
4.743
5.044
4.275
4.382
4.977
4.701
5.009
1762.813
5.242
4.12
4.181
3.872
4.805
4.658
4.783
4.503
3.147
3.248
5.437
5.294
6.131
5.283
5.497
5.509
3.951
3.386
3.702
5.507
5.33
4.93
5.743
4.175
4.705
4.308
4.389
5.458
3.56
4.261
3.314
3.72
4.659
3.896
4.415
1897.182
2.596
3.996
3.606
2055.067
3.525
4.452
3.7
5.558
5.937
5.417
1083.175
3390.581
5.192
4.619
5.617
4.858
5.464
3.739
5.083
4.558
5.153
4.786
4.892
10.279
5.423
5.286
3.746
5.102
5.367
5.949
5.182
5.589
4.95
5.215
4.996
5.47
4.662
5.393
6.357
4.841
5.313
9.775
6.193
6.007
5.123
4.285
4.469
5.365
4.517
6.186
4.449
3.902
4.966
5.001
4.232
5.043
6.034
7.188
6.821
5.863
5.364
5.745
5.432
7.742
6.084
7.352
6.861
6.952
6.779
6.5
6.582
5.271
5.893
6.505
4.979
3.448
5.736
5.819
6.68
6.668
6.018
119.496
5.881
2180.452
5.503
4.862
5.39
5.462
7.167
2283.209
6.777
2332.551
6.082
6.61
5.559
5.927
5.616
6.247
4.533
6.743
7.358
5.454
4.959
4.504
4.42
4.667
7.653
7.203
6.198
5.854
4.721
4.201
5.226
8.043
2145.032
5.206
3.596
4.648
6.061
4.593
5.475
5.981
6.642
7.177
6.762
2032.131
6.86
5.353
4.34
5.81
9.536
2121.698
6.419
2145.09
5.929
5.707
5.354
4.833
4.858
15.165
5.558
5.26
4.792
4.898
4.522
4.794
4.811
4.652
5.741
5.833
5.08
4.893
5.447
5.011
4.704
7.828
4.338
5.99
5.589
6.998
5.687
5.522
8.434
5.578
5.533
5.262
5.519
6.299
4.467
4.276
5.674
5.597
7.779
5.254
6.36
6.219
6.25
4.733
5.37
6.056
6.998
6.987
4.431
6.261
7.049
6.162
5.844
6.227
5.262
4.584
3.31
2372.447
3.765
4.647
4.735
6.578
4.429
6.959
6.669
5.373
6.481
6.336
6.567
5.84
6.051
2172.491
2130.135
4.769
4.632
5.093
5.074
4.026
5.536
3.617
3.411
5.087
4.789
4.973
5.619
5.199
5.069
2169.586
5.045
5.656
4.707
5.775
4.884
5.339
4.959
4.07
5.622
5.183
5.675
6.927
6.65
6.068
5.688
5.467
5.13
4.994
5.609
4.069
5.051
5.218
5.164
4.911
3.87
4.965
3806.449
5.56
4.773
5.016
5.487
4.463
5.261
5.217
4.923
4.707
5.044
5.585
4.97
6.22
5.196
5.063
4.842
5.02
4.658
3.954
5.522
8.713
5.605
5.845
5.533
3.852
5.052
3.532
4.615
5.436
6.847
5.861
3.64
4.922
4.874
3.939
4.99
3.537
5.514
4.814
4.621
5.356
4.578
3.66
5.108
3.759
4.565
5.101
4.675
4.9
5.174
4.872
4.988
3.765
3.154
5.817
6.261
5.17
5.219
3.807
5.44
5.128
9.31
4.626
3.653
5.473
5.099
3.998
4.126
5.357
5.637
3.662
4.676
4.433
5.055
4.481
3.814
4.458
4.213
3.688
4.436
3.482
4.46
4.894
3.17
3.882
4.925
4.059
4.579
4.369
4.639
3.81
4.562
4.71
3.401
4.082
3.979
3.3
4.051
3.469
3.993
4.722
4.031
3.474
3.691
3.162
4.987
9.225
4.473
3.198
4.118
3.13
4.187
3.961
4.913
4.236
4.746
5.949
4.534
4.054
4.881
3.261
3.537
4.74
4.735
3.974
3.9
3.519
3.974
3.664
4.964
4.632
3.963
4.086
3.532
4.426
3.783
3.704
4.828
4.247
3.772
3.844
4.315
3.174
3.268
4.658
4.429
4.248
4.645
4.685
3.991
3.991
4.9
3.886
3.523
4.716
3.321
3.7
4.052
4.501
3.904
4.045
3.866
3.789
4.328
4.64
4.148
3.771
7.752
4.051
4.528
4.22
3.96
3.963
3.767
3.962
4.471
4.228
3.526
4.511
4.239
3.581
3.528
4.318
4.448
4.643
3.735
4.082
4.264
3.932
4.48
5.14
4.531
5.453
1885.197
2106.951
4.798
4.892
4.266
3.196
3.412
3.398
3.971
4.212
4.324
4.369
3.852
4.707
4.399
3.827
4.279
3.553
3.92
4.303
3.942
3.675
4.5
4.434
4.771
4.177
4.186
4.5
3.999
3.764
4.36
4.061
3.904
4.459
4.109
4.509
4.092
3.669
3.551
4.611
3.311
3.821
4.014
4.242
5.346
4.535
3.288
4.737
3.484
4.865
3.62
5.384
5.345
4.488
3.55
4.265
4.674
5.148
5.575
5.066
3.472
4.795
4.113
4.216
4.979
4.728
5.408
4.978
5.382
4.976
4.168
4.82
4.715
4.742
5.078
5.801
4.564
3.936
4.96
4.89
2153.978
3.98
4.708
4.516
3.976
4.425
4.116
4.366
2247.064
3.719
4.409
3.868
3.982
3.486
4.143
3.807
4.554
2.832
4.352
3.8
4.407
4.233
4.474
4.452
4.204
3.894
3.776
4.792
4.493
3.906
2.95
4.578
4.472
4.432
2.728
3.995
4.635
3.409
3.409
3.661
4.391
4.102
4.096
3.857
4.212
3.904
4.283
4.792
4.368
3.778
4.681
3.488
3.844
4.078
6.886
3.77
101.292
4.24
4.814
4.645
4.94
4.192
5.704
4.949
4.844
4.952
4.562
4.127
4.211
3.399
2.946
5.094
4.812
5.411
4.358
4.295
5.683
5.338
3.709
4.31
3.029
9.092
2.389
4.018
2.424
4.438
2019.227
5.38
3.858
4.342
4.682
3.124
3.608
3.223
4.295
4.052
5.549
3.753
4.048
3.847
5.077
1968.062
5.236
5.417
5.404
4.35
4.284
4.88
4.203
5.608
5.514
5.631
5.381
2222.324
5.392
4.778
3.887
5.288
5.337
4.886
5.604
3.628
3.691
3.561
4.497
3.892
3.856
4.673
3.611
5.244
3.152
4.592
5.213
2138.825
5.378
5.415
4.318
4.322
6.038
4.088
4.221
5.777
4.175
3.939
3.993
11.786
6.055
5.272
5.657
3.79
3.512
4.85
5.561
5.089
5.575
4.248
4.394
6.743
4.877
6.596
6.663
6.696
6.23
6.391
8.811
6.116
4.566
4.218
6.295
5.856
3.801
6.285
7.198
7.455
4.008
3.541
6.447
4.828
4.819
5.797
6.008
2628.693
5.689
3.011
4.093
2485.116
4.857
4.899
5.096
5.136
5.283
4.801
5.418
4.738
5.096
4.818
5.151
5.506
4.967
4.617
5.148
4.932
4.783
5.048
5.093
3.556
5.191
5.168
5.015
3.679
4.959
5.434
5.104
4.575
3.271
4.92
5.423
6.216
4.933
4.799
5.729
6.329
6.342
4.716
6.136
5.403
5.305
6.223
5.786
6.068
8.534
5.296
7.446
6.306
5.773
4.617
6.04
5.319
6.052
7.961
5.202
4.922
5.586
6.349
6.412
5.63
5.874
6.232
6.565
3.974
5.738
6.594
6.244
6.627
6.533
4.989
5.843
5.445
6.437
5.33
2501.787
5.413
5.703
5.838
5.235
6.428
4.478
5.401
4.964
4.733
5.867
5.213
4.722
4.9
5.993
6.468
6.024
5.766
5.256
4.524
5.525
5.355
5.729
4.997
6.915
6.156
6.417
6.517
6.088
4.349
2528.736
5.598
5.443
6.268
5.521
5.783
6.508
6.902
5.423
4.765
3.935
6.418
6.763
6.815
5.769
5.267
5.063
6.278
5.921
5.744
5.784
4.847
5.171
6.007
6.65
5.835
5.828
5.637
6.002
5.765
6.404
6.199
5.948
5.897
3.868
5.336
4.747
5.805
5.762
5.6
2623.243
5.083
4.773
5.741
5.116
5.228
4.088
4.916
5.526
4.744
5.146
4.861
5.354
5.54
4.599
5.217
4.749
81.528
4.697
5.137
5.312
5.503
4.953
4.417
5.327
5.51
6.131
5.458
5.712
4.129
6.377
5.521
5.651
5.948
5.824
6.726
5.335
5.566
7.119
6.256
6.412
6.12
7.161
3.713
10.7
5.386
5.439
6.976
6.65
3.759
5.727
4.932
3.423
6.539
5.601
5.939
4.812
7.564
5.344
6.819
5.228
6.705
5.942
6.742
5.778
6.334
6.253
5.082
6.217
5.005
5.248
2619.324
5.422
6.071
5.746
4.854
7.039
6.149
5.571
7.828
5.811
5.651
5.411
2553.009
5.115
4.983
4.549
5.571
5.281
5.344
4.875
5.095
5.219
4.663
5.103
4.623
2116.292
2145.075
5.888
6.712
3.756
4.363
3.932
3.242
3.915
4.06
3.642
4.312
3.555
4.348
4.064
3.798
4.676
4.132
3.314
4.542
5.083
4.293
5.0
5.264
5.037
4.926
5.286
4.937
4.152
6.261
4.699
5.14
5.107
4.269
4.146
4.401
4.537
5.114
5.248
4.958
3.496
4.041
3.779
4.445
5.206
4.786
1811.465
4.086
4.17
3.018
3.456
4.604
4.211
4.595
4.053
2.932
4.478
2.916
4.465
4.851
3.856
3.104
3.931
4.652
4.466
3.669
3.965
2.84
3.927
4.479
2.877
3.724
3.651
4.706
3.974
2.344
4.396
4.311
4.326
4.555
4.423
3.242
3.947
4.911
4.923
3.912
3.891
4.516
3.567
3.908
5.691
4.633
4.205
3.164
3.789
4.585
4.206
4.429
3.771
4.774
4.288
3.036
2.68
4.063
4.615
4.522
4.501
4.248
3.896
4.055
4.01
3.836
4.125
4.367
4.484
4.17
3.234
4.252
3.847
4.48
3.798
4.332
4.007
3.225
4.093
4.036
4.57
3.144
4.005
3.969
4.654
4.427
4.252
4.517
3.924
2.805
3.659
4.603
3.716
4.11
3.551
4.285
4.432
3.644
3.748
4.34
3.751
4.614
3.373
3.911
4.214
4.459
3.661
4.081
4.367
4.238
4.266
3.324
2.374
4.142
4.044
3.715
4.108
3.854
3.935
4.076
3.301
4.072
4.138
4.281
4.352
3.826
3.319
4.814
4.397
3.869
4.347
4.014
64.613
4.358
4.956
4.991
5.106
5.128
3.277
4.719
4.827
4.572
4.697
4.791
4.502
4.476
4.517
4.829
3.62
3.567
7.883
4.548
4.886
4.049
4.623
5.195
5.667
6.393
5.91
6.519
5.139
3.128
5.882
5.436
5.862
5.578
6.205
4.111
3.618
5.001
5.036
5.414
4.745
4.915
5.455
5.199
5.211
2119.871
5.352
4.542
5.019
5.333
5.771
5.27
5.171
4.473
4.691
4.902
4.984
4.976
5.553
4.888
5.099
5.304
4.627
5.146
4.577
5.544
4.635
4.617
5.168
4.907
5.925
5.41
5.238
4.954
5.381
3.996
4.313
5.454
4.092
4.427
4.808
5.598
4.948
4.094
4.597
4.485
6.544
5.791
5.491
4.694
4.891
5.302
3.765
5.39
5.364
5.142
3.212
4.07
4.06
2.657
3.534
4.544
3.569
4.879
4.54
3.892
4.064
5.243
4.969
3.684
4.64
5.886
3.125
2.749
3.757
4.288
2.403
2254.527
1782.997
4.982
5.303
4.714
5.17
3.103
5.562
5.038
3.917
5.161
4.395
13.051
5.448
5.021
5.87
1909.708
5.382
4.831
5.24
3.796
4.988
4.427
3.682
3.822
5.254
5.19
4.702
5.557
5.783
3.896
5.255
5.338
5.178
5.817
5.589
5.131
3.917
5.091
5.246
3.012
5.463
5.543
3.611
3.794
3.843
2217.987
5.005
5.424
4.591
5.871
6.074
6.031
6.042
5.081
5.975
5.717
5.609
2358.417
5.961
5.594
5.314
5.068
5.564
4.934
5.112
4.974
5.008
4.558
4.904
4.829
4.772
4.569
5.055
5.022
5.518
5.569
5.427
5.383
5.331
4.994
4.969
5.294
4.609
4.875
5.688
7.434
5.159
4.834
4.787
5.035
5.009
4.723
4.714
4.786
5.197
6.281
5.815
5.849
5.115
4.947
3.629
4.9
4.751
5.212
7.709
3.699
4.596
4.936
4.727
5.609
5.056
5.122
4.916
4.934
4.688
4.579
4.936
3.388
4.689
4.977
5.112
4.934
4.645
4.701
5.637
5.622
5.618
5.115
5.596
6.497
5.248
4.499
3.577
6.432
5.609
4.709
3.515
4.954
4.359
3.327
2.887
5.614
4.889
5.029
5.265
3.39
4.555
4.929
5.515
4.695
5.124
5.006
5.033
5.385
3.232
4.97
5.08
4.62
4.334
4.909
4.975
3.462
1922.553
4.116
4.455
3.899
4.025
4.437
4.421
4.258
5.056
3.485
4.421
4.345
4.563
4.803
4.603
4.454
5.254
4.657
4.776
4.243
4.067
4.653
5.348
6.895
4.956
5.115
4.824
5.344
4.46
4.517
4.779
5.118
5.184
5.583
4.984
3.534
5.185
5.357
3.845
4.858
4.393
5.046
5.298
5.08
6.701
5.735
4.81
5.346
4.59
5.459
2.863
5.367
2.987
5.514
4.831
4.31
2.955
3.905
2331.24
3.593
3.086
3.484
4.791
4.61
2114.59
5.598
4.779
4.802
3.813
4.83
5.396
5.29
5.866
4.703
5.47
3.308
4.612
4.636
2381.25
4.957
3.604
3.677
5.923
4.089
5.015
4.059
4.805
5.126
5.259
5.015
5.075
5.074
5.014
4.63
4.711
5.239
5.036
4.129
4.77
4.955
4.339
5.518
5.063
5.009
3.466
5.124
5.236
2148.982
3.308
5.412
5.144
5.018
5.863
4.51
7.239
4.959
5.169
5.309
4.964
4.883
4.752
5.012
3.081
5.139
4.63
5.078
9.942
5.085
4.46
5.07
5.188
4.713
4.669
5.057
5.491
5.649
5.459
5.384
4.902
5.354
5.192
5.166
4.779
4.799
4.755
5.471
4.42
5.305
4.853
5.193
4.467
4.506
4.289
5.439
6.71
5.421
5.39
5.395
5.006
5.454
5.701
5.18
4.646
4.658
4.851
5.795
6.483
6.666
6.372
6.132
5.793
5.757
6.556
5.079
4.428
5.939
5.975
5.516
6.46
5.8
6.383
6.144
3.729
5.784
5.734
6.049
6.667
3.431
3.428
6.104
2538.352
4.782
3.99
3.513
4.623
3.116
3.223
5.184
4.099
3.147
4.149
4.838
4.052
4.173
4.652
5.133
4.96
4.961
4.19
5.975
5.175
3.724
4.352
3.992
3.247
3.513
4.244
2571.925
4.637
4.302
4.404
3.782
3.812
3.356
4.155
3.886
5.006
4.166
4.061
4.879
3.005
3.167
2.894
4.529
4.979
4.923
4.843
4.078
5.048
4.224
4.787
4.664
5.046
3.871
3.819
2.728
3.834
4.804
4.808
4.461
4.206
7.6
5.571
4.228
4.892
4.789
4.492
4.711
4.2
4.783
5.164
3.934
4.748
3.316
3.612
4.928
4.959
4.867
5.202
3.591
4.575
4.398
8.251
4.624
2347.829
3.998
4.175
3.321
3.714
3.7
4.026
4.403
3.338
3.768
3.821
3.962
3.96
4.107
5.534
3.785
4.356
4.661
3.832
4.724
4.252
3.601
3.895
4.127
2.966
3.704
3.397
4.604
3.806
4.623
3.861
2.844
3.453
4.407
4.308
3.641
4.622
4.645
3.89
3.365
3.947
3.658
4.506
4.625
4.485
3.398
4.483
3.734
4.855
6.38
4.201
3.891
11.902
3.302
3.935
3.995
4.328
3.983
4.047
3.806
3.844
3.349
4.107
4.692
4.369
4.228
4.076
4.156
3.77
3.683
4.153
3.892
4.13
4.299
3.88
4.186
3.876
4.387
4.505
3.926
3.978
3.866
4.121
4.258
4.947
3.993
4.246
4.407
4.34
4.039
4.356
4.231
3.836
3.818
3.98
4.18
6.043
4.338
4.477
4.233
2.739
3.796
4.199
3.914
3.716
4.065
4.418
4.227
3.444
3.919
3.871
4.049
4.294
3.531
4.113
4.355
3.957
4.043
4.234
7.201
4.79
3.318
4.208
4.128
3.861
4.445
4.697
4.251
3.85
4.067
6.136
4.105
3.914
4.557
4.114
4.484
3.187
3.875
4.28
3.824
4.601
4.865
4.805
4.566
3.406
3.2
4.529
4.523
5.089
4.46
6.906
4.099
4.517
5.25
4.562
5.409
6.043
3.618
4.342
3.782
4.899
5.047
4.87
3.677
4.55
5.043
4.215
4.291
4.581
4.146
3.901
5.593
4.981
4.676
4.457
5.087
5.266
4.596
4.359
4.866
4.435
4.561
1913.947
5.03
4.133
4.189
4.836
4.061
4.481
77.287
5.226
4.724
4.349
3.978
4.296
4.391
3.502
4.22
3.969
4.274
4.305
4.181
4.689
2.929
5.771
4.078
3.723
3.781
7.475
4.768
3.88
4.87
5.041
4.638
4.545
4.027
5.343
3.196
3.513
5.115
3.392
4.78
4.795
4.309
5.108
4.786
3.91
3.215
2.941
4.501
4.661
4.379
3.308
4.332
4.92
4.828
4.875
4.966
4.681
4.362
3.986
2.993
4.824
1834.418
4.339
4.033
4.963
5.167
4.141
5.284
4.825
4.219
3.923
3.519
5.016
3.292
4.392
3.511
4.069
3.322
3.497
3.111
4.373
4.25
4.457
3.25
4.212
3.737
4.687
3.14
3.001
3.962
4.49
3.327
3.5
2.384
3.232
3.089
3.633
4.732
3.4
4.178
4.96
4.844
4.541
4.745
5.193
5.296
5.116
3.956
4.698
4.29
2.244
2.135
4.278
3.799
6.999
4.418
2.738
3.144
5.228
5.864
4.955
4.675
3.991
5.304
4.282
5.093
4.969
5.066
4.154
4.666
3.592
5.15
4.401
4.494
3.967
4.66
4.0
4.059
2250.094
3.304
4.101
2.721
4.519
4.768
6.443
4.989
5.142
4.986
4.31
4.637
3.368
4.115
1929.43
4.498
5.68
2.825
4.732
4.234
4.678
4.405
4.913
4.49
5.145
5.264
4.235
4.919
5.27
5.018
4.56
5.092
4.305
4.613
3.689
3.888
3.912
4.74
5.789
3.96
4.491
2.685
4.997
5.211
4.728
4.744
2410.454
4.275
3.843
3.792
3.732
3.849
4.326
2.845
4.728
4.344
4.549
6.199
4.628
4.238
4.229
4.375
4.701
4.378
4.358
4.379
4.079
3.865
3.302
4.361
4.654
4.119
3.882
3.657
3.183
3.835
4.591
4.427
4.496
4.226
3.852
3.985
2.956
4.307
4.477
4.731
3.342
3.997
5.328
4.659
3.272
4.734
4.014
4.213
4.167
3.679
2.946
3.144
5.057
4.081
4.513
3.523
4.865
4.581
4.47
4.329
4.057
2.447
4.612
4.533
4.705
3.865
3.316
3.417
4.04
3.149
4.075
3.722
3.528
4.674
3.097
7.707
4.349
4.236
4.256
4.186
5.008
4.096
4.031
4.888
4.561
4.386
4.226
4.191
4.355
4.405
4.468
3.583
4.04
3.64
3.17
4.526
4.584
4.358
5.004
2.973
4.408
3.263
4.103
4.06
4.699
4.085
4.006
3.15
4.619
3.383
4.58
3.159
3.97
6.629
3.678
4.751
3.901
4.778
3.602
4.608
3.795
4.322
4.256
3.938
3.528
2.236
4.298
3.545
4.486
4.17
4.432
4.182
4.649
4.091
3.975
4.071
4.099
3.859
3.311
4.498
4.132
3.024
3.975
4.333
3.997
3.375
3.699
3.545
4.156
4.219
4.337
4.799
4.393
3.972
4.521
4.607
4.485
4.246
3.633
6.391
3.36
4.186
5.76
4.606
3.965
4.548
3.891
2.838
4.015
3.998
4.25
3.625
2.538
3.715
4.303
4.255
4.886
4.085
3.992
4.365
2.941
4.783
4.954
4.329
3.958
4.721
3.902
4.58
3.305
4.625
4.064
4.837
4.237
4.316
4.313
4.536
3.88
4.438
4.407
4.582
3.536
4.102
4.763
3.288
4.703
4.1
3.944
2.907
4.09
4.677
2.582
3.164
3.551
2.822
3.584
3.979
4.399
4.435
2.927
4.164
4.177
4.583
5.891
4.277
4.179
4.187
3.621
4.476
4.845
4.494
3.482
3.32
4.992
4.139
4.645
3.46
3.897
4.763
4.028
4.236
5.089
4.746
4.039
4.309
4.288
4.58
4.579
3.38
4.08
2.928
3.511
4.144
3.524
3.268
3.98
4.754
3.803
3.167
3.753
4.044
4.402
3.953
3.665
3.963
4.136
4.519
7.297
4.627
2.556
2.022
4.554
4.158
4.899
5.069
4.564
3.405
4.075
4.369
5.626
5.079
5.435
9.448
6.303
4.311
4.525
3.916
5.306
5.471
3.681
4.112
4.424
4.097
5.016
4.958
4.881
5.181
4.691
4.838
1985.314
4.446
2.447
5.591
1884.942
3.532
3.323
3.792
4.616
1978.928
4.186
4.41
4.518
4.703
4.512
4.3
4.537
4.339
4.515
4.442
3.715
4.515
5.08
4.271
5.742
3.423
4.963
5.048
5.223
88.627
4.844
5.121
4.234
5.119
5.268
4.036
5.723
3.678
5.119
5.425
5.616
5.271
5.603
4.316
5.542
5.574
2332.388
4.22
4.645
4.897
4.978
4.174
2226.014
3.945
5.921
4.138
4.088
4.464
4.564
3.528
4.093
4.636
4.331
4.035
4.208
3.467
4.398
4.066
4.424
3.807
5.108
5.511
4.29
3.352
4.567
4.892
4.539
4.224
3.17
3.929
5.352
5.09
38.981
4.886
4.125
5.652
5.787
5.13
4.783
5.554
4.677
4.894
3.012
3.54
4.093
4.166
5.162
4.126
4.904
5.202
4.881
3.725
4.155
3.11
2528.654
4.068
1913.093
4.8
4.76
4.343
4.434
3.914
4.538
4.87
5.417
3.285
2.955
2.507
2.229
5.077
4.616
4.557
2.644
4.867
4.859
4.026
5.682
4.358
5.1
4.275
2.936
2.38
3.41
3.059
3.269
5.705
4.882
4.558
5.673
4.38
5.465
5.433
4.076
1853.022
3.058
3.366
5.091
5.074
3.568
4.64
4.501
4.9
3.528
4.249
4.007
5.275
4.526
4.07
3.052
3.284
4.052
4.547
4.063
4.273
5.159
4.085
6.712
4.358
4.385
5.036
4.231
3.431
5.106
3.714
4.221
4.425
3.09
4.566
5.107
4.452
5.018
4.498
4.561
2551.643
4.339
6.939
4.957
5.174
4.855
4.622
4.696
4.053
4.41
5.171
4.679
4.499
4.82
4.313
4.897
4.848
5.196
99.591
4.804
5.128
4.984
5.194
5.471
5.549
5.133
4.025
5.767
5.356
4.705
5.759
4.685
4.554
3.125
5.125
5.004
4.613
4.295
2080.823
5.218
4.278
4.656
4.621
4.054
4.271
2419.428
4.731
4.728
3.596
4.236
3.753
4.247
5.528
3.937
3.997
4.318
4.146
4.082
4.138
4.319
4.465
4.011
4.866
4.098
5.054
4.912
7.705
4.672
4.256
4.437
4.494
3.969
4.947
4.898
4.339
4.063
3.269
4.277
5.691
3.474
3.74
4.073
3.814
3.912
4.257
4.814
6.017
4.768
3.601
5.078
9.969
3.757
4.821
4.598
4.322
7.299
2049.325
4.52
3.891
4.254
3.107
4.61
4.651
4.283
3.867
4.366
3.96
3.146
3.846
4.658
4.366
3.394
4.776
3.872
4.588
2.931
4.547
4.394
4.118
4.217
3.361
4.252
4.388
4.361
4.221
3.112
3.646
4.464
3.027
4.886
2.742
4.618
4.056
6.251
4.673
4.785
4.32
3.192
4.262
4.106
4.777
4.689
3.694
3.407
3.708
2.967
3.313
3.685
4.936
4.859
3.974
4.716
4.603
4.71
4.023
4.672
5.14
4.984
4.868
4.585
4.986
4.108
4.805
3.748
6.668
4.922
4.799
4.223
5.044
4.145
4.718
4.564
3.423
4.881
4.541
4.49
4.97
4.091
4.119
4.929
5.061
4.05
5.448
5.055
4.258
3.488
4.869
5.207
3.268
4.983
3.747
4.154
4.52
3.078
4.067
4.29
4.232
2318.959
3.266
5.131
5.056
3.978
3.048
4.384
4.171
2.864
3.978
4.369
3.096
4.634
3.081
4.707
2.957
4.6
4.263
4.275
4.176
4.189
33.343
4.597
4.951
4.176
4.08
4.651
4.514
4.225
3.111
4.604
3.202
4.502
6.651
4.516
3.042
3.775
4.333
3.787
4.685
4.295
4.289
3.251
4.602
4.497
4.668
3.674
2.926
4.202
2.947
3.326
3.948
4.562
4.531
4.307
3.842
4.167
3.892
3.247
4.307
4.385
4.56
4.387
3.134
4.111
3.05
10.062
3.116
4.128
4.546
4.303
3.824
4.143
4.572
4.466
4.396
4.313
4.099
4.311
4.143
2.944
3.851
4.585
2.466
4.585
3.835
4.472
4.506
3.28
3.613
3.486
3.379
3.88
2.888
4.283
4.459
4.783
4.028
2.99
2.759
3.948
4.36
3.655
4.213
4.65
3.693
4.636
4.286
3.446
4.731
3.916
3.964
4.03
4.427
4.454
39.475
4.145
4.699
4.634
4.483
4.325
3.991
5.148
4.698
4.609
4.268
4.606
4.615
4.694
4.428
5.35
4.92
5.067
5.069
4.292
4.607
4.664
5.136
4.163
3.043
4.565
5.787
5.261
1833.579
5.314
5.005
4.645
5.213
3.904
4.43
3.749
4.602
4.585
4.865
4.527
3.948
6.461
5.442
3.684
5.356
4.368
4.374
4.556
4.913
4.582
5.046
3.509
4.944
3.73
4.804
5.665
4.242
5.199
3.453
4.734
4.098
4.673
3.665
2326.577
3.507
3.717
3.514
4.249
5.135
4.821
4.718
5.573
4.275
4.766
5.303
4.892
4.485
4.655
5.599
5.147
4.568
5.236
5.547
4.669
4.705
3.997
5.687
3.989
4.42
4.437
4.194
1853.704
4.962
3.976
5.441
4.691
4.532
4.967
4.889
3.562
4.325
4.725
2318.728
4.359
4.727
4.278
3.572
4.338
5.072
4.625
7.146
4.087
3.584
3.772
3.297
4.6
4.57
4.335
3.658
4.687
4.305
4.184
3.492
4.204
5.658
3.468
3.954
3.6
2.981
3.838
4.761
4.321
4.119
3.423
4.148
4.03
3.916
4.559
4.625
4.307
4.143
4.34
4.241
4.239
4.244
3.545
3.776
4.232
4.373
4.251
3.475
3.984
4.235
3.857
4.371
4.695
3.843
4.482
4.155
3.412
4.198
4.186
4.858
3.217
3.983
3.419
3.568
4.482
4.451
4.281
4.052
3.548
3.517
3.959
4.141
3.832
4.603
3.573
4.651
4.291
3.873
4.317
3.298
4.484
3.978
5.937
4.156
3.83
3.774
3.138
3.67
4.592
4.482
3.687
4.396
3.366
3.426
4.273
3.663
3.861
4.313
3.917
4.659
4.711
4.513
3.86
4.647
4.157
4.08
3.122
4.001
3.863
3.96
3.27
4.501
3.729
3.635
4.48
4.011
6.54
4.549
4.236
4.099
4.098
4.128
4.301
4.219
4.345
4.301
3.839
4.711
4.34
5.452
4.37
7.118
3.682
4.57
4.51
3.732
3.941
4.281
4.242
6.337
4.358
3.594
4.636
4.617
3.436
4.24
3.874
4.45
4.384
4.457
4.717
4.163
4.12
3.793
4.038
3.963
4.95
3.947
3.524
4.106
4.579
4.273
4.513
4.558
4.179
3.967
3.555
3.519
4.253
4.541
4.269
4.084
3.945
4.76
3.984
4.481
4.618
3.538
4.451
4.065
4.474
3.799
6.437
3.889
4.644
4.264
4.311
4.234
4.26
3.843
3.913
4.428
4.318
4.205
4.184
3.3
3.531
4.417
3.607
4.647
4.967
4.366
3.231
4.506
4.365
29.369
4.436
4.18
3.419
3.883
4.396
4.272
4.802
4.662
4.253
3.996
4.467
3.418
2.901
3.642
4.892
6.905
4.571
4.215
4.149
3.738
5.442
3.838
4.511
4.22
4.042
4.046
4.223
4.631
4.353
4.191
4.413
3.856
3.809
3.938
3.827
3.584
4.521
4.381
2.947
4.184
4.264
4.883
4.293
4.441
4.098
4.029
3.504
3.868
3.869
4.231
2.957
4.296
4.133
7.303
4.339
4.179
4.251
3.863
3.979
3.469
4.626
4.403
4.113
4.434
4.135
4.275
4.628
4.122
3.937
4.467
4.083
3.941
3.754
4.506
3.969
3.812
4.46
3.952
4.429
3.916
4.747
4.264
4.192
3.989
3.855
4.239
4.894
3.939
3.714
3.65
4.428
4.585
4.238
4.109
5.992
3.932
4.202
4.508
4.293
4.718
4.684
4.265
3.795
4.012
4.009
3.942
4.383
3.882
4.578
3.504
4.317
3.952
4.161
4.162
3.378
3.422
4.503
4.414
4.258
4.383
3.751
4.009
3.572
3.259
3.908
3.597
3.727
3.907
3.944
4.188
4.079
4.342
3.937
4.179
4.276
4.214
4.161
3.714
3.567
4.092
3.841
4.285
3.654
4.504
4.128
4.369
4.007
3.909
4.698
4.281
3.725
3.953
4.027
4.122
3.01
4.571
4.69
4.763
3.571
4.622
4.225
3.76
4.015
4.082
4.308
3.927
4.436
4.685
4.368
4.621
4.211
4.432
3.827
4.59
3.672
4.19
4.243
3.714
6.384
4.278
4.005
3.792
6.09
3.407
3.798
3.932
4.182
4.167
4.118
4.246
6.165
4.489
4.423
3.995
3.815
4.217
3.815
4.093
4.168
4.261
4.37
4.108
4.617
3.837
4.169
37.994
4.546
4.552
3.764
3.515
4.188
4.058
4.014
3.918
4.262
3.695
4.219
3.599
4.01
4.393
3.995
4.157
3.65
3.405
4.372
4.603
4.457
4.209
4.226
4.301
3.796
4.083
4.065
4.231
3.96
4.074
4.193
4.581
3.453
3.621
3.663
4.068
4.381
3.795
4.258
4.571
4.206
4.51
4.264
3.682
4.279
3.814
4.026
4.279
3.739
4.251
4.07
4.017
4.111
4.212
3.963
4.108
4.282
3.992
7.767
4.478
4.214
4.375
3.409
4.034
4.132
3.293
4.278
3.761
3.632
4.692
4.516
7.862
5.315
4.553
4.242
3.527
3.606
3.649
4.211
3.923
4.253
4.311
4.081
3.977
4.356
4.181
3.874
3.522
3.969
4.188
3.85
3.516
5.684
4.154
4.194
3.357
4.036
3.454
3.287
3.801
4.039
3.331
4.354
4.083
3.639
4.016
3.589
3.986
4.07
4.179
4.223
3.868
5.917
3.7
4.439
4.12
4.379
4.768
4.585
3.876
3.735
4.414
3.537
4.312
3.812
2.96
3.853
3.94
4.343
4.096
4.313
4.236
4.438
4.504
4.104
4.483
4.277
4.42
3.726
4.656
4.161
4.153
4.415
3.275
4.364
4.123
3.69
4.028
4.491
3.646
4.217
4.324
4.398
4.227
4.514
4.033
3.416
4.658
4.016
3.869
3.56
4.414
3.69
4.111
4.062
4.61
3.907
4.223
4.74
4.663
4.278
4.44
4.35
4.131
4.295
3.913
3.71
4.085
3.926
4.56
4.333
4.631
3.938
4.36
3.814
3.76
4.548
4.284
4.498
3.114
3.84
4.384
4.832
4.542
38.591
4.528
4.631
4.635
3.797
3.414
3.663
4.561
4.49
4.578
4.385
4.418
4.335
3.722
4.698
4.38
3.733
3.768
3.638
3.377
4.667
4.429
7.412
4.261
2.957
3.647
3.909
3.788
4.416
2.862
4.346
4.186
3.634
4.224
4.465
3.582
3.771
3.869
4.178
4.156
4.566
4.477
4.346
4.142
5.804
4.476
4.423
4.532
3.961
4.1
4.262
3.878
3.535
3.686
4.664
4.601
3.651
4.579
4.301
4.233
6.342
4.3
4.298
4.45
4.562
5.416
3.71
3.528
3.61
4.757
4.25
4.439
4.237
4.227
3.682
4.192
3.827
4.091
3.52
4.703
4.093
4.263
3.89
3.542
3.749
3.585
6.05
4.751
4.144
3.743
5.683
3.997
4.045
3.393
4.039
4.144
4.567
4.579
4.276
4.127
3.655
4.842
4.582
4.496
3.922
4.082
4.114
4.769
3.822
4.68
3.955
3.701
4.163
4.843
5.111
3.712
4.388
4.318
3.674
5.649
4.095
4.09
4.281
5.971
4.133
4.501
4.388
4.76
4.529
4.241
3.666
3.609
3.271
4.207
3.948
3.311
5.25
3.204
3.95
4.278
3.562
4.518
4.118
3.96
4.426
4.475
4.697
4.4
6.42
3.462
3.611
4.623
4.461
4.297
4.072
4.074
3.625
4.314
4.285
3.792
4.519
3.696
3.891
3.726
3.707
3.894
3.928
4.582
3.868
4.164
3.917
3.828
4.122
3.765
3.704
4.122
4.319
3.975
3.909
3.609
5.093
3.519
4.574
4.212
4.133
3.569
3.185
3.55
3.892
4.182
4.085
3.631
4.08
4.045
4.406
4.332
4.188
5.002
4.268
2.341
4.499
4.661
4.705
3.607
4.112
4.053
3.582
4.099
4.364
4.834
4.774
4.356
4.913
4.596
4.724
4.783
3.903
4.725
4.123
3.558
4.749
4.47
4.291
4.164
4.232
3.886
4.57
3.927
3.898
3.727
3.665
4.282
3.93
4.056
3.502
3.683
3.866
3.218
3.93
3.514
3.531
4.411
4.645
3.418
3.964
3.517
3.892
3.947
3.165
4.309
4.306
4.696
3.973
7.323
3.729
3.67
5.007
4.37
3.843
4.23
4.609
4.52
4.156
4.194
3.898
4.635
4.337
3.669
3.874
4.78
4.689
4.559
3.99
4.421
4.522
4.746
3.557
4.547
4.324
3.353
4.697
4.681
3.486
4.831
3.658
4.543
4.217
3.779
4.49
3.533
4.27
5.107
4.592
4.535
4.474
4.368
4.131
4.241
3.867
3.972
3.735
5.397
3.701
4.442
4.409
4.407
4.528
7.586
4.405
4.34
3.715
3.243
4.816
4.713
3.627
4.567
3.753
4.029
4.365
3.605
3.789
4.413
3.925
4.362
4.407
4.504
4.387
4.478
3.616
3.616
4.16
4.154
3.317
4.185
4.257
4.227
4.789
3.493
3.504
4.108
3.567
3.491
4.219
4.445
58.345
3.893
3.494
4.651
7.698
4.451
4.325
3.95
3.462
4.423
4.053
4.204
4.485
4.179
3.158
4.618
3.053
3.785
3.763
3.589
4.433
4.438
4.225
4.219
3.578
3.874
4.209
5.048
3.641
4.62
4.054
4.296
3.6
4.198
3.38
6.252
3.72
3.781
3.967
3.693
4.189
3.9
4.413
4.309
4.394
4.239
3.972
3.607
3.683
4.34
3.261
3.614
4.267
3.562
4.186
4.045
3.241
3.194
3.829
3.939
4.295
3.812
3.853
3.125
4.497
5.583
4.417
3.84
3.765
4.357
3.895
3.521
4.915
3.716
4.46
4.177
4.151
3.268
4.468
4.451
3.727
3.647
3.523
4.352
4.13
3.566
4.362
4.435
4.397
8.912
4.333
4.079
4.001
4.512
4.492
4.357
4.497
3.924
3.688
3.656
4.119
4.174
3.767
4.13
3.545
3.717
4.407
4.82
4.839
3.729
4.434
4.557
4.563
4.685
4.343
4.232
4.288
3.613
3.578
4.517
4.584
4.643
3.728
4.295
4.135
3.556
3.637
3.67
4.323
3.971
4.437
4.469
8.805
4.873
3.986
4.621
4.47
4.063
3.745
4.348
2.533
3.791
4.895
3.396
3.145
4.478
4.086
4.591
3.928
3.58
4.273
4.311
3.55
4.21
3.503
3.858
4.498
4.416
4.124
4.748
4.436
4.38
4.42
4.717
3.662
4.147
4.183
4.23
4.693
3.9
4.472
4.137
3.672
4.08
4.35
4.66
4.478
4.226
3.784
4.534
4.315
4.229
3.808
4.344
3.581
4.33
4.13
4.502
5.172
5.41
4.315
3.834
3.553
4.454
4.227
4.117
4.426
4.271
4.2
3.781
4.471
3.87
4.577
4.437
4.652
4.642
4.486
4.356
3.926
4.444
5.087
4.696
3.738
3.965
4.197
3.962
4.144
4.342
4.214
3.852
4.638
4.859
4.719
4.256
3.925
4.558
4.474
7.953
3.462
3.739
4.69
4.134
3.353
3.55
3.885
4.071
3.661
3.818
4.164
4.196
4.381
3.848
4.335
3.581
3.339
5.875
4.27
6.462
4.599
4.517
3.133
4.597
4.941
4.007
4.175
4.28
4.267
7.773
4.554
4.511
4.495
2.779
4.995
4.48
4.315
4.281
3.927
4.031
3.607
4.273
4.419
5.424
4.117
3.948
4.118
3.214
3.132
3.44
4.027
4.206
4.369
4.112
3.76
5.331
4.204
3.505
4.858
4.279
3.943
4.094
4.498
4.215
4.233
4.266
6.677
4.24
3.949
3.752
4.076
4.346
3.977
3.292
4.099
4.142
3.653
4.087
4.806
7.642
4.775
4.229
4.761
4.181
3.467
4.963
4.418
3.321
3.332
3.782
4.777
4.414
4.508
4.46
4.723
4.106
4.449
4.071
4.271
3.178
5.665
4.018
4.402
4.782
4.369
3.78
4.366
4.089
4.321
4.168
3.974
5.289
5.499
4.296
3.767
3.518
4.041
4.359
3.972
3.869
4.246
3.256
3.013
4.04
4.113
3.843
3.215
4.417
4.517
4.719
3.98
4.104
4.262
3.854
3.293
4.382
4.09
4.282
4.731
4.62
4.163
4.095
4.2
4.133
4.194
4.16
2.874
4.351
3.462
4.333
4.529
4.775
3.315
4.281
4.433
3.314
3.076
4.063
5.417
4.051
3.707
4.924
4.806
4.209
4.076
4.256
4.41
4.234
4.26
4.098
3.69
4.384
3.919
4.499
4.007
3.773
3.831
4.692
4.354
3.476
4.597
4.127
3.557
4.466
4.239
3.894
3.174
4.767
3.514
4.281
3.668
4.292
4.8
4.216
4.116
4.545
4.086
4.653
4.486
4.501
4.466
4.774
76.872
4.759
4.069
4.547
4.016
4.126
3.633
3.67
4.648
3.868
3.828
4.379
3.612
4.925
5.318
4.277
4.688
4.407
4.025
4.203
4.427
3.195
4.038
4.208
4.769
4.314
4.267
4.44
4.248
4.095
4.219
4.198
4.741
4.505
4.876
5.113
4.3
3.922
3.671
3.673
4.524
3.985
5.919
4.632
4.471
4.643
4.315
3.638
2.975
4.418
4.68
3.79
3.219
4.511
6.273
3.846
4.823
4.357
5.335
4.438
4.547
4.112
4.274
3.892
4.273
4.338
4.59
4.315
77.314
4.194
3.654
4.55
4.76
4.702
4.644
4.09
4.293
4.263
4.688
4.02
3.154
4.356
4.258
4.714
4.28
3.798
3.755
4.653
4.309
4.68
3.684
3.822
4.543
4.083
4.305
4.283
4.002
3.749
3.604
7.383
4.392
3.655
5.678
4.554
4.307
4.673
4.34
4.842
4.029
4.649
3.251
3.219
4.282
3.928
4.22
4.59
4.789
90.134
4.425
4.199
4.2
4.85
4.505
3.671
4.922
4.425
4.301
4.261
7.952
4.864
4.096
4.314
4.732
3.841
3.959
4.454
4.239
3.97
4.198
3.594
4.004
4.103
4.299
4.072
4.604
4.876
4.405
76.114
3.989
4.177
4.401
4.453
4.426
3.999
3.578
3.142
3.721
3.596
4.55
4.024
3.588
4.419
3.994
4.028
4.337
4.479
4.167
3.798
3.997
3.865
4.619
4.984
4.159
3.517
4.233
4.318
4.24
4.211
4.13
3.828
4.012
4.589
4.102
3.948
4.18
5.026
4.363
4.444
4.051
4.427
3.802
4.411
3.645
4.469
3.714
4.524
4.403
4.321
4.199
4.195
4.247
4.578
4.702
4.473
3.832
4.39
4.622
4.211
3.754
3.966
3.585
4.134
4.172
4.24
3.593
4.259
4.247
4.195
3.488
4.189
6.193
3.766
4.105
4.713
4.237
4.041
4.343
4.529
3.87
4.77
4.557
4.386
3.976
4.519
3.617
3.816
4.638
4.769
4.078
5.045
3.823
3.954
3.868
4.541
4.662
4.178
4.365
4.582
4.22
4.55
4.402
4.613
4.421
3.788
4.082
3.117
3.903
4.249
3.913
4.06
4.112
3.958
3.691
3.869
4.172
3.694
4.619
4.604
4.485
3.761
3.969
4.35
2.834
4.484
6.796
4.036
3.983
3.418
3.818
3.979
4.725
4.249
5.326
4.145
4.171
2.746
4.083
4.425
4.147
3.685
2.929
3.984
4.048
3.331
3.592
3.678
4.272
4.473
5.269
4.237
4.052
3.943
4.194
4.734
3.817
3.515
3.316
4.247
4.201
4.387
4.265
4.182
3.878
4.728
3.898
4.726
4.64
4.1
4.196
4.725
4.526
3.914
4.023
3.918
4.081
4.591
4.009
4.284
3.754
4.13
4.461
4.181
4.15
3.403
3.888
3.654
4.133
4.202
4.469
3.809
3.672
3.25
4.738
3.932
4.282
7.687
4.403
4.318
3.871
3.91
4.583
3.501
4.59
4.712
4.129
4.211
4.16
4.239
4.27
4.171
4.424
4.175
4.13
4.608
4.226
4.896
5.705
3.509
3.279
4.21
4.184
3.755
3.278
3.9
3.172
4.473
3.85
4.234
4.066
3.482
4.424
4.816
4.235
4.197
4.173
4.136
4.266
4.149
4.32
3.973
3.911
4.079
4.797
3.958
3.713
4.616
4.463
3.845
3.51
3.392
4.221
3.508
3.952
4.231
3.42
4.755
4.297
4.199
4.333
4.189
4.122
7.638
3.743
4.75
5.047
3.772
4.199
4.158
3.271
4.82
4.125
3.939
3.463
3.897
2.334
4.574
3.561
4.071
4.664
4.64
6.175
3.553
4.431
4.142
4.521
9.295
3.933
4.706
4.434
4.215
4.224
3.515
3.572
4.503
4.21
5.094
4.212
4.728
3.985
87.394
4.202
4.242
3.796
4.139
3.753
3.995
3.282
4.185
4.494
4.313
4.419
3.444
4.686
3.172
4.594
4.353
4.3
4.776
4.419
3.7
3.515
4.03
4.143
5.815
4.777
3.664
3.354
4.04
3.889
4.122
4.011
4.235
4.228
4.553
4.317
4.606
4.307
4.03
4.02
5.169
4.21
4.265
3.482
4.53
5.741
4.47
3.814
3.76
4.134
4.635
4.684
4.117
4.608
3.599
4.325
4.33
3.879
4.109
4.252
4.694
4.286
4.407
4.718
78.668
4.229
3.935
4.669
4.174
4.621
4.522
3.759
4.037
4.131
4.174
4.652
4.367
4.441
4.37
3.942
4.197
4.366
4.562
6.045
3.6
3.955
3.702
4.345
4.542
4.69
4.223
3.621
3.307
4.645
4.202
4.171
4.439
4.108
4.258
4.07
4.003
3.657
4.189
3.387
3.801
3.545
3.888
4.499
3.548
6.568
4.148
4.026
3.835
4.53
4.286
4.133
4.049
3.934
3.527
4.767
3.669
4.588
4.346
4.003
3.301
3.223
3.171
4.762
4.488
4.261
4.094
4.194
4.973
4.529
4.104
4.188
4.068
4.536
3.807
4.07
4.144
3.844
3.718
3.585
3.932
3.713
4.066
3.156
4.412
3.796
4.159
3.786
3.784
3.863
3.248
3.994
3.764
3.153
1.932
4.075
4.387
5.015
4.189
3.389
4.885
6.417
4.238
4.198
3.768
4.659
3.815
4.011
3.881
4.154
4.408
3.633
4.425
3.437
3.717
3.419
2.978
3.98
4.125
4.438
4.426
4.401
4.085
4.61
4.362
4.517
4.171
4.588
3.572
4.338
4.553
4.485
3.875
3.472
3.93
4.47
3.754
4.332
4.804
4.564
10.437
4.091
2.51
3.271
1.976
4.644
4.599
89.217
5.008
5.131
5.248
5.052
4.651
4.964
4.839
4.585
4.444
4.942
4.641
4.907
4.693
4.82
4.355
4.527
4.282
4.745
4.879
4.749
4.514
4.638
4.142
4.696
4.814
9.01
5.475
4.735
4.905
4.687
4.211
4.486
6.866
4.19
3.726
3.494
3.655
3.633
3.456
3.281
3.821
4.66
3.611
4.394
3.625
3.332
4.626
4.262
4.153
4.057
3.722
4.09
4.304
4.059
3.86
4.532
4.428
4.104
4.281
3.986
4.73
4.189
4.213
7.514
5.258
5.185
4.001
2.087
3.15
3.872
4.526
4.413
4.006
4.229
4.617
4.859
4.574
4.399
3.991
3.764
3.796
3.324
4.229
3.325
3.497
3.069
3.539
3.589
3.647
3.087
4.848
3.717
3.477
4.575
4.259
2.519
3.552
3.639
3.507
3.573
4.152
4.979
4.02
4.81
4.011
3.371
4.444
4.099
3.149
3.461
4.038
4.51
4.033
3.753
3.662
3.935
4.381
3.709
4.457
3.346
4.152
3.8
3.376
3.743
1.745
4.153
4.129
4.296
3.878
4.278
4.624
4.455
4.398
3.708
3.698
4.249
4.541
4.279
3.725
4.27
4.081
4.052
3.609
3.68
4.394
4.7
3.468
3.85
3.535
3.767
4.12
4.726
4.84
3.837
2.327
4.329
3.695
3.881
3.757
4.241
6.981
4.879
4.564
3.634
3.923
4.35
3.555
3.231
3.585
4.355
4.182
3.233
3.719
3.924
4.145
1.879
4.122
4.21
4.508
4.254
3.603
4.172
3.55
4.577
3.657
3.273
4.028
3.549
7.166
4.335
3.958
3.373
5.971
3.861
3.357
3.345
3.975
4.334
3.427
4.996
3.497
2.477
3.898
4.39
3.349
4.528
4.146
3.259
4.38
3.068
4.26
3.712
3.65
3.182
4.36
3.84
5.312
3.807
4.611
2.708
3.845
3.458
2.28
4.631
4.005
4.211
4.084
4.305
7.17
4.176
3.889
4.427
4.138
3.469
4.53
3.814
6.164
4.164
3.956
3.675
3.913
3.674
3.204
3.623
3.789
3.57
4.667
3.664
3.867
3.404
4.717
4.306
4.2
2.423
4.239
7.62
3.478
4.209
3.953
4.275
4.323
3.747
4.0
3.569
3.787
3.978
4.106
3.467
3.551
3.618
3.287
3.517
7.138
3.753
4.787
4.135
4.237
2.574
4.087
4.005
4.911
4.207
3.695
3.764
3.578
3.769
4.269
3.919
4.199
4.527
4.532
4.046
4.617
3.9
3.851
4.244
3.949
4.289
4.138
3.513
12.702
4.632
5.198
3.856
3.039
3.653
4.71
2.561
4.935
4.099
4.157
4.039
4.21
4.474
4.258
4.493
4.437
4.346
4.602
4.588
4.106
3.787
4.207
3.763
4.911
4.105
4.443
3.978
4.284
4.923
4.352
4.325
4.128
4.153
4.768
4.617
3.797
5.412
3.895
4.342
2.064
4.488
4.187
6.411
9.011
3.905
4.364
4.013
3.827
3.893
5.492
4.971
3.917
5.639
4.498
4.009
3.848
4.889
4.483
3.993
4.781
4.48
4.49
3.865
3.838
4.128
4.186
4.336
3.643
4.394
4.359
4.406
4.605
4.658
4.399
4.553
3.685
4.713
16.467
4.652
4.523
4.157
2.785
4.4
4.276
4.212
4.188
4.318
4.499
6.056
4.66
4.581
4.168
3.872
3.22
4.532
3.908
4.314
4.833
4.448
3.695
3.227
5.14
4.426
4.084
3.371
4.178
4.701
4.406
2.463
4.618
4.557
4.363
4.443
4.656
4.304
5.173
4.441
4.478
4.105
4.469
4.517
3.745
3.444
4.293
4.528
4.202
4.289
3.708
5.011
4.751
4.757
4.036
3.735
4.617
4.647
3.626
4.569
4.882
4.384
4.015
4.013
4.679
5.08
4.776
3.947
4.857
4.438
4.221
3.833
4.472
4.392
4.296
4.272
4.767
3.71
4.603
4.041
4.026
3.802
3.04
4.641
4.49
4.034
4.053
3.826
4.141
4.794
4.313
4.555
4.415
4.559
4.434
4.333
4.846
77.681
5.031
4.665
2.605
4.372
8.24
4.052
4.295
4.365
4.327
3.99
4.142
4.363
4.197
3.63
4.202
3.862
3.61
3.071
3.729
3.676
4.469
4.367
5.093
4.368
3.202
3.72
3.361
3.918
3.706
4.537
4.15
4.199
4.273
2.28
4.144
4.338
4.068
3.928
4.245
4.943
4.304
4.169
5.574
3.83
4.554
4.714
4.474
4.304
4.242
4.331
3.122
4.655
4.096
3.63
3.782
3.224
3.697
4.46
4.158
4.473
4.793
4.076
3.65
4.302
4.309
3.888
3.686
4.069
3.888
2.913
4.509
4.644
4.757
4.955
4.307
4.328
4.906
5.214
4.804
4.641
4.78
5.341
4.789
4.446
4.846
4.445
4.15
3.442
3.524
3.747
3.278
3.091
3.721
3.723
3.241
5.075
3.768
4.203
3.449
3.617
3.56
4.028
4.483
4.387
3.495
4.724
3.908
4.401
4.548
4.459
75.203
4.346
3.744
3.291
3.219
4.32
4.093
4.291
3.74
3.603
3.986
3.828
4.253
3.65
3.062
4.394
3.366
4.648
4.468
3.766
3.537
4.295
4.872
8.621
3.881
7.721
4.011
4.243
3.404
4.121
4.682
4.582
4.354
3.817
3.918
4.752
4.291
4.256
4.563
4.361
4.532
4.368
5.111
3.522
4.505
3.525
3.633
5.303
3.274
3.87
2.879
4.433
4.228
4.924
4.57
3.491
4.577
4.036
4.672
4.625
3.554
5.187
3.923
3.612
3.814
3.944
3.98
3.877
5.006
4.614
4.032
4.399
3.529
4.239
4.759
4.119
3.615
4.729
4.356
4.492
