7721.875
8135.977
8142.082
8138.094
8143.625
8138.074
8137.887
8107.75
8108.051
8105.988
8105.57
8330.063
8784.336
9494.191
9728.859
9955.398
9949.238
10567.359
10866.258
11159.332
11596.133
11808.09
11817.969
11846.953
11902.688
11905.234
12009.621
12020.926
12036.875
12038.457
11985.738
12004.125
12007.941
12015.598
12071.008
12089.914
12156.848
12241.184
12327.719
12382.949
12396.367
12412.531
12118.879
12113.434
12110.27
12120.711
12113.23
12528.664
12530.551
12527.504
12534.695
12219.582
12615.109
12715.25
12774.082
12786.551
12795.0
12826.797
12896.262
12914.23
12911.5
12891.121
12615.762
12626.543
12629.359
13018.387
13035.555
13015.242
13082.918
12702.25
12717.801
12709.109
12707.086
13073.523
13205.652
13214.91
13211.555
13212.441
13176.094
13165.5
13173.785
13270.113
13296.984
13285.969
13359.445
13464.07
13483.52
13603.07
13623.391
13719.32
13646.285
13767.031
13817.113
13828.918
13871.035
13961.59
14028.734
14033.371
14033.211
14088.375
14095.484
14101.957
14096.195
13774.363
14098.004
14076.273
14194.387
14199.945
14202.555
14197.477
14298.738
14320.078
14340.383
14312.313
14030.703
14326.414
14363.277
14353.406
14506.004
14572.547
14607.953
14628.297
14637.375
14701.109
14707.277
14756.852
14833.551
14839.043
14911.508
14986.754
14987.543
15036.48
15054.781
15059.781
15036.918
14786.637
14759.559
14786.906
14780.379
14766.523
14770.934
14749.527
14753.539
14754.723
14767.02
14767.508
14747.684
14755.918
14765.758
14767.953
14763.605
14771.969
14800.223
14792.91
14765.18
14763.273
14767.34
14768.484
14773.766
15100.762
15171.992
15189.52
15219.051
15164.09
14914.027
14902.082
14902.641
14897.949
14912.027
14893.418
14897.594
14904.957
14903.234
15269.547
15328.98
15330.664
15310.27
15040.313
15059.918
15055.82
15051.301
15051.813
15040.289
15057.68
15060.836
15064.809
15075.785
15072.895
15482.445
15480.266
15482.383
15438.848
15125.379
15417.398
15426.094
15422.934
15411.465
15201.133
15191.648
15215.996
15177.641
15185.867
15175.605
15160.945
15434.566
15462.512
15473.48
15469.262
15243.945
15502.48
15508.82
15560.898
15532.746
15640.527
16175.035
16801.852
17723.691
18375.051
18464.637
18969.035
18082.926
17567.316
17574.387
17562.988
17551.586
17549.883
17549.129
17538.445
17535.25
17534.012
17524.371
17527.805
17522.137
17519.816
17517.656
17536.203
17517.172
17510.598
17521.359
17522.324
17668.352
17497.594
17503.297
17650.523
17657.012
17510.219
17818.918
17837.305
17502.98
17515.629
17482.051
17660.754
17511.629
17359.344
17354.41
17353.879
17309.844
17510.809
17845.629
17551.266
17379.57
17395.719
17660.137
17723.281
17581.012
17461.871
17499.465
17497.809
17501.949
17488.457
17512.902
17800.879
17654.918
17332.098
17363.207
17336.59
17425.316
17492.129
17484.363
17483.219
17323.141
17337.953
17330.074
17634.238
17513.152
17646.703
17484.07
17655.027
17840.879
17366.52
17508.121
17660.066
17669.504
17522.199
17694.648
17704.41
17548.691
17375.539
17380.309
17907.688
17798.785
17788.918
17769.793
17503.246
17651.363
17659.516
17509.828
17503.305
17495.441
17667.602
17676.395
17679.328
17685.859
17530.891
17688.848
17672.309
17494.184
17508.648
17498.797
17503.469
17499.613
17882.746
18167.199
17519.559
17847.438
17832.539
17507.488
17510.996
17518.77
17525.301
17609.203
17798.441
17801.23
17493.328
17491.652
17664.676
17515.645
17807.918
17995.879
18000.973
17838.242
17610.363
17607.293
17619.707
17606.352
17600.355
18087.551
18259.219
17729.453
17569.887
17691.844
17750.313
17774.203
17600.797
17606.754
17601.93
17621.719
17897.816
17967.012
18261.07
18279.32
17770.645
17745.633
17742.285
17749.531
17749.375
18035.805
18190.391
17878.992
17748.785
18076.504
18198.41
17901.434
18030.844
18059.445
18164.773
18215.496
18069.793
17737.129
17738.633
17733.832
17734.242
17728.262
17714.176
17719.199
17737.203
18053.48
18046.68
18050.055
18041.023
17794.891
17790.188
17791.039
17813.137
17813.859
17937.828
18256.648
18455.297
18499.066
18285.723
18286.977
18680.059
18529.035
18180.078
18652.168
18190.176
17980.707
18155.137
18459.656
18930.504
18584.043
18617.762
18452.422
18237.598
18210.23
18176.375
18183.879
18152.746
18193.91
18188.391
18127.313
18152.691
18222.02
18207.25
18036.383
18059.238
18031.23
18027.656
18026.652
18027.027
18024.387
18023.176
18021.082
18315.438
18354.168
18013.25
18012.77
18184.859
18506.234
18529.703
18291.172
18386.922
18418.234
18072.543
18228.609
18227.723
18228.895
18233.566
18233.172
18234.266
18067.387
18222.93
18385.289
18381.949
18061.672
18185.629
18319.965
18211.684
18050.238
18053.164
18205.297
18210.121
18048.055
18044.84
18046.32
18047.031
18058.406
18045.027
18275.758
18216.078
18047.535
18212.313
18612.234
18482.688
18483.234
18303.207
18116.383
18167.121
18168.52
18333.707
18172.988
18311.918
18605.887
18459.953
18334.125
18152.195
18144.879
18287.191
18432.156
18458.219
18273.609
18235.172
18273.699
18306.531
18141.063
18112.539
18111.059
18133.801
18118.133
18119.668
18116.516
18269.195
18133.496
18124.496
18272.5
18107.121
18126.406
18364.605
18564.098
18220.309
18256.918
18066.777
18069.98
18107.105
18109.59
18125.086
18101.684
18104.055
18096.766
18128.453
18112.258
18178.387
18148.664
18630.184
18622.563
18439.523
18281.559
18271.469
18540.953
18438.383
18259.988
18420.824
18263.676
18360.246
18429.219
18277.133
18283.113
18284.816
18121.68
18118.711
18275.172
18285.352
18124.945
18137.992
18139.363
18133.469
18136.238
18138.559
18330.191
18488.738
18324.402
18491.508
18492.926
18167.449
18162.414
18161.574
18159.539
18160.969
18161.383
18160.539
18156.324
18156.836
18155.988
18151.379
18151.52
18152.121
18153.195
18156.078
18152.84
18155.664
18151.184
18150.484
18166.449
18165.688
18166.141
18157.641
18165.406
18185.488
18155.645
18162.289
18159.16
18171.93
18187.461
18162.34
18163.121
18164.27
18166.34
18167.734
18168.016
18169.613
18181.66
18166.895
18168.066
18169.281
18169.203
18166.777
18164.973
18164.895
18165.898
18162.762
18164.559
18165.484
18173.789
18179.191
18164.336
18162.891
18163.023
18181.234
18169.809
18174.172
18167.57
18190.906
18167.508
18166.66
18163.777
18165.422
18168.105
18182.809
18170.359
18169.32
18200.906
18171.168
18169.551
18169.082
18172.316
18172.656
18172.461
18177.738
18172.457
18172.418
18174.539
18179.125
18175.887
18176.613
18183.18
18180.883
18183.613
18187.301
18188.605
18189.242
18190.113
18189.254
18189.176
18190.254
18192.23
18188.992
18190.5
18189.484
18192.828
18182.613
18184.75
18180.715
18181.852
18183.531
18185.926
18208.391
18186.297
18184.504
18185.188
18192.672
18192.168
18192.0
18190.578
18188.813
18188.836
18192.754
18196.723
18194.543
18190.309
18192.242
18200.102
18229.813
18228.848
18190.961
18189.563
18190.156
18189.188
18188.84
18187.754
18187.117
18186.629
18188.156
18187.805
18188.836
18190.738
18189.652
18100.805
18098.816
18097.039
18097.07
18097.75
18094.973
18096.188
18095.348
18095.559
18095.387
18095.555
18097.922
16639.738
13741.055
