2010.017
1771.695
55.4
123.453
143.955
1338.059
0.261
296.691
727.565
986.148
1427.177
1973.401
746.897
1187.102
0.137
1115.38
1154.806
1756.218
1214.096
193.851
1447.78
1928.531
1714.143
764.875
1835.418
1128.361
1904.068
164.153
1534.616
337.074
1756.258
423.865
627.604
0.179
0.27
0.196
1898.58
0.314
0.262
0.261
0.401
0.284
0.317
0.238
0.295
0.295
0.43
0.297
0.279
0.282
0.282
0.241
0.227
0.288
0.289
0.279
0.265
0.251
0.237
0.278
0.244
1.543
0.328
0.11
0.276
0.22
0.288
0.26
0.235
0.258
0.28
0.269
0.212
0.216
0.235
0.281
0.263
0.266
0.247
0.218
0.212
0.255
0.18
0.161
0.127
0.285
0.325
0.115
0.72
0.272
0.209
0.227
0.304
0.22
0.238
0.323
0.262
0.331
0.236
0.25
0.199
0.195
0.203
0.215
0.199
0.291
0.285
0.237
0.226
0.252
0.206
0.317
1877.532
0.186
0.232
0.143
0.205
0.163
0.162
0.273
0.172
0.149
1.11
0.172
0.176
0.159
0.234
0.237
0.268
0.201
0.188
0.351
0.282
0.237
0.133
0.172
0.164
0.109
0.085
0.124
0.096
0.204
0.181
0.199
0.198
0.204
0.255
0.862
0.258
0.187
0.183
0.174
0.193
0.18
0.176
0.196
0.178
0.181
0.194
0.233
0.241
0.212
0.178
0.193
1911.118
1772.209
0.166
0.164
0.141
0.152
0.143
0.123
0.14
0.125
0.186
0.146
0.124
0.124
0.124
0.442
0.234
0.143
0.163
0.156
0.162
0.149
0.172
0.126
0.231
0.214
0.184
0.178
0.214
0.216
0.182
0.165
0.183
0.157
0.287
0.213
0.153
0.08
0.075
0.17
0.203
0.177
0.17
0.17
0.17
0.069
0.165
0.165
0.177
0.169
0.162
0.188
0.167
0.166
0.165
0.176
0.218
0.238
0.172
1972.062
0.091
0.076
0.184
0.1
0.134
0.074
0.148
0.18
0.145
0.22
0.083
0.167
0.193
0.134
0.115
0.094
0.207
0.186
0.227
0.239
0.191
0.213
0.188
0.226
0.215
0.168
0.188
0.224
0.176
0.229
0.548
0.198
0.184
0.144
0.188
0.149
0.138
0.138
0.138
0.18
0.184
0.121
0.261
2003.027
0.164
0.269
0.125
1889.034
0.142
0.161
0.153
0.159
0.154
0.145
0.142
0.146
0.138
0.135
0.179
0.171
0.138
0.198
0.137
0.133
0.193
0.149
0.143
0.14
0.133
0.138
0.134
0.136
0.133
0.155
0.137
0.136
0.134
0.144
0.135
0.221
0.111
0.054
0.053
0.145
0.074
0.102
0.079
0.146
0.145
0.149
0.144
0.151
0.148
0.149
0.146
0.113
0.19
0.147
0.112
0.104
0.159
0.164
0.107
0.112
0.104
0.154
0.145
0.11
0.154
0.147
0.111
0.167
0.162
0.157
0.109
0.142
0.173
0.142
0.191
0.192
0.142
0.106
0.098
0.143
0.145
0.143
0.142
0.176
0.113
0.156
0.161
0.145
0.158
0.143
0.145
0.151
3148.884
0.186
0.139
0.139
0.16
0.141
0.136
0.148
0.148
0.149
0.175
0.075
0.175
0.141
0.225
0.167
0.112
0.08
0.09
0.061
0.057
0.126
0.076
0.052
0.141
0.114
0.159
0.12
0.177
0.144
0.148
0.133
0.132
0.161
0.164
0.143
0.138
0.132
0.146
0.144
0.134
0.155
1526.998
902.65
0.182
0.176
0.115
0.102
0.137
0.113
0.124
0.108
0.154
0.139
0.112
0.144
0.125
0.103
0.105
0.151
0.145
0.155
0.138
0.138
0.261
0.072
0.116
0.052
0.046
0.052
0.045
0.359
0.151
0.142
0.129
0.081
0.108
0.153
0.071
0.179
0.228
0.123
0.147
0.13
0.128
2003.638
0.257
0.169
0.131
0.135
0.105
0.057
0.049
0.128
0.126
0.141
0.122
0.121
0.143
0.128
0.126
0.128
0.122
0.131
0.124
0.144
2181.431
0.089
0.128
0.1
0.123
0.121
0.163
0.157
0.121
0.122
0.111
0.125
0.123
0.124
0.121
0.126
0.123
0.12
0.121
0.092
0.159
0.127
0.109
0.108
0.061
0.096
0.137
0.158
0.141
0.121
0.132
0.104
0.131
0.156
0.093
0.121
0.153
3019.156
0.185
0.175
0.154
0.089
0.083
0.103
0.12
0.089
0.164
0.18
0.833
0.176
0.2
0.155
0.118
0.108
0.106
0.113
0.123
0.176
0.134
0.133
0.131
0.148
0.163
0.131
0.116
0.108
0.112
0.117
0.125
0.114
0.108
0.112
0.112
0.149
0.146
0.113
0.114
0.111
0.052
0.129
0.126
0.117
0.11
0.839
0.118
0.115
0.113
0.156
0.19
0.109
0.193
0.166
0.116
0.144
0.105
0.106
0.158
0.061
0.049
0.106
0.106
0.056
0.055
0.172
0.105
0.111
0.108
0.108
0.113
0.119
0.125
0.105
0.102
0.13
0.117
0.111
0.113
0.141
0.12
0.123
0.109
0.067
0.106
0.105
0.108
0.108
0.089
0.122
0.103
0.129
0.109
0.118
0.154
0.109
0.14
0.159
0.135
0.128
0.094
0.174
0.08
0.082
0.083
0.068
0.116
0.114
0.151
0.144
0.125
0.117
0.111
0.115
0.121
0.115
0.15
0.11
0.114
0.115
0.114
0.086
0.111
0.131
0.116
0.131
0.114
0.133
0.121
0.143
0.111
0.084
2010.315
0.132
0.128
0.116
0.101
0.13
0.103
0.099
0.213
0.193
0.118
0.124
0.081
0.11
0.078
0.113
0.129
0.11
0.128
0.113
0.132
0.113
0.112
0.109
0.077
0.125
0.109
0.13
0.086
0.111
0.138
0.099
0.107
0.131
0.082
0.121
0.083
0.124
0.117
0.037
0.055
0.063
0.055
0.049
0.081
0.045
0.046
0.046
0.049
0.06
0.114
0.141
0.166
0.114
0.1
0.07
0.084
0.113
0.124
0.082
0.046
0.045
0.101
0.166
0.107
0.075
0.114
0.081
0.073
0.076
0.053
0.127
0.117
0.086
0.106
0.11
0.056
2002.758
0.106
0.09
0.124
0.187
0.087
0.057
0.178
0.096
0.099
0.106
0.108
0.128
0.107
0.126
0.123
0.103
0.119
0.11
0.11
0.154
0.106
1979.125
0.116
0.113
0.107
0.121
0.098
0.097
0.101
0.092
0.131
0.106
0.104
0.102
0.116
0.105
0.121
0.106
0.054
0.035
0.035
0.033
0.033
0.031
0.03
0.027
0.027
0.033
0.029
0.028
0.125
0.102
0.078
0.072
0.083
0.075
2952.688
0.087
0.093
0.106
0.1
0.069
0.044
0.03
0.12
0.109
0.182
0.101
0.113
0.053
0.044
0.03
0.065
0.055
0.032
0.033
0.029
0.049
0.031
0.027
0.028
0.031
0.033
0.031
0.024
2027.865
0.115
0.107
0.104
0.129
0.112
0.073
0.096
0.047
0.031
0.028
0.035
2044.289
0.127
0.114
0.105
0.103
0.12
0.104
0.121
0.13
0.13
0.103
0.095
0.103
0.153
0.109
0.095
0.096
0.111
0.102
0.104
0.094
0.098
0.126
0.099
0.097
0.066
0.102
0.1
0.128
0.099
0.12
0.098
0.101
0.107
0.113
0.101
0.103
0.104
0.152
0.122
0.114
0.114
0.114
0.204
0.095
0.11
0.124
0.12
0.102
0.119
0.103
0.095
0.101
0.095
0.099
0.133
0.109
0.111
0.113
0.101
0.106
0.156
0.136
0.129
0.098
0.097
0.136
0.114
0.108
0.114
0.091
0.058
0.053
0.037
0.041
0.054
0.027
0.033
0.057
0.099
0.115
0.03
0.029
0.068
0.043
0.028
0.081
0.028
0.033
0.021
0.021
0.019
0.101
0.1
0.092
0.109
0.076
0.071
0.126
0.108
0.101
0.111
0.175
0.079
0.101
0.101
0.072
0.078
0.092
0.071
0.067
0.058
0.046
0.047
0.054
0.045
0.108
0.205
0.082
0.073
0.095
0.096
0.085
3541.492
0.101
0.103
0.107
0.091
0.1
0.132
0.094
0.112
0.109
0.101
0.065
0.121
0.072
0.12
0.094
0.152
0.073
0.062
0.091
0.097
0.127
0.121
0.102
0.101
0.155
0.123
0.092
0.097
0.11
0.095
0.099
0.091
0.03
0.105
0.113
0.102
0.1
0.095
0.098
0.095
0.098
0.092
0.1
0.099
0.103
0.137
0.112
0.129
0.105
0.1
0.098
0.104
0.109
0.106
0.103
0.114
0.116
0.142
0.109
0.121
0.115
0.094
0.108
0.094
0.1
0.098
0.106
0.094
0.179
0.129
0.094
0.109
0.094
0.093
0.109
0.103
0.092
0.095
0.095
0.107
0.094
0.103
0.059
0.103
0.11
0.058
0.059
0.12
0.076
0.102
0.086
0.095
0.104
0.078
0.057
0.083
0.095
0.056
0.036
0.064
0.053
0.093
0.029
0.031
0.029
0.059
0.144
0.136
0.096
0.078
0.049
0.113
0.072
0.06
0.06
0.103
0.105
0.136
0.148
0.122
0.146
0.122
0.1
0.07
0.102
0.057
0.11
0.109
0.113
0.165
0.12
0.09
0.089
0.101
0.042
0.072
0.04
0.095
0.09
0.09
1952.866
0.082
0.101
1915.383
0.118
0.111
0.119
3109.022
0.103
0.092
0.095
0.1
0.098
0.099
0.088
0.107
0.101
0.109
0.098
0.123
0.111
0.103
0.089
0.091
0.088
0.123
0.094
0.129
0.106
0.089
0.103
0.093
0.1
0.115
0.139
0.103
0.094
0.1
0.135
0.103
0.107
0.087
0.101
0.089
0.118
0.116
0.057
0.151
0.102
0.074
0.046
0.117
0.127
0.102
0.107
0.091
0.088
0.124
0.123
0.117
0.11
0.117
0.092
0.108
0.1
0.093
0.142
0.11
0.105
0.102
0.091
0.098
0.107
0.102
0.089
0.138
0.104
0.089
0.089
0.098
0.151
0.099
0.099
0.098
0.122
0.084
0.089
0.138
0.073
0.052
0.088
0.113
0.041
0.035
0.061
3198.778
0.057
0.091
0.136
0.093
0.131
0.11
0.11
0.101
0.091
0.089
0.133
0.135
0.095
0.104
0.13
0.09
0.105
0.109
0.104
0.107
0.089
0.099
0.096
0.106
0.101
0.137
0.112
0.108
0.118
0.09
0.096
0.099
0.067
0.177
0.079
0.069
0.073
0.065
0.06
0.076
0.06
0.085
0.069
0.058
0.055
0.058
2357.169
0.14
0.105
0.101
0.106
0.101
0.105
0.134
0.137
0.102
0.067
0.087
0.036
0.045
0.073
0.097
0.078
0.074
0.077
0.121
0.048
0.109
0.066
0.065
0.13
0.13
0.109
0.054
0.049
0.091
0.095
1114.202
0.072
0.111
0.064
0.077
0.22
0.1
0.218
0.127
0.104
0.11
0.11
0.095
0.143
0.082
0.132
0.105
0.09
0.089
0.1
0.102
0.085
0.106
0.094
0.096
0.109
0.087
0.094
0.15
0.088
0.071
0.05
0.05
0.046
0.19
0.158
0.044
2068.078
0.041
0.065
0.077
0.137
0.096
0.068
0.072
0.069
0.07
0.064
0.062
0.07
0.067
0.048
0.075
0.159
0.083
0.075
0.075
0.086
0.108
0.069
0.06
0.14
0.061
1866.682
0.108
0.067
0.088
0.175
0.119
0.126
0.129
0.103
0.088
0.088
0.104
0.104
0.089
0.114
0.117
0.094
0.121
0.202
0.112
0.171
0.137
0.094
0.132
0.093
0.094
0.106
0.085
2122.723
0.103
0.103
0.091
0.11
0.086
0.108
0.109
0.109
0.095
0.112
0.098
0.1
0.093
0.098
0.092
0.088
0.096
0.069
0.086
0.085
0.046
0.054
0.064
0.049
0.063
0.105
0.124
0.089
0.105
0.09
0.095
0.116
0.071
0.101
0.049
0.025
0.033
0.024
0.038
0.052
0.055
0.036
0.037
0.049
0.065
0.098
0.101
0.111
0.112
0.087
0.095
0.056
0.095
0.074
0.054
0.123
0.078
0.104
0.121
0.065
0.056
1983.967
0.091
0.089
0.117
0.086
0.093
0.099
0.122
0.093
0.053
0.046
0.098
0.091
0.084
0.114
0.088
0.095
0.073
0.087
1992.615
0.116
0.095
0.116
0.136
0.086
0.09
0.101
0.112
0.125
0.107
0.1
0.104
0.093
0.092
0.088
0.122
0.097
0.099
0.125
0.114
0.078
0.063
0.084
0.08
0.073
0.081
0.061
0.076
0.111
0.128
0.282
0.115
0.113
0.037
0.06
0.079
0.154
0.083
0.057
0.077
0.068
0.123
0.069
0.065
0.061
0.072
0.054
0.086
0.117
0.072
0.138
0.102
0.107
1934.093
0.088
0.115
0.137
0.099
0.105
0.101
0.092
1981.485
0.112
0.096
0.094
0.096
0.105
0.098
0.111
0.083
0.095
0.078
0.058
0.074
0.129
0.112
0.2
0.106
0.093
0.123
0.103
0.112
0.095
0.11
0.093
1887.702
0.108
0.114
0.067
0.056
0.108
0.116
0.083
0.068
0.099
0.099
0.106
0.071
0.1
0.103
0.066
0.101
0.089
0.106
0.095
0.089
0.086
0.087
0.099
0.091
0.06
0.096
0.127
0.116
0.11
0.107
0.039
0.034
0.097
0.115
0.104
0.088
0.062
0.078
0.055
0.074
0.065
0.063
0.064
0.074
0.065
0.102
0.178
0.138
0.041
0.096
0.105
0.088
0.086
0.105
0.128
2002.34
0.087
0.075
0.065
0.139
0.069
0.063
0.067
0.066
0.07
0.06
0.071
0.114
0.073
0.072
0.055
0.106
0.128
0.1
0.086
0.106
0.133
0.111
0.107
0.07
0.112
0.113
0.093
0.083
0.076
0.096
0.114
0.073
0.105
0.106
0.112
0.093
0.116
0.086
0.062
0.067
0.094
0.106
0.106
0.113
0.067
0.105
0.105
0.088
0.106
0.092
0.115
0.148
0.106
0.104
0.116
0.078
0.094
0.113
0.093
0.08
0.066
0.124
0.106
0.129
0.087
0.111
0.032
0.067
0.079
0.104
0.077
0.036
0.074
0.079
0.059
0.065
0.063
0.06
0.056
0.049
0.052
0.058
0.063
0.058
0.07
0.056
0.061
0.073
0.107
0.086
0.071
0.071
0.078
0.061
0.053
0.055
0.118
0.11
0.123
0.13
0.09
0.088
0.116
0.137
0.084
0.089
0.145
0.14
2043.336
0.126
0.122
0.139
0.122
0.099
0.12
0.11
0.105
0.05
0.11
0.136
0.132
0.134
0.064
0.075
0.065
0.071
0.106
0.106
0.112
1022.378
0.063
0.107
0.16
0.123
0.124
0.13
0.113
0.095
0.124
0.105
0.14
0.122
0.131
0.129
0.124
0.12
0.098
0.126
0.122
0.127
0.111
0.115
0.073
0.074
0.116
0.2
0.087
0.082
0.079
0.058
0.077
0.043
0.113
0.096
0.077
0.037
0.065
0.099
0.098
0.127
0.139
0.097
0.112
0.076
0.139
0.071
0.108
0.094
0.07
0.043
0.093
0.063
0.126
0.097
0.07
1.134
0.137
0.041
0.028
0.041
0.044
0.049
0.077
0.042
0.054
0.096
0.065
0.068
0.066
0.085
0.055
0.087
0.064
0.059
0.061
0.08
0.06
0.078
0.068
0.068
0.05
0.066
0.068
0.091
0.111
0.067
0.114
0.136
0.077
0.072
0.064
0.066
0.071
0.061
0.063
2105.994
0.117
0.1
0.089
0.073
0.048
0.065
0.128
0.068
0.116
0.331
0.093
0.111
0.062
0.06
0.093
0.113
0.083
0.055
0.063
0.054
0.057
0.138
0.094
0.062
0.081
0.102
0.105
0.081
0.131
0.077
0.083
0.074
0.101
0.088
0.091
0.077
0.101
0.108
0.095
0.094
0.103
0.087
0.06
0.068
0.101
0.087
0.086
0.175
0.119
0.207
0.147
0.109
0.095
0.069
0.069
0.073
0.052
0.094
0.055
0.105
0.101
0.086
0.06
0.1
0.066
0.092
0.125
0.064
0.106
0.107
0.109
0.078
0.101
0.1
0.062
0.091
0.119
0.108
0.071
0.102
0.085
0.071
0.101
0.117
0.079
0.058
0.104
0.043
0.055
0.054
0.101
0.106
0.091
0.212
2180.269
0.066
0.086
0.137
0.092
0.071
0.1
0.033
0.087
0.085
0.11
0.086
0.104
0.11
0.145
0.093
0.064
0.044
0.029
0.09
0.121
0.113
0.09
0.097
0.088
0.136
0.1
0.108
0.093
0.074
0.082
0.09
0.095
0.105
0.096
0.124
0.103
0.108
0.088
0.119
0.11
0.092
0.112
1870.154
0.102
0.093
0.126
0.113
0.087
0.11
0.085
0.121
0.084
0.137
0.102
0.102
0.098
0.084
0.08
0.057
0.086
0.119
1888.528
0.068
0.085
3035.018
0.061
0.06
0.051
0.055
0.053
0.07
0.066
0.062
0.063
0.06
0.051
0.097
0.084
0.076
0.055
0.073
0.062
0.043
0.05
0.068
0.062
0.098
0.098
0.089
0.055
0.081
0.071
0.108
0.103
0.038
0.106
0.067
0.107
0.095
0.14
0.079
0.112
0.078
0.061
0.067
0.079
0.063
0.073
1012.32
0.084
0.085
0.078
0.059
0.072
0.07
0.087
0.158
0.114
0.132
0.09
0.099
0.104
0.099
0.083
0.094
0.086
0.043
0.052
0.031
0.025
0.083
0.048
0.118
0.112
0.078
0.109
0.196
0.084
0.088
0.088
0.104
0.164
0.135
0.081
0.102
0.082
0.078
0.079
0.043
0.123
0.11
2018.045
0.102
0.062
0.061
0.084
0.082
0.062
0.053
0.055
0.094
0.062
0.062
0.109
0.13
0.077
0.097
0.087
0.063
0.052
0.085
2002.922
0.062
0.086
0.074
0.087
0.058
0.059
0.055
0.13
0.127
0.076
0.064
0.125
0.068
0.142
0.158
0.081
0.067
0.07
0.085
0.038
0.031
0.031
0.025
0.033
0.027
0.057
0.134
0.135
0.147
0.136
0.1
0.09
0.098
0.1
0.09
0.147
0.123
0.106
2054.29
0.06
0.101
0.111
0.102
0.067
0.085
0.103
0.123
0.092
0.118
0.095
0.077
0.095
0.11
0.08
0.083
0.114
1965.659
0.106
0.074
0.07
0.049
0.052
0.049
0.07
0.081
0.071
0.111
0.124
0.119
0.127
0.101
0.084
0.106
0.108
0.111
0.082
0.048
0.109
0.103
0.085
0.12
0.09
0.101
0.108
0.093
0.104
0.127
0.095
0.117
0.089
0.11
0.097
0.088
0.093
0.089
2000.704
0.091
0.101
0.117
0.058
0.084
0.097
0.097
0.079
0.087
0.066
0.117
0.1
0.118
0.096
0.097
0.077
0.105
0.074
0.096
0.112
0.079
0.104
0.107
0.083
0.116
0.068
0.106
0.096
0.083
0.075
0.071
0.104
0.076
0.114
0.073
0.104
0.11
0.097
0.102
0.099
0.096
0.146
0.134
0.086
0.109
0.096
0.098
0.048
0.094
0.097
0.096
0.101
0.086
0.103
0.086
0.126
0.108
0.118
0.102
0.088
0.1
0.098
0.124
0.098
0.091
0.089
0.087
0.102
0.095
0.131
0.125
0.114
0.112
0.102
0.113
0.128
0.114
0.09
0.089
0.101
0.085
0.086
0.089
0.096
0.131
0.105
0.102
0.124
0.09
0.095
0.1
0.094
0.103
0.119
0.101
0.109
0.104
0.115
0.087
0.091
0.09
0.11
0.111
0.083
0.089
0.089
0.156
0.174
0.093
0.123
0.097
0.089
0.101
0.099
0.106
0.086
0.088
0.094
0.085
0.086
0.097
0.096
0.127
0.116
0.093
0.086
0.088
0.104
0.117
0.101
0.078
0.137
0.129
0.095
0.093
0.089
0.097
0.077
0.128
0.139
0.094
0.089
0.119
0.089
0.097
0.091
0.105
0.102
0.074
0.106
0.115
0.059
0.088
0.131
0.115
0.111
0.105
0.108
0.104
0.109
0.111
0.091
0.089
0.087
0.125
0.143
0.103
0.09
0.103
0.087
0.094
0.103
0.104
0.119
0.131
0.115
0.104
0.112
0.096
0.09
0.075
0.102
0.088
0.09
0.087
0.132
0.112
0.135
0.129
0.105
0.089
0.089
0.115
0.105
0.097
0.094
0.088
0.088
0.057
0.096
0.068
0.09
0.102
0.111
0.122
0.074
0.119
0.099
0.114
0.094
0.083
0.118
0.087
0.128
0.11
0.116
0.098
0.095
0.1
0.096
0.15
0.108
0.103
0.119
0.121
0.123
0.095
0.138
0.133
0.101
0.102
0.106
0.096
0.101
0.062
0.114
0.104
0.092
0.102
0.095
0.126
0.1
2.052
0.117
0.079
0.11
0.126
0.087
0.132
0.111
0.087
0.105
0.091
0.116
0.108
0.119
0.113
0.138
0.091
0.098
0.086
0.111
0.1
0.097
0.142
0.099
0.099
0.113
0.094
0.101
0.099
0.099
0.102
0.089
0.093
0.096
0.086
0.089
0.089
0.128
0.094
0.13
0.121
0.126
0.09
0.09
0.112
0.12
0.134
0.078
0.061
0.05
0.062
0.089
0.121
0.094
0.086
0.099
0.103
0.076
0.094
0.095
0.104
0.1
0.094
0.093
0.093
0.089
0.089
0.121
0.069
0.102
0.089
0.094
0.081
0.1
0.103
0.078
0.091
0.061
0.088
0.096
0.096
0.096
0.095
0.097
0.09
0.096
0.103
0.087
0.143
0.097
0.09
0.097
0.089
0.091
0.117
0.153
0.083
0.106
0.102
0.108
0.116
0.085
0.105
0.091
0.124
0.138
0.058
0.101
0.09
0.133
0.095
0.099
0.089
0.104
0.109
0.105
0.087
0.111
0.103
0.107
0.119
2.232
0.186
0.094
0.138
0.082
0.065
0.149
0.093
0.107
0.13
0.108
0.116
0.091
0.095
0.088
0.104
0.09
0.096
0.1
0.444
0.128
0.105
0.15
0.107
0.11
0.096
0.106
0.088
0.095
0.098
0.088
0.168
0.099
0.107
0.251
0.096
0.124
0.149
0.107
0.108
0.123
0.121
0.112
0.159
0.144
0.166
0.123
0.105
0.099
0.092
0.086
0.098
0.092
0.104
0.09
0.093
0.087
0.052
0.078
0.051
0.104
0.097
0.233
0.115
0.101
0.095
0.086
0.103
0.084
0.096
0.105
0.108
0.161
0.123
0.072
0.115
0.099
0.103
0.106
0.09
0.074
0.085
0.107
0.132
0.105
0.1
0.11
0.091
0.086
0.109
0.097
0.092
0.083
0.111
0.11
0.104
0.108
0.128
0.086
0.092
0.131
0.124
0.325
0.089
0.087
0.248
0.102
0.094
0.121
0.092
0.104
0.086
0.083
0.109
0.081
0.507
0.443
0.116
0.175
0.106
0.108
0.092
0.097
0.096
0.096
0.098
0.135
0.092
0.065
0.103
0.088
0.121
0.083
0.112
0.093
0.086
0.099
0.083
0.131
0.096
0.219
0.097
0.115
0.083
0.104
0.096
0.123
0.105
0.115
0.092
0.13
0.128
0.113
0.088
0.097
0.097
0.129
0.096
0.102
0.085
0.146
0.102
0.093
0.116
0.094
0.089
0.086
0.095
0.055
0.093
0.104
0.11
0.251
0.141
0.128
0.091
0.167
0.094
0.112
0.127
0.108
0.111
0.104
0.119
0.082
0.11
0.169
0.107
0.11
0.075
0.123
0.124
0.098
0.111
1877.207
0.169
0.137
0.097
0.114
0.103
0.121
0.117
0.115
0.125
0.125
0.121
0.092
0.09
0.089
0.086
0.087
0.114
0.1
0.084
0.095
0.092
0.102
0.115
0.105
0.105
0.086
0.089
0.095
2472.715
0.12
0.08
0.068
0.063
0.059
0.07
0.052
0.06
0.066
0.053
0.054
0.113
0.105
0.098
0.095
0.098
0.094
0.093
0.044
0.087
0.092
0.108
0.134
0.136
0.107
0.11
0.121
0.095
0.093
0.093
0.089
0.097
0.111
0.125
0.109
0.105
0.086
0.086
0.083
0.096
0.091
0.08
0.085
0.085
0.094
0.099
0.088
0.102
0.08
0.12
0.101
0.09
0.089
0.085
0.091
0.102
0.09
0.108
0.107
0.113
0.106
0.098
0.108
0.118
0.091
0.163
0.113
0.096
0.102
0.103
0.094
0.084
0.101
0.138
0.122
0.127
0.103
0.098
0.111
0.127
0.119
0.097
0.096
0.093
0.059
0.088
0.1
0.075
0.086
0.1
0.133
0.094
0.102
0.124
0.084
0.105
0.082
0.1
0.091
0.094
0.087
0.108
0.098
0.126
0.118
0.083
0.099
0.09
0.082
0.115
0.101
0.112
0.099
0.082
0.093
0.058
0.087
0.101
0.098
0.098
0.082
0.11
0.061
0.047
0.106
0.12
0.109
0.115
0.146
0.096
0.087
0.094
0.089
0.081
0.086
0.059
0.092
0.102
0.089
0.093
0.094
0.093
0.106
0.104
0.109
0.067
0.124
0.103
0.097
0.115
0.092
0.104
0.1
0.088
0.093
0.082
0.093
0.112
0.111
0.085
0.129
0.101
0.124
0.112
0.085
0.104
0.096
0.104
0.127
0.105
0.104
0.1
0.107
0.092
0.133
0.097
0.146
0.07
0.104
0.104
0.13
0.053
0.057
0.087
0.064
0.074
0.125
0.063
0.079
0.07
1002.307
0.128
0.114
0.1
0.103
0.102
0.08
0.096
0.101
0.087
0.097
0.104
0.099
0.132
0.096
0.081
0.088
0.083
0.089
0.095
0.095
0.086
0.08
0.084
0.09
0.093
0.108
0.114
0.087
0.084
0.08
0.096
0.087
0.101
0.09
0.061
0.089
0.089
0.085
0.14
0.092
0.106
0.088
0.087
0.09
0.106
0.085
0.089
0.093
0.093
0.098
0.091
0.091
0.108
0.103
0.094
0.085
0.082
0.099
0.113
0.111
0.079
0.089
0.094
0.098
0.1
0.079
0.093
0.09
0.074
0.125
0.092
0.135
0.099
0.102
0.109
0.099
0.104
0.116
0.091
0.081
0.1
0.1
0.087
0.081
0.107
0.196
0.097
0.14
0.072
0.101
0.243
0.085
0.083
0.103
0.114
0.081
0.102
0.1
0.095
0.126
0.095
0.116
0.149
0.132
0.081
0.09
0.125
0.084
0.101
0.054
0.083
0.081
0.093
0.083
0.084
0.107
0.064
0.064
0.065
0.105
0.089
0.094
0.131
0.103
0.107
0.086
0.089
0.086
0.09
0.066
0.102
0.082
0.082
0.123
0.084
0.13
0.132
0.094
0.083
0.136
0.081
0.091
0.091
0.08
0.095
0.097
0.085
0.083
0.081
0.116
0.088
0.118
0.089
0.09
0.09
0.084
0.085
0.09
0.125
0.092
0.104
0.096
0.093
0.127
0.103
0.111
0.105
0.117
0.094
0.103
0.154
0.101
0.101
0.129
0.108
0.104
0.105
0.134
0.099
0.128
0.103
0.11
0.108
0.104
0.08
0.079
0.081
0.093
0.094
0.101
0.118
0.119
0.09
0.082
0.131
0.108
0.114
0.095
0.083
0.085
0.099
0.077
0.086
0.081
0.107
0.147
0.115
0.098
0.102
0.111
0.103
0.186
0.092
0.1
0.118
0.078
0.084
0.091
0.087
0.092
0.098
0.105
0.128
0.092
0.107
0.081
0.082
0.08
0.098
0.153
0.089
0.124
0.117
0.097
0.086
0.088
0.107
0.105
0.098
0.501
0.116
0.113
0.108
0.096
0.09
0.089
0.095
0.056
0.088
0.094
0.094
0.168
0.084
0.066
0.055
0.054
0.086
0.087
0.085
0.094
0.092
0.086
0.082
0.088
0.096
0.081
0.083
0.12
0.082
0.092
0.084
0.121
0.093
0.103
0.086
0.097
0.08
0.103
0.089
0.108
0.171
0.179
0.09
0.084
0.083
0.083
0.078
0.087
0.099
0.094
0.11
0.107
0.079
0.098
2011.316
0.085
0.081
0.081
0.11
0.081
0.081
0.1
0.118
0.085
0.096
0.078
0.095
0.08
0.132
0.095
0.085
0.088
0.087
0.081
0.081
0.087
0.087
0.087
0.112
0.106
0.113
0.102
0.099
0.101
0.098
0.078
0.088
0.096
0.079
0.137
0.08
0.081
0.081
0.105
0.121
0.096
0.084
0.081
0.082
0.107
0.071
0.106
0.084
0.094
0.088
0.093
0.076
0.109
0.098
0.09
0.078
0.079
0.083
0.083
0.091
0.107
0.093
0.103
0.086
0.133
0.116
0.097
0.1
0.071
0.054
0.058
0.058
0.051
0.058
0.031
0.05
0.049
2008.06
0.078
0.109
0.089
0.09
0.084
0.089
0.092
0.118
0.106
0.087
0.082
0.094
0.093
0.076
0.088
0.079
0.069
0.072
0.084
0.081
0.082
0.085
0.106
0.122
0.076
0.081
0.097
0.082
0.097
0.091
0.101
0.105
0.092
0.084
0.096
0.082
0.09
0.103
0.077
0.097
0.08
0.078
0.089
0.086
0.076
0.03
0.051
0.042
0.088
0.07
0.091
0.09
0.083
0.092
0.078
0.085
0.093
0.079
0.095
0.086
0.042
0.043
0.061
0.078
0.064
0.085
0.11
0.107
0.112
0.087
0.096
0.109
0.109
0.088
0.091
0.076
0.12
0.092
0.09
0.081
0.088
0.111
0.079
0.083
0.111
0.106
0.081
0.286
0.115
0.197
0.081
0.09
0.105
0.09
0.1
0.127
0.117
0.098
0.082
0.095
0.093
0.122
0.081
0.104
0.124
0.072
0.073
0.057
0.103
0.086
0.082
0.098
0.115
0.102
0.1
0.098
0.092
0.063
0.116
0.097
0.092
0.081
0.071
0.082
0.099
0.092
0.078
0.081
0.094
0.094
0.088
0.12
0.082
0.105
0.093
0.107
0.123
0.082
0.1
0.097
0.096
0.077
0.091
0.08
0.089
0.105
0.141
0.082
0.099
0.082
0.084
0.097
0.125
0.11
0.107
0.088
0.083
0.082
0.082
0.1
0.071
0.091
0.106
0.083
0.088
0.112
0.094
0.08
0.098
0.099
0.111
0.111
0.07
0.059
0.041
0.095
0.091
0.049
0.03
0.082
0.058
0.08
0.039
0.039
0.112
0.067
0.055
0.041
0.064
0.044
0.04
0.042
0.058
0.111
0.094
0.108
0.051
0.096
0.069
0.17
0.088
0.083
0.114
0.095
0.053
2033.753
0.109
0.089
0.083
0.094
0.094
0.101
0.085
0.095
0.094
0.095
0.122
0.106
0.093
0.086
0.099
0.06
0.065
0.082
0.074
0.093
0.09
0.096
0.1
0.077
0.088
0.037
0.07
0.089
0.124
0.122
0.094
0.092
0.078
0.093
0.091
0.077
0.088
0.084
0.044
0.074
0.047
0.02
0.029
0.083
0.071
0.064
0.046
0.06
0.074
0.056
0.051
0.046
0.05
0.049
0.048
0.049
0.044
0.043
0.047
0.05
0.047
0.048
0.058
0.064
0.054
0.045
0.045
0.066
1506.565
0.104
0.079
0.085
0.092
0.109
0.093
0.084
0.08
0.057
0.089
0.104
0.077
0.087
0.096
0.106
0.101
0.087
0.123
0.121
0.091
0.11
0.086
0.091
0.111
0.098
0.089
0.113
0.085
0.11
0.085
0.113
0.092
0.08
0.107
0.092
0.08
0.08
0.083
0.091
0.08
0.072
0.099
0.09
0.037
0.085
0.102
0.096
0.036
0.04
0.072
0.093
0.047
0.096
0.04
0.043
0.06
0.062
0.108
0.114
0.103
632.942
875.485
586.93
654.719
255.575
122.486
984.997
485.143
645.589
123.408
1094.729
214.239
696.432
18.711
1164.612
0.107
0.196
0.108
0.109
0.089
0.118
0.099
0.149
0.084
0.098
0.145
0.119
0.093
0.09
0.106
0.123
0.127
0.11
0.096
0.138
0.115
0.097
0.106
0.096
0.14
0.14
0.086
0.117
0.134
0.135
0.136
0.127
0.076
0.106
0.123
0.091
0.095
0.102
0.137
0.109
0.123
0.098
0.09
0.134
0.101
0.126
0.118
0.102
0.124
0.099
0.122
0.087
0.141
0.128
0.13
0.147
0.155
0.133
0.117
0.115
0.104
0.098
0.136
0.131
0.112
0.152
0.078
0.12
0.139
0.115
0.125
0.081
0.107
0.117
0.088
0.09
0.121
0.161
0.125
0.133
0.138
0.152
0.166
0.167
0.098
0.145
0.111
0.143
0.097
0.133
0.134
0.139
0.103
0.089
0.105
0.145
0.092
0.114
0.126
0.12
0.103
0.088
0.085
0.091
0.131
0.098
0.11
0.101
0.092
0.108
0.126
0.102
0.122
0.096
0.099
0.143
0.105
0.122
0.121
0.092
0.114
0.095
0.1
0.092
0.124
0.114
0.099
0.09
0.128
0.138
0.138
0.085
0.126
0.14
0.129
0.138
0.142
0.134
0.129
0.127
0.096
0.142
0.181
0.151
0.144
0.137
0.123
0.08
0.111
0.122
0.153
0.158
0.106
0.155
0.101
0.135
0.133
0.13
0.115
0.112
0.133
0.103
0.111
0.141
0.167
0.125
0.153
0.154
0.15
0.176
0.146
0.14
0.132
0.112
0.112
0.106
0.107
0.142
0.106
0.106
0.182
0.151
0.177
0.122
0.149
0.177
0.141
0.13
0.193
0.194
0.116
0.057
0.158
0.203
0.496
0.185
0.115
0.167
0.152
0.153
0.176
0.209
0.174
0.157
0.155
0.363
0.201
0.057
0.124
0.115
0.084
0.094
0.082
0.13
0.149
1475.518
1996.12
2094.293
1707.828
782.914
2061.589
2061.876
1564.989
0.112
0.134
0.135
0.135
0.148
0.114
0.11
0.112
0.139
0.134
0.164
0.11
0.08
0.094
0.116
0.138
0.111
0.094
0.144
0.191
0.139
0.16
0.138
0.153
0.17
0.134
0.103
0.18
0.175
0.161
0.118
0.118
0.1
0.138
0.151
0.155
0.161
0.133
0.152
0.171
0.172
0.176
0.076
0.142
0.108
0.109
0.117
0.146
0.121
0.107
0.145
0.105
0.156
0.132
0.133
0.124
0.15
0.139
0.118
0.108
0.12
0.099
0.108
0.097
0.095
0.14
0.109
0.133
0.097
0.11
0.171
0.13
0.127
0.14
0.127
0.083
0.119
0.071
0.11
0.2
0.25
0.092
0.07
0.089
0.081
0.083
0.09
0.08
0.088
0.09
0.053
0.052
0.112
0.088
0.082
0.089
0.089
0.085
0.09
0.083
0.061
0.085
0.064
0.046
0.068
0.088
0.091
0.055
0.09
0.086
0.063
0.082
0.033
0.113
0.087
0.124
0.111
0.11
0.097
0.098
0.102
0.085
0.11
0.11
0.128
0.123
0.111
0.094
0.103
0.106
0.1
0.113
0.112
0.129
0.119
0.1
0.095
0.127
0.111
0.112
0.088
0.112
0.115
0.084
0.089
0.108
0.117
0.092
0.144
0.108
0.264
0.172
0.128
0.104
0.097
0.109
0.084
0.103
0.1
0.113
0.134
0.104
0.118
0.096
0.103
0.095
0.147
0.099
0.092
0.092
0.105
0.098
0.063
0.119
0.124
0.148
0.098
0.097
0.11
0.094
0.095
0.108
0.051
0.135
0.117
0.111
0.106
0.127
0.106
0.138
0.133
0.15
0.105
0.114
0.105
0.131
0.914
0.103
0.154
0.768
0.134
0.153
0.083
0.16
0.173
0.116
0.147
0.082
0.106
0.137
0.094
0.157
0.08
0.07
0.069
0.092
0.384
0.206
0.109
0.126
0.11
0.133
0.094
0.092
0.144
0.204
0.147
0.203
0.105
0.109
0.051
0.059
0.057
0.097
0.203
0.122
0.121
0.117
0.137
0.101
0.112
0.053
0.057
0.138
0.162
0.132
0.212
0.112
0.073
0.069
0.136
0.162
0.131
0.086
0.129
0.125
0.131
0.197
0.133
0.108
0.122
0.189
0.196
0.11
0.116
0.177
0.132
0.152
0.109
0.102
0.109
0.092
0.147
0.119
0.145
0.152
0.157
0.148
0.155
0.1
0.097
0.07
0.136
0.102
0.094
0.149
0.102
0.127
0.196
0.092
0.16
0.149
0.119
0.113
0.09
0.112
0.311
0.135
0.133
0.115
0.182
0.153
0.241
0.137
0.132
0.219
0.336
0.159
0.168
0.108
0.175
0.164
0.103
0.167
0.168
0.123
0.149
0.135
0.138
0.124
0.173
0.148
0.151
0.178
0.165
0.162
0.145
0.129
0.157
0.178
0.198
0.16
0.15
0.112
0.13
0.209
0.151
0.225
0.099
0.122
0.197
0.118
0.085
0.147
0.146
0.138
0.105
0.134
0.184
0.134
0.149
0.133
0.116
0.122
0.153
0.082
0.114
0.087
0.101
0.19
0.175
0.116
0.197
0.185
0.118
0.125
0.093
0.168
0.188
0.216
0.145
0.169
0.124
0.15
0.19
0.127
0.153
0.231
0.241
0.118
0.179
0.147
0.12
0.173
0.123
0.132
0.174
0.224
0.195
0.127
0.197
0.139
0.162
0.13
0.131
0.131
0.099
0.102
0.121
0.113
0.11
0.152
0.122
0.078
0.085
0.125
0.118
0.118
0.128
0.129
0.081
0.137
0.131
0.095
0.095
0.131
0.109
0.108
0.112
0.098
0.096
0.084
0.095
0.063
0.094
0.086
0.12
0.102
0.104
0.095
0.109
0.089
0.089
0.1
0.138
0.088
0.102
0.112
0.117
0.093
0.08
0.119
0.085
0.091
0.106
0.128
0.097
0.121
0.075
0.097
0.071
0.043
0.047
0.052
0.049
0.06
0.047
0.12
0.124
0.154
0.104
0.122
0.123
0.098
0.082
0.133
0.108
1379.777
612.706
0.104
0.12
0.094
0.089
0.101
0.116
0.101
0.097
0.13
0.104
0.108
0.118
0.097
0.231
0.116
0.121
0.098
0.112
0.129
0.113
0.09
0.113
0.096
0.107
0.108
0.112
0.121
0.114
0.098
0.109
0.09
0.1
0.596
0.075
0.062
0.105
0.093
0.127
0.127
0.098
0.794
0.12
0.106
0.122
0.128
0.098
0.111
0.096
0.085
0.114
0.139
0.114
0.086
0.098
0.131
0.204
0.133
0.089
0.143
0.115
0.091
0.125
0.094
0.107
0.098
0.087
0.099
0.088
0.074
0.139
0.134
0.117
0.118
0.114
0.086
0.136
0.128
0.103
0.123
0.151
0.148
0.127
0.108
0.121
0.136
0.127
0.15
0.13
0.133
0.109
0.099
0.065
0.104
0.117
0.136
0.117
0.147
0.12
0.137
0.104
0.128
0.091
0.118
0.116
0.126
0.116
0.109
0.116
0.13
0.098
0.108
0.081
0.13
0.118
0.084
0.106
0.111
0.098
0.112
0.103
0.115
0.1
0.108
0.088
0.097
0.094
0.103
0.104
0.094
0.102
0.108
0.112
0.093
0.108
0.1
0.123
0.128
0.071
0.107
0.088
0.1
0.092
0.089
0.086
0.097
0.119
0.088
0.097
0.095
0.088
0.098
0.115
0.107
0.118
0.106
0.062
0.061
0.108
0.095
0.14
0.094
0.094
0.107
0.099
0.111
0.096
0.124
0.112
0.107
0.093
0.143
0.142
0.395
0.11
0.212
0.116
0.14
0.158
0.112
0.109
0.128
0.139
0.123
0.145
0.167
0.135
0.095
0.295
0.127
0.133
0.098
0.12
0.184
0.123
0.105
0.112
0.121
0.154
0.153
0.085
0.172
0.126
0.101
0.114
0.108
0.129
0.12
0.122
0.097
0.11
0.145
0.13
0.143
0.142
0.112
0.166
0.099
0.08
0.113
0.152
0.153
0.122
0.134
0.088
0.107
0.124
0.113
0.111
0.123
0.088
0.078
0.114
0.126
0.139
0.097
0.098
0.101
0.116
0.105
0.114
0.047
0.1
0.117
0.138
0.126
0.092
0.103
0.122
0.153
0.113
0.085
0.115
0.099
0.098
0.126
0.098
0.092
0.11
0.164
0.094
0.098
0.105
0.105
0.104
0.106
0.113
0.093
0.098
0.091
0.097
0.105
0.103
0.099
0.12
0.114
0.071
0.131
0.149
0.148
0.125
0.164
0.167
0.13
0.16
0.163
0.107
0.047
0.122
0.119
0.103
0.118
0.052
0.089
0.132
0.131
0.145
0.12
0.109
0.11
0.126
0.113
0.102
0.118
0.116
0.067
0.096
0.107
0.09
0.071
0.072
0.126
0.133
0.111
0.107
0.099
0.077
0.104
0.105
0.09
0.125
0.103
0.092
0.087
0.119
0.137
0.125
0.097
0.12
0.094
0.083
0.124
0.11
0.096
0.095
0.105
0.105
0.096
0.115
0.129
0.105
0.083
0.106
0.104
0.109
0.089
0.085
0.11
0.134
0.112
0.104
0.105
0.125
0.102
0.096
0.108
0.099
0.083
0.127
0.117
0.112
0.116
0.103
0.115
0.112
0.093
0.098
0.113
0.105
0.089
0.108
0.093
0.095
0.117
0.097
0.097
0.08
0.089
0.109
0.118
0.094
0.09
0.089
0.085
0.111
0.099
0.083
0.096
0.121
0.086
0.092
0.095
0.101
0.096
0.088
0.088
0.102
0.101
0.091
0.097
0.125
0.116
0.109
0.109
0.098
0.116
0.103
0.119
0.127
0.104
0.098
0.102
0.096
0.108
0.091
0.036
0.098
0.135
0.118
0.12
0.155
0.102
0.165
0.136
0.113
0.166
0.137
0.085
0.116
0.07
0.086
0.058
0.098
0.124
0.079
0.083
0.088
0.169
0.085
0.093
0.081
0.111
0.074
0.071
0.054
0.133
0.115
0.104
0.059
0.104
0.095
0.084
0.087
0.207
0.11
0.098
0.107
0.108
0.076
0.098
0.117
0.113
0.214
0.152
0.117
0.134
0.173
0.204
0.144
0.116
0.087
0.103
0.13
0.119
0.146
0.168
0.113
0.111
0.136
0.113
0.13
0.114
0.184
0.164
0.149
0.107
0.096
0.128
0.122
0.139
0.134
0.115
0.149
0.161
0.123
0.08
0.089
0.134
0.041
0.089
0.071
0.06
0.109
0.13
0.085
0.107
0.098
0.094
0.091
0.102
0.088
0.087
0.091
0.104
0.114
0.104
0.136
0.11
0.118
0.102
0.151
0.136
0.095
0.108
0.093
0.083
0.101
0.072
0.134
0.103
0.088
0.067
0.09
0.089
0.087
0.132
0.108
0.058
0.086
0.105
0.132
0.09
0.099
0.106
0.092
0.089
0.089
0.089
0.083
0.093
0.065
0.096
0.108
0.087
0.099
0.088
0.117
0.115
0.113
0.094
0.081
0.106
0.106
0.097
0.086
0.095
0.091
0.078
0.035
0.048
0.046
0.056
0.037
0.039
0.044
0.117
0.092
0.035
0.038
0.093
0.126
0.097
0.098
0.09
0.099
0.092
0.097
0.158
0.117
0.129
0.108
0.116
0.145
0.081
0.133
0.059
0.079
0.126
0.129
0.081
0.084
0.124
0.122
0.127
0.079
0.043
0.12
0.146
0.147
0.086
0.112
0.117
0.127
0.141
0.16
0.112
0.089
0.117
0.119
0.122
0.119
0.116
0.164
0.14
0.12
0.076
0.135
0.124
0.135
0.122
0.144
0.078
0.135
0.143
0.139
0.092
0.122
0.075
0.094
0.071
0.113
0.094
0.097
0.083
0.087
0.079
0.123
0.118
0.1
0.092
0.115
0.103
0.119
0.071
0.09
0.097
0.093
0.081
0.1
0.109
0.1
0.094
0.098
0.131
0.099
0.095
0.113
0.101
0.094
0.111
0.108
0.104
0.094
0.099
0.106
0.102
0.107
0.089
0.089
0.112
0.095
0.083
0.109
0.11
0.088
0.088
0.089
0.107
0.105
0.101
0.09
0.083
0.104
0.09
0.11
0.086
0.117
0.107
0.103
0.135
0.087
0.107
0.105
0.098
0.115
0.117
0.109
0.108
0.103
0.125
0.124
0.069
0.097
0.111
0.099
0.103
0.1
0.154
0.09
0.09
0.113
0.079
0.099
0.098
0.066
0.076
0.068
0.075
0.069
0.063
0.058
0.06
0.094
0.093
0.09
0.097
0.096
0.09
0.097
0.101
0.098
0.087
0.115
0.098
0.116
0.09
0.088
0.123
0.097
0.128
0.122
0.049
0.102
0.091
0.078
0.116
0.089
0.099
0.083
0.123
0.097
0.105
0.107
0.202
0.111
0.127
0.106
0.082
0.128
0.103
2398.78
0.129
0.044
0.13
0.107
0.133
0.09
0.091
0.149
0.11
0.073
0.095
0.126
0.121
0.093
0.087
0.123
0.057
0.097
0.104
0.081
0.119
0.14
0.089
0.1
0.086
0.083
0.108
0.099
0.066
0.116
0.097
0.085
0.101
0.099
0.297
0.099
0.063
0.097
0.083
0.089
0.101
0.121
0.103
0.114
0.09
0.084
0.125
0.077
0.094
0.101
0.083
0.101
0.107
0.101
0.097
0.115
0.086
0.089
0.084
0.118
0.102
0.105
0.112
0.081
0.097
0.094
0.116
0.081
0.106
0.094
0.092
0.099
0.103
0.049
0.128
0.11
0.114
0.102
0.12
0.091
0.097
0.119
0.092
0.089
0.088
0.094
0.102
0.092
0.099
0.09
0.093
0.089
0.067
0.091
0.095
0.129
0.083
0.086
0.092
0.118
0.096
0.083
0.087
0.108
0.1
0.114
0.054
0.067
0.101
0.092
0.097
0.087
0.094
0.095
0.091
0.082
0.084
0.114
0.096
0.096
0.075
0.087
0.113
0.078
0.091
0.092
0.109
0.109
0.118
0.109
0.103
0.096
0.1
0.088
0.103
0.105
0.075
0.115
0.111
0.11
0.072
0.075
0.061
0.087
0.118
0.141
0.14
0.109
0.125
0.159
0.156
0.115
0.13
0.122
0.159
0.079
0.094
0.101
0.084
0.072
0.098
0.142
0.142
0.128
0.099
0.109
0.148
0.145
0.135
0.064
0.168
0.176
0.11
0.138
0.138
0.13
0.162
0.141
0.189
0.117
0.131
0.168
0.142
0.148
0.172
0.098
0.186
0.142
0.14
0.14
0.148
0.153
0.186
0.18
0.109
0.166
0.158
0.125
0.172
0.196
0.149
0.149
0.114
0.13
0.119
0.13
0.129
0.075
0.105
0.098
0.118
0.109
0.127
0.105
0.101
0.091
0.103
0.095
0.108
0.147
0.117
0.116
0.102
0.104
0.104
0.106
0.106
0.051
0.06
0.106
0.083
0.109
0.09
0.107
0.11
0.095
0.103
0.093
0.085
0.095
0.086
0.107
0.114
0.127
0.104
0.111
0.083
0.099
0.115
0.094
0.119
0.1
0.101
0.116
0.102
0.106
0.077
0.099
0.106
0.131
0.135
0.148
0.104
0.106
0.178
0.102
0.119
0.093
0.089
0.106
0.085
0.084
0.095
0.083
0.116
0.1
0.105
0.041
0.084
0.093
0.085
0.094
0.081
0.09
0.087
0.081
0.087
0.077
0.082
0.086
0.092
0.113
0.097
0.094
0.09
0.1
0.088
0.113
0.069
0.104
0.038
0.09
0.072
0.128
0.086
0.083
0.079
0.085
0.067
0.093
0.084
0.092
0.065
0.056
0.059
0.083
0.077
0.059
0.055
0.082
0.077
0.088
0.089
0.073
0.088
0.11
0.085
0.074
0.083
0.092
0.082
0.095
0.127
0.091
0.115
0.127
0.089
0.053
0.1
0.097
0.088
0.093
0.063
1866.197
0.075
0.112
0.127
0.14
0.111
0.1
0.091
0.124
0.229
0.118
0.123
0.105
0.1
0.132
0.101
0.106
0.105
0.053
0.025
0.109
0.395
0.088
0.148
0.119
0.116
0.071
0.13
0.121
0.198
0.09
0.122
0.089
0.097
0.095
0.037
0.096
0.078
0.093
0.099
0.099
0.11
0.106
0.111
0.101
0.092
0.112
0.114
0.108
0.155
0.102
0.081
0.092
0.1
0.095
0.099
0.143
0.109
0.104
0.086
0.092
0.095
0.109
0.117
0.085
0.112
0.115
0.09
0.099
0.096
0.101
0.1
0.118
0.099
0.094
0.093
0.091
0.095
0.092
0.116
0.12
0.125
0.099
0.12
0.09
0.091
0.071
0.102
0.104
0.133
0.117
0.094
0.102
0.094
0.112
0.089
0.116
0.106
0.088
0.105
0.086
0.086
0.108
0.103
0.09
0.085
0.09
0.095
0.087
0.066
0.107
0.075
0.127
0.12
0.101
0.089
0.091
0.076
0.08
0.081
0.087
0.099
0.107
0.106
0.073
0.081
0.093
0.095
0.087
0.096
0.103
0.074
0.087
0.073
0.093
0.055
0.08
0.08
0.15
0.083
0.116
0.089
0.079
0.097
0.107
0.102
0.101
0.065
0.091
0.074
0.104
0.089
0.082
0.1
0.088
0.079
0.089
0.105
0.107
0.065
0.137
0.137
0.123
0.128
0.088
0.085
0.125
0.076
0.066
0.035
0.084
0.103
0.068
0.124
0.111
0.162
0.159
0.044
0.1
0.08
0.107
0.082
0.137
0.096
0.144
0.14
0.063
0.132
0.112
0.085
0.085
0.117
0.119
0.114
0.123
0.097
0.104
0.098
0.127
0.107
0.115
0.066
0.099
0.09
0.048
0.094
0.047
0.092
0.052
0.082
0.079
0.079
0.088
0.105
0.091
0.108
0.077
0.114
0.095
0.097
0.126
0.092
0.107
0.076
0.104
0.097
0.082
0.089
0.084
0.094
0.087
0.085
0.092
0.082
0.071
0.105
0.107
0.091
0.074
0.053
0.147
0.104
0.129
0.241
0.161
0.13
0.131
0.136
0.157
0.133
0.118
0.138
0.095
0.208
0.049
0.071
0.09
0.137
0.115
0.107
0.15
0.123
2.263
0.162
0.144
0.139
0.128
0.151
0.121
0.091
0.144
0.071
0.108
0.159
0.11
0.072
0.081
0.084
0.049
0.058
0.091
0.088
0.114
0.113
0.177
0.073
0.114
0.115
0.111
0.101
0.099
0.09
0.071
0.107
0.083
0.108
0.096
0.103
0.122
0.094
0.078
0.108
0.104
0.073
0.089
0.074
0.123
0.121
0.123
0.106
0.132
0.085
0.141
0.139
0.051
0.143
0.118
0.103
0.129
0.135
0.18
0.148
0.164
0.149
0.118
0.142
0.141
0.163
0.1
0.135
0.079
0.133
0.129
0.086
0.184
0.071
0.113
0.129
0.124
0.143
0.13
0.101
0.106
0.087
0.095
0.091
0.104
0.093
0.111
0.086
0.09
0.093
0.092
0.09
0.087
0.106
0.091
0.105
0.112
0.141
0.089
0.089
0.106
0.095
0.113
0.091
0.107
0.112
0.122
0.096
0.094
0.085
0.086
0.093
0.097
0.121
0.119
0.083
0.085
0.079
0.105
0.076
0.079
0.099
0.078
0.075
0.083
0.086
0.095
0.095
0.079
0.1
0.091
0.089
0.091
0.078
0.097
0.106
0.082
0.094
0.108
0.084
0.081
0.103
0.081
0.1
0.081
0.078
0.079
0.086
0.079
0.085
0.083
0.087
0.083
0.084
0.113
0.051
0.07
0.074
0.041
0.037
0.097
0.076
0.073
0.101
0.093
0.087
0.083
0.09
0.085
0.104
0.096
0.089
0.094
0.101
0.087
0.09
0.091
0.086
0.107
0.104
0.083
0.085
0.084
0.108
0.094
0.081
0.084
0.092
0.095
0.083
0.088
0.062
0.09
0.081
0.082
0.081
0.115
0.079
0.094
2410.746
0.091
0.082
0.081
0.092
0.083
0.105
0.095
0.084
0.086
0.101
0.079
0.081
0.081
0.095
0.061
0.081
0.084
0.118
0.114
0.091
0.106
0.083
0.097
0.079
0.083
0.09
0.085
0.066
0.045
0.081
0.087
0.081
0.044
0.035
0.084
0.085
0.077
0.086
0.079
0.082
0.113
0.097
0.077
0.097
0.089
0.098
0.042
0.053
0.041
0.041
0.082
0.085
0.077
0.085
0.079
0.088
0.082
0.084
0.079
0.101
0.195
0.093
0.084
0.046
0.091
0.09
0.078
0.077
0.093
0.104
0.091
0.084
0.083
0.086
0.088
0.097
0.082
0.074
0.084
0.086
0.087
0.107
0.079
0.079
0.099
0.092
0.103
0.085
0.1
0.085
0.096
0.107
0.083
0.08
0.101
0.08
0.083
0.08
0.089
0.092
0.081
0.09
0.085
0.086
0.082
0.123
0.1
0.058
0.093
0.089
0.087
0.116
0.105
0.089
0.086
0.09
0.076
0.086
0.082
0.112
0.084
0.082
0.082
0.07
0.087
0.078
0.097
0.1
0.091
0.095
0.097
0.095
0.079
0.085
0.075
0.107
0.101
0.079
0.038
0.038
0.106
0.08
0.101
0.128
0.087
0.087
0.078
0.096
0.091
0.096
0.125
0.101
0.088
0.092
0.09
0.076
0.091
0.084
0.073
0.081
0.118
0.079
0.047
0.09
0.092
0.097
0.139
0.125
0.104
0.112
0.121
0.099
0.118
0.09
0.104
0.089
0.138
0.123
0.085
0.087
0.103
0.085
0.11
0.058
0.054
0.052
0.099
0.129
0.093
0.082
0.111
0.092
0.098
0.132
0.1
0.1
0.106
0.13
0.059
0.095
0.152
0.123
0.135
0.181
0.097
0.131
0.152
0.102
0.12
0.137
0.099
0.183
0.102
0.066
0.111
0.103
0.135
0.081
0.155
0.067
0.075
0.072
0.197
0.223
0.159
0.153
0.126
0.053
0.13
0.089
0.134
0.164
0.133
0.117
0.132
0.141
1076.93
3295.468
0.131
0.121
0.146
0.114
0.189
0.145
0.2
0.115
0.1
0.101
0.113
0.109
0.092
0.127
0.115
0.107
0.091
0.119
0.103
0.09
0.09
0.134
0.125
0.118
0.102
0.091
0.084
0.102
0.128
0.156
0.112
0.053
0.082
0.114
0.119
0.081
0.077
0.093
0.103
0.065
0.092
0.101
0.085
0.132
0.14
0.179
0.179
0.145
0.128
0.125
0.107
0.189
0.122
0.186
0.146
0.144
0.166
0.136
0.148
0.115
0.11
0.172
0.099
0.089
0.143
0.153
0.127
0.149
0.14
0.123
0.129
0.077
0.21
0.18
0.118
0.149
0.165
0.092
0.346
0.076
0.113
0.118
0.091
0.179
0.191
0.155
0.077
0.152
0.238
0.233
0.102
0.206
0.188
0.219
0.073
0.174
0.213
0.16
0.058
0.172
0.268
0.229
0.114
0.133
0.111
0.168
0.203
0.165
0.154
0.122
0.18
0.227
0.19
0.091
0.174
0.132
0.113
0.136
0.087
0.111
0.099
0.159
0.142
0.108
0.112
0.104
0.123
0.112
0.113
0.134
0.122
0.131
0.091
0.104
0.104
0.104
0.123
0.164
0.105
0.094
0.123
0.058
0.057
0.066
0.075
0.128
0.164
0.115
0.139
0.099
0.129
0.103
0.104
0.108
0.109
0.062
0.121
0.138
0.138
0.164
0.104
0.152
0.121
0.077
0.151
0.09
0.119
0.121
0.149
0.165
0.16
0.26
0.213
0.343
0.103
0.164
0.172
0.14
0.072
0.082
0.165
0.159
0.129
0.179
0.163
0.197
0.177
0.166
0.188
0.174
0.259
0.248
0.184
0.104
0.104
0.125
0.129
0.175
0.129
0.134
0.122
0.109
0.098
0.122
0.123
0.111
0.131
0.163
0.107
2146.808
0.117
0.181
0.104
0.132
0.122
0.104
0.101
0.099
0.139
0.123
0.106
0.097
0.148
0.155
0.158
0.136
0.112
0.128
0.119
0.101
0.102
0.147
0.118
0.117
0.096
0.099
3715.915
0.124
0.1
0.106
0.124
0.065
0.277
0.209
0.078
0.124
0.102
0.127
0.096
0.094
0.106
0.082
0.092
0.089
0.1
0.081
0.104
0.087
0.114
0.119
0.123
0.109
0.101
0.098
0.088
0.122
0.109
0.082
0.101
0.085
0.113
0.099
0.092
0.106
0.105
0.104
0.098
0.069
0.097
0.074
0.131
0.11
0.096
0.092
0.106
0.089
0.11
0.105
0.153
0.11
0.093
0.109
0.144
0.085
0.098
0.088
0.112
0.12
0.091
0.098
0.114
0.114
0.1
0.128
0.132
0.227
0.102
0.097
0.119
0.099
0.102
0.083
0.074
0.078
0.094
0.074
0.106
0.087
0.08
0.078
0.096
0.102
0.094
0.1
0.088
0.083
0.083
0.105
0.101
0.1
0.085
0.086
0.072
0.08
0.082
0.081
0.095
0.097
0.081
0.085
0.084
0.089
0.101
0.086
0.095
0.101
0.099
0.088
0.08
0.091
0.099
0.096
0.092
0.107
0.087
0.09
0.105
0.092
0.08
0.092
0.092
0.075
0.105
0.082
0.082
0.105
0.111
0.083
0.086
0.082
0.088
0.084
0.086
0.103
0.089
0.091
0.077
0.097
0.084
0.077
0.082
0.086
0.089
0.085
0.123
0.175
0.163
0.112
0.108
0.102
0.084
0.101
0.093
0.101
0.077
0.086
0.083
0.09
0.094
0.094
0.083
0.075
0.09
0.084
0.109
0.091
0.079
0.096
0.1
0.155
0.086
0.078
0.076
0.093
0.081
0.083
0.104
0.112
0.092
0.099
0.101
0.105
0.094
0.076
0.119
0.09
0.077
0.103
0.097
0.118
0.116
0.084
0.074
0.103
0.085
0.128
0.149
0.118
0.162
0.083
0.093
0.091
0.086
0.111
0.077
0.08
0.086
0.075
0.076
0.107
0.093
0.077
0.075
0.08
0.1
0.096
0.085
0.084
0.076
0.086
0.083
0.084
0.104
0.08
0.08
0.096
0.08
0.085
0.082
0.116
0.094
0.111
0.077
0.089
0.122
0.06
0.062
0.122
0.127
0.114
0.113
0.168
0.133
0.115
0.089
0.129
0.096
0.173
0.101
0.127
0.115
0.071
0.066
0.053
0.114
0.157
0.122
0.107
0.096
0.093
0.07
0.045
0.071
0.108
0.12
0.1
0.072
0.131
0.109
0.151
0.071
0.075
0.106
0.075
0.174
0.11
0.103
0.35
0.066
0.086
0.092
0.085
0.09
0.107
0.091
0.098
0.142
0.078
0.108
0.095
0.075
0.078
0.09
0.104
0.081
0.077
0.076
0.084
0.098
0.1
0.108
0.096
0.084
0.087
0.125
0.2
0.11
0.114
0.167
0.085
0.091
0.061
0.04
0.032
0.107
0.124
0.107
0.093
0.102
0.089
0.054
0.044
0.3
0.117
0.184
0.134
0.097
0.173
0.137
0.176
0.116
0.085
0.14
0.104
0.085
0.067
0.122
0.113
0.264
0.094
0.052
0.127
0.094
0.094
0.078
0.3
0.184
0.164
0.126
0.14
0.119
0.14
0.115
0.059
0.091
0.076
0.088
0.153
0.115
0.084
0.073
0.144
0.118
0.161
0.077
0.158
0.368
0.115
0.129
0.069
0.125
0.128
0.169
0.097
0.147
0.061
0.091
0.115
0.056
0.148
0.176
0.148
0.124
0.074
0.107
0.085
0.1
0.148
0.116
0.124
0.099
0.097
0.128
0.123
0.104
0.068
0.122
0.107
0.089
0.109
0.177
0.106
0.133
0.099
0.143
0.15
0.171
0.119
0.195
0.199
0.103
0.143
0.14
0.117
0.132
0.171
0.204
0.146
0.17
0.22
0.153
0.145
0.124
0.17
0.16
0.153
0.156
0.18
0.171
0.156
0.161
0.152
0.172
0.139
0.166
0.102
0.189
0.141
0.182
0.132
0.084
0.217
0.206
0.218
0.1
0.103
0.108
0.082
0.197
0.114
0.095
0.154
0.091
0.094
0.12
0.055
0.149
0.109
0.101
0.099
0.086
0.118
0.11
0.092
0.11
0.103
0.103
0.102
0.087
0.056
0.116
0.094
0.099
0.098
0.081
0.076
0.06
0.114
0.148
0.118
0.094
0.088
0.093
0.096
0.097
0.122
0.115
0.095
0.098
0.091
0.088
0.148
0.106
0.133
0.111
0.127
0.097
0.229
0.066
0.187
0.087
0.134
0.171
0.172
0.14
0.078
0.196
0.122
0.152
1.156
0.088
0.102
0.224
0.18
0.162
0.128
0.086
0.183
0.108
0.052
0.091
0.205
0.157
0.194
0.146
0.163
0.211
0.127
0.161
0.159
0.073
0.165
0.115
0.116
0.083
0.132
0.101
0.103
0.098
0.085
0.1
0.096
0.086
0.135
0.175
0.186
0.183
0.133
0.113
0.082
0.172
0.187
0.088
0.145
0.166
0.129
0.135
0.12
0.095
0.063
0.079
0.132
0.124
0.117
0.125
0.15
0.133
0.084
0.105
0.109
0.09
0.127
0.128
0.11
0.121
0.114
0.132
0.132
0.149
0.139
0.092
0.087
0.1
0.127
0.137
0.096
0.1
0.1
0.138
0.122
0.132
0.13
0.134
0.104
0.074
0.095
0.084
0.087
0.129
0.134
0.116
0.111
0.11
0.097
0.092
0.087
0.09
0.101
0.115
0.095
0.102
0.097
0.131
0.121
0.113
0.1
0.11
0.069
0.101
0.105
0.115
0.14
0.091
0.103
0.094
0.119
0.121
0.095
0.132
0.111
0.107
0.103
0.121
0.13
0.098
0.162
0.114
0.127
0.139
0.181
0.169
0.15
0.162
0.102
0.104
0.117
0.156
0.155
0.116
0.103
0.139
0.143
0.087
0.147
0.135
0.127
0.113
0.142
0.111
0.106
0.114
0.137
0.1
0.18
0.148
0.203
0.156
0.123
0.157
0.1
0.106
0.095
0.144
0.132
0.141
0.092
0.167
0.146
0.138
0.09
0.124
0.063
0.112
0.1
0.112
0.087
0.09
0.123
0.13
0.097
0.088
0.139
0.108
0.082
0.063
0.096
0.099
0.108
0.094
1.993
0.077
0.087
0.086
0.077
0.076
0.086
0.114
0.082
0.078
0.088
0.085
0.095
0.11
0.061
0.082
0.139
0.131
0.095
0.118
0.11
0.09
0.096
0.121
0.082
0.081
0.075
0.128
0.093
0.111
0.105
0.078
0.091
0.101
0.123
0.114
0.081
0.1
0.112
0.116
0.106
0.115
0.094
0.065
0.093
0.076
0.084
0.087
0.1
0.094
0.109
0.086
0.081
0.086
0.082
0.086
0.101
0.083
0.087
0.081
0.092
0.092
0.075
0.11
0.081
0.108
0.086
0.084
0.11
0.087
0.103
0.083
0.083
0.091
0.091
0.084
0.085
0.093
0.082
0.078
0.088
0.114
0.103
0.122
0.078
0.094
0.085
0.092
0.094
0.086
0.087
0.083
0.094
0.082
0.098
0.095
0.083
0.083
0.082
0.121
0.076
0.103
0.109
0.087
0.075
0.084
0.078
0.091
0.11
0.098
0.086
0.08
0.078
0.081
0.088
0.09
0.064
0.087
0.09
0.092
0.082
0.105
0.092
0.094
0.086
0.096
0.075
0.101
0.077
0.083
0.087
0.086
0.115
0.1
0.09
0.09
0.08
0.084
0.08
0.103
0.076
0.082
0.076
0.086
0.105
0.106
0.083
0.115
0.073
0.1
0.083
0.078
0.093
0.116
0.084
0.099
0.082
0.096
0.09
0.096
0.091
0.033
0.035
0.075
0.037
0.078
0.089
0.099
0.083
0.097
0.236
0.096
0.092
0.086
0.077
0.069
0.096
0.113
0.12
0.105
0.14
0.092
0.104
0.084
0.105
0.088
0.106
0.091
0.084
0.091
0.124
0.114
0.108
0.091
0.111
0.081
0.065
0.098
0.105
0.109
0.127
0.117
0.113
0.101
0.113
0.126
0.121
0.102
0.095
0.142
0.098
0.102
0.086
0.113
0.131
0.112
0.172
0.123
0.098
0.092
0.071
0.124
0.098
0.105
0.112
0.127
0.111
0.088
0.099
0.086
0.097
0.096
0.11
0.109
0.099
0.098
0.119
0.097
0.107
0.094
0.135
0.086
0.098
0.087
0.106
0.1
0.143
0.118
0.101
0.122
0.092
0.095
0.154
0.065
0.066
0.096
0.073
0.093
0.045
0.041
0.084
0.112
0.09
0.144
0.137
0.132
0.175
0.129
0.175
0.083
0.101
0.101
0.102
0.14
0.095
0.157
0.116
0.114
0.085
0.076
0.132
0.116
0.261
0.159
0.069
0.132
0.224
0.095
0.031
0.065
0.08
0.042
0.134
0.043
0.127
0.179
0.12
0.138
0.13
0.109
0.174
0.231
0.199
0.091
0.146
0.103
0.118
0.078
0.136
0.174
0.15
0.168
0.091
0.088
0.086
0.114
0.101
0.183
0.161
0.14
0.117
0.111
0.119
0.121
0.147
0.131
0.128
0.123
0.089
0.115
0.271
0.119
0.082
0.131
0.122
0.076
0.111
0.14
0.094
0.122
0.076
0.131
0.087
0.153
0.128
0.124
0.1
0.145
0.103
0.108
0.092
0.128
0.114
0.103
0.137
0.121
0.096
0.117
0.903
0.154
0.085
0.099
0.096
0.1
0.111
0.075
0.125
0.107
0.133
0.095
0.12
0.102
0.129
0.1
0.097
0.07
0.122
0.124
0.089
0.097
0.103
0.087
0.098
0.093
0.099
0.112
0.123
0.087
0.118
0.174
0.129
0.115
0.086
0.094
0.086
0.093
0.093
0.095
0.082
0.095
0.094
0.093
0.118
0.129
0.085
0.107
0.094
0.092
0.093
0.092
0.091
0.095
0.093
0.101
0.094
0.109
0.099
0.183
0.102
0.124
0.092
0.125
0.09
0.089
0.118
0.114
0.095
0.114
0.105
0.097
0.092
0.071
0.09
0.065
0.089
0.12
0.057
0.088
0.114
0.084
0.12
0.107
0.136
0.112
0.096
0.116
0.112
0.082
0.108
0.088
0.083
0.095
0.091
0.089
0.124
0.087
0.076
0.071
0.097
0.083
0.081
0.078
0.08
0.104
0.088
0.073
0.096
0.084
0.102
0.079
0.118
0.186
0.092
0.101
0.114
0.063
0.091
0.123
0.104
0.124
0.146
0.089
0.167
0.088
0.086
0.115
0.068
0.129
0.181
0.086
0.162
0.135
0.112
0.112
0.123
0.114
0.07
0.119
0.153
0.095
0.136
0.111
0.098
0.078
0.12
0.125
0.137
0.132
0.09
0.131
0.147
0.073
0.094
0.071
0.113
0.081
0.106
0.061
0.113
0.071
0.155
0.079
0.088
0.032
0.038
0.123
0.069
0.113
0.054
0.102
0.068
0.056
0.104
0.071
0.138
0.131
0.08
0.152
0.285
0.093
0.13
0.143
0.121
0.164
0.095
0.101
0.118
0.096
0.121
0.103
0.117
0.069
0.086
0.085
0.103
0.136
0.117
0.113
0.112
0.162
0.082
0.112
0.072
0.109
0.087
0.066
0.114
0.086
0.119
0.119
0.07
0.109
0.104
0.093
0.095
0.084
0.109
0.098
0.092
0.119
0.097
0.154
0.094
0.105
0.099
0.083
0.055
0.084
0.097
0.088
0.086
0.099
0.087
0.085
0.094
0.097
0.095
0.086
0.097
0.088
0.094
0.118
0.101
0.102
0.115
0.095
0.098
0.09
0.099
0.155
0.111
0.095
0.116
0.09
0.13
0.13
0.099
0.101
0.089
0.089
0.111
0.128
0.153
0.105
0.106
0.102
0.104
0.086
0.069
0.135
0.329
0.134
0.1
0.135
0.126
0.181
0.138
0.089
0.103
0.106
0.11
0.16
0.134
0.137
0.139
0.077
0.146
0.048
0.085
0.053
0.046
0.039
0.096
0.053
0.085
0.07
0.078
0.089
0.05
0.076
0.137
0.115
0.089
0.051
0.101
0.09
0.101
0.077
0.072
0.045
0.045
0.04
0.108
0.122
0.094
0.134
0.049
0.083
0.083
0.05
0.082
0.084
0.051
0.076
0.107
0.602
0.076
0.064
0.05
0.105
0.145
0.118
0.115
0.105
0.086
0.115
0.132
0.114
0.092
0.109
0.182
0.094
0.059
0.108
0.079
0.086
0.157
0.116
0.103
0.105
0.094
0.089
0.063
0.076
0.102
0.113
0.142
0.122
0.102
0.122
0.09
0.119
0.118
0.146
0.093
0.101
0.09
0.078
0.073
0.067
0.046
0.077
0.043
0.032
0.073
0.05
0.035
0.049
0.084
0.048
0.081
0.049
0.104
0.065
0.059
0.081
0.07
0.044
0.07
0.077
0.077
0.068
0.085
0.046
0.086
0.055
0.054
0.046
0.063
0.048
0.042
0.041
0.046
0.047
0.041
0.058
0.047
0.043
0.045
0.039
0.042
0.077
0.086
0.083
0.061
0.09
0.047
0.103
0.053
0.085
0.046
0.077
0.09
0.077
0.077
0.049
0.084
0.077
0.067
0.04
0.053
0.075
0.05
0.085
0.054
0.047
0.055
0.044
0.037
0.046
0.048
0.037
0.044
0.043
0.038
0.033
0.057
0.05
0.04
0.058
0.039
0.087
0.081
0.092
0.078
0.087
0.084
0.086
0.086
0.043
0.077
0.042
0.044
0.038
0.085
0.075
0.047
0.085
0.076
0.046
0.077
0.083
0.078
0.08
0.104
0.059
0.087
0.077
0.078
0.077
0.077
0.086
0.077
0.085
0.085
0.041
0.094
0.075
0.099
0.102
0.097
0.076
0.082
0.091
0.101
0.09
0.094
0.089
0.14
0.078
0.088
0.094
0.078
0.077
0.085
0.081
0.053
0.077
0.054
0.121
0.088
0.103
0.087
0.1
0.081
0.082
0.092
0.142
0.106
0.069
0.089
0.102
0.106
0.104
0.099
0.064
0.12
0.091
0.083
0.101
0.103
0.078
0.055
0.104
0.095
0.102
0.113
0.098
0.091
0.117
0.119
0.123
0.107
0.112
0.081
0.102
0.103
0.098
0.129
0.088
0.074
0.034
0.103
0.058
0.077
0.12
0.052
0.101
0.079
0.095
0.105
0.062
0.083
0.076
0.079
0.098
0.084
0.088
0.078
0.072
0.076
0.11
0.143
0.096
0.085
0.097
0.079
0.097
0.078
0.047
0.125
0.164
0.145
0.157
0.09
0.125
0.115
0.129
0.093
0.096
0.1
0.078
0.098
0.117
0.09
0.116
0.109
0.061
0.113
0.086
0.081
0.146
0.128
0.094
0.092
0.11
0.115
0.111
0.11
0.079
0.059
0.113
0.067
0.084
0.091
0.073
0.091
0.074
0.083
0.103
0.081
0.115
0.08
0.11
0.09
0.081
0.081
0.073
0.085
0.079
0.09
0.076
0.084
0.089
0.097
0.092
0.086
0.084
0.077
0.087
0.115
0.093
0.114
0.083
0.055
0.075
0.049
0.046
0.1
0.084
0.043
0.095
0.056
0.097
0.085
0.079
0.067
0.06
0.054
0.097
0.056
0.041
0.042
0.086
0.036
0.112
0.138
0.022
0.051
0.09
0.137
0.178
0.115
0.052
0.084
0.039
0.111
0.129
0.139
0.125
0.072
0.096
0.12
0.093
0.085
0.102
0.182
0.076
0.057
0.061
0.08
0.145
0.099
0.071
0.099
0.119
0.094
0.13
0.078
0.088
0.158
0.147
0.082
0.066
0.072
0.146
0.103
0.083
0.118
0.123
0.229
0.087
0.107
0.116
0.108
0.091
0.116
0.121
0.105
0.096
0.123
0.12
0.057
0.158
0.118
0.066
0.088
0.139
0.078
0.104
0.103
0.102
0.095
0.095
0.109
0.051
0.086
0.089
0.08
0.046
0.083
0.079
0.081
0.123
0.076
0.077
0.089
0.108
0.087
0.084
0.075
0.081
0.111
0.075
0.087
0.111
0.117
0.105
0.073
0.183
0.098
0.085
0.088
0.083
0.074
0.1
0.107
0.106
0.083
0.083
0.081
0.08
0.094
0.075
0.094
0.08
0.097
0.103
0.126
0.086
0.101
0.085
0.104
0.076
0.083
0.074
0.094
0.101
0.083
0.109
0.128
0.088
0.09
0.079
0.081
0.107
0.099
0.084
0.097
0.1
0.086
0.077
0.074
0.1
0.082
0.1
0.081
0.107
0.087
0.092
0.094
0.09
0.103
0.084
0.102
0.089
0.085
0.114
0.085
0.088
0.095
0.089
0.082
0.084
0.197
0.076
0.085
0.075
0.086
0.083
0.085
0.099
0.088
0.093
0.071
0.083
0.09
0.083
0.083
0.124
0.079
0.079
0.087
0.088
0.08
0.091
0.081
0.091
0.081
0.089
0.109
0.156
0.109
0.107
0.104
0.084
0.08
0.091
0.081
0.079
0.038
0.046
0.043
0.083
0.063
0.081
0.087
0.081
0.073
0.077
0.081
0.096
0.101
0.078
0.096
0.074
0.097
0.073
0.08
0.096
0.089
0.096
0.08
0.073
0.073
0.073
0.104
0.103
0.076
0.099
0.084
0.073
0.098
0.079
0.085
0.087
0.098
0.044
0.095
0.126
0.083
0.087
0.077
0.091
0.053
0.086
0.079
0.082
0.087
0.08
0.108
0.116
0.096
0.081
0.1
0.078
0.128
0.089
0.074
0.106
0.105
0.061
0.078
0.081
0.091
0.1
0.107
0.073
0.074
0.087
0.096
0.081
0.081
0.076
0.094
0.113
0.096
0.09
0.103
0.094
0.075
0.081
0.077
0.11
0.078
0.118
0.076
0.092
0.071
0.085
0.104
0.072
0.077
0.08
0.084
0.111
0.21
0.074
0.082
0.085
0.094
0.082
0.093
0.118
0.076
0.083
0.084
0.109
0.081
0.093
0.09
0.072
0.081
0.073
0.106
0.105
0.064
0.085
0.081
0.099
0.113
0.106
0.095
0.081
0.094
0.076
0.084
0.073
0.082
0.088
0.11
0.077
0.082
0.074
0.092
0.094
0.075
0.082
0.089
0.119
0.109
0.1
0.109
0.08
0.086
0.127
0.124
0.083
0.077
0.119
0.071
0.09
0.074
0.367
0.141
0.155
0.111
0.119
0.105
0.142
0.126
0.133
0.17
0.106
0.093
0.118
0.059
0.092
0.294
0.168
0.128
0.172
0.098
0.075
0.151
0.061
0.132
0.071
0.088
0.098
0.071
0.095
0.136
0.093
0.102
0.055
0.091
0.037
0.057
0.079
0.087
0.191
0.068
0.052
0.086
0.165
0.144
0.136
0.088
0.121
0.109
0.12
0.122
0.129
0.123
0.103
0.129
0.146
0.122
0.119
0.131
0.145
0.121
0.106
0.11
0.127
0.092
0.088
0.123
0.202
0.135
0.089
0.093
0.136
0.096
0.115
0.075
0.09
0.063
0.098
0.118
0.078
0.077
0.087
0.098
0.087
0.082
0.088
0.14
0.117
0.136
0.105
0.096
0.168
0.115
0.128
0.09
0.032
0.15
0.133
0.088
0.056
0.092
0.13
0.101
0.094
0.098
0.046
0.133
0.177
0.097
0.132
0.126
0.116
0.074
0.063
0.097
0.06
0.122
0.155
0.071
0.067
0.128
0.088
0.135
0.072
0.073
0.074
0.115
0.088
0.099
0.099
0.084
0.097
0.088
0.092
0.099
0.152
0.112
0.102
0.1
0.072
0.118
0.084
0.086
0.13
0.081
0.126
0.12
0.114
0.071
0.103
0.079
0.083
0.078
0.092
0.09
0.095
0.133
0.114
0.114
0.123
0.131
0.144
0.103
0.122
0.07
0.101
0.09
0.104
0.113
0.135
0.044
0.043
0.094
0.044
0.04
0.05
0.092
0.041
0.042
0.175
0.035
0.103
0.126
0.105
0.123
0.119
0.086
0.078
0.097
0.105
0.114
0.121
0.128
0.102
0.114
0.106
0.059
0.15
0.109
0.117
0.128
0.114
0.11
0.114
0.071
0.091
0.115
0.101
0.119
0.134
0.152
0.131
0.097
0.102
0.145
0.161
0.123
0.128
0.09
0.122
0.096
0.068
0.127
0.126
0.12
0.097
0.142
0.114
0.126
0.092
0.134
0.118
0.166
0.116
0.147
0.09
0.084
0.109
0.131
0.089
0.092
0.106
0.086
0.126
0.084
0.138
0.089
0.085
0.135
0.06
0.104
0.081
0.051
0.083
0.072
0.039
0.088
0.097
0.133
0.17
0.083
0.083
0.08
0.076
0.079
0.075
0.115
0.092
0.151
0.158
0.1
0.058
0.079
0.114
0.132
0.137
0.112
0.112
0.139
0.101
0.096
0.092
0.119
0.098
0.073
0.191
0.12
0.084
0.146
0.117
0.196
0.075
0.114
0.101
0.139
0.117
0.093
0.107
0.099
0.07
0.036
0.084
0.084
0.085
0.088
0.095
0.091
0.088
0.079
0.075
0.127
0.086
0.09
0.092
0.094
0.095
0.149
0.248
0.093
0.084
0.077
0.057
0.088
0.072
0.08
0.079
0.091
0.085
0.075
0.083
0.092
0.076
0.076
0.093
0.089
0.09
0.075
0.082
0.096
0.109
0.084
0.079
0.089
0.095
0.114
0.103
0.112
0.095
0.038
0.061
0.063
0.059
0.086
0.1
0.103
0.076
0.102
0.12
0.157
0.125
0.169
0.113
0.143
0.122
0.12
0.148
0.086
0.126
0.065
0.059
0.035
0.061
0.056
0.041
0.049
0.049
0.096
0.076
0.058
0.041
0.045
0.036
0.036
0.09
0.059
0.038
0.045
0.054
0.048
0.062
0.1
0.118
0.084
0.049
0.099
0.099
0.066
0.095
0.074
0.039
0.045
0.079
0.115
0.108
0.08
0.083
0.083
0.076
0.088
0.084
0.141
0.075
0.089
0.113
0.133
0.246
0.077
0.109
0.041
0.078
0.096
0.079
0.059
0.082
0.091
0.079
0.043
0.08
0.048
0.106
0.055
0.07
0.084
0.046
0.083
0.082
0.082
0.049
0.088
0.082
0.092
0.048
0.082
0.076
0.083
0.091
0.086
0.055
0.049
0.077
0.08
0.087
0.038
0.089
0.083
0.055
0.082
0.081
0.084
0.055
0.036
0.108
0.102
0.11
0.086
0.089
0.053
0.078
0.088
0.049
0.106
0.081
0.079
0.105
0.107
0.105
0.044
0.089
0.084
0.099
0.074
0.047
0.1
0.101
0.082
0.091
0.107
0.079
0.072
0.085
0.087
0.056
0.033
0.081
0.077
0.085
0.08
0.108
0.045
0.085
0.052
0.035
0.089
0.087
0.047
0.091
0.097
0.079
0.079
0.052
0.081
0.082
0.072
0.089
0.099
0.093
0.081
0.046
0.076
0.086
0.098
0.092
0.083
0.123
0.124
0.124
0.111
0.078
0.114
0.104
0.107
0.175
0.097
0.108
0.139
0.098
0.108
0.097
0.305
0.141
0.039
0.094
0.138
0.113
0.036
0.078
0.1
0.075
0.08
0.088
0.054
0.088
0.035
0.073
0.082
0.075
0.046
0.084
0.093
0.09
0.084
0.089
0.058
0.083
0.11
0.109
0.05
0.112
0.117
0.06
0.076
0.163
0.085
0.08
0.055
0.055
0.102
0.058
0.149
0.055
0.12
0.062
0.117
0.104
0.089
0.057
0.119
0.122
0.112
0.128
0.12
0.121
0.083
0.124
0.169
0.105
0.088
0.118
0.133
0.146
0.108
0.116
0.113
0.096
0.11
0.105
0.086
0.116
0.097
0.046
0.118
0.116
0.046
0.054
0.095
0.086
0.046
0.105
0.045
0.094
0.093
0.093
0.103
0.223
0.1
0.091
0.07
0.089
0.098
0.085
0.084
0.117
0.107
0.076
0.084
0.116
0.076
0.08
0.07
0.087
0.073
0.043
0.081
0.094
0.083
0.115
0.074
0.075
0.08
0.089
0.098
0.086
0.1
0.111
0.092
0.086
0.075
0.095
0.083
0.079
0.101
0.057
0.084
0.073
0.072
0.083
0.112
0.057
0.088
0.092
0.086
0.111
0.076
0.091
0.083
0.073
0.081
0.078
0.11
0.086
0.095
0.076
0.092
0.082
0.112
0.073
0.075
0.075
0.082
0.083
0.088
0.084
0.097
0.077
0.105
0.089
0.091
0.087
0.093
0.102
0.102
0.087
0.079
0.079
0.087
0.084
0.09
0.072
0.104
0.095
0.091
0.105
0.081
0.08
0.082
0.098
0.074
0.08
0.111
0.096
0.118
0.072
0.088
0.071
0.08
0.07
0.075
0.075
0.109
0.081
0.083
0.127
0.08
0.081
0.096
0.102
0.092
0.084
0.078
0.072
0.081
0.079
0.08
0.085
0.079
0.078
0.102
0.072
0.078
0.083
0.084
0.105
0.092
0.086
0.083
0.088
0.083
0.075
0.084
0.087
0.089
0.123
0.09
0.095
0.085
0.076
0.074
0.075
0.101
0.128
0.083
0.07
0.073
0.082
0.098
0.077
0.11
0.08
0.072
0.106
0.091
0.109
0.076
0.073
0.075
0.075
0.082
0.08
0.107
0.09
0.079
0.1
0.089
0.086
0.093
0.099
0.109
0.07
0.073
0.098
0.085
0.084
0.097
0.106
0.08
0.081
0.083
0.09
0.074
0.073
0.098
0.086
0.08
0.093
0.125
0.089
0.074
0.075
0.081
0.081
0.086
0.091
0.112
0.081
0.057
0.09
0.078
0.078
0.084
0.084
0.081
0.113
0.091
0.09
0.101
0.074
0.08
0.072
0.073
0.09
0.085
0.093
0.073
0.075
0.053
0.083
0.085
0.088
0.095
0.08
0.082
0.081
0.087
0.082
0.081
0.083
0.095
0.078
0.134
0.089
0.053
0.083
0.083
0.081
0.086
0.079
0.103
0.091
0.101
0.075
0.094
0.077
0.073
0.08
0.08
0.089
0.081
0.087
0.072
0.087
0.139
0.086
0.089
0.111
0.096
0.082
0.103
0.081
0.076
0.075
0.084
0.078
0.101
0.093
0.106
0.081
0.088
0.074
0.075
0.085
0.126
0.078
0.081
0.098
0.108
0.089
0.082
0.08
0.074
0.072
0.082
0.112
0.081
0.099
0.085
0.081
0.081
0.033
0.086
0.087
0.072
0.086
0.098
0.103
0.104
0.089
0.107
0.047
0.039
0.106
0.091
0.077
0.093
0.097
0.077
0.084
0.085
0.086
0.068
0.072
0.075
0.089
0.073
0.093
0.105
0.075
0.079
0.083
0.082
0.082
0.084
0.079
0.085
0.076
0.097
0.087
0.083
0.062
0.075
0.086
0.081
0.078
0.087
0.087
0.083
0.087
0.102
0.07
0.095
0.073
0.093
0.078
0.115
0.098
0.2
0.101
0.083
0.081
0.084
0.083
0.08
0.105
0.112
0.103
0.082
0.083
0.074
0.082
0.084
0.08
0.088
0.119
0.112
0.076
0.083
0.092
0.071
0.094
0.075
0.08
0.072
0.079
0.077
0.087
0.088
0.078
0.083
0.076
0.107
0.083
0.073
0.081
0.081
0.08
0.076
0.088
0.098
0.093
0.102
0.074
0.079
0.08
0.076
0.111
0.089
0.092
0.075
0.101
0.082
0.071
0.105
0.098
0.085
0.079
0.072
0.081
0.083
0.099
0.081
0.095
0.075
0.078
0.1
0.112
0.082
0.073
0.079
0.074
0.074
0.101
0.11
0.111
0.084
0.072
0.08
0.079
0.08
0.08
0.104
0.074
0.114
0.162
0.069
0.07
0.074
0.091
0.088
0.078
0.096
0.077
0.101
0.097
0.073
0.087
0.074
0.088
0.072
0.085
0.089
0.096
0.085
0.083
0.085
0.072
0.086
0.085
0.081
0.092
0.086
0.091
0.094
0.061
0.093
0.057
0.096
0.074
0.074
0.083
0.074
0.081
0.102
0.091
0.087
0.084
0.088
0.088
0.085
0.086
0.099
0.092
0.106
0.091
0.095
0.086
0.071
0.059
0.096
0.083
0.049
0.091
0.156
0.047
0.048
0.22
0.087
0.081
0.094
0.081
0.063
0.073
0.083
0.086
0.057
0.073
0.081
0.073
0.086
0.075
0.075
0.08
0.083
0.08
0.076
0.092
0.101
0.098
0.099
0.085
0.168
0.085
0.08
0.075
0.08
0.072
0.076
0.083
0.07
0.078
0.111
0.073
0.075
0.091
0.095
0.102
0.107
0.083
0.09
0.084
0.078
0.097
0.084
0.056
0.083
0.075
0.081
0.086
0.094
0.087
0.076
0.085
0.08
0.08
0.083
0.096
0.091
0.091
0.087
0.057
0.092
0.07
0.098
0.088
0.073
0.072
0.081
0.091
0.088
0.084
0.079
0.12
0.099
0.091
0.081
0.084
0.094
0.072
0.071
0.092
0.07
0.092
0.182
0.184
0.107
0.079
0.084
0.078
0.076
0.08
0.066
0.104
0.077
0.078
0.088
0.111
0.086
0.067
0.085
0.094
0.121
0.081
0.078
0.08
0.072
0.09
0.086
0.081
0.073
0.086
0.075
0.092
0.085
0.086
0.102
0.095
0.076
0.088
0.075
0.082
0.086
0.075
0.087
0.107
0.111
0.088
0.078
0.073
0.076
0.072
0.072
0.08
0.087
0.091
0.077
0.089
0.095
0.088
0.11
0.079
0.083
0.083
0.082
0.093
0.079
0.102
0.084
0.075
0.083
0.084
0.082
0.123
0.095
0.076
0.105
0.088
0.08
0.082
0.074
0.087
0.088
0.119
0.094
0.09
0.084
0.114
0.075
0.106
0.081
0.077
0.081
0.097
0.092
0.04
0.096
0.082
0.079
0.06
0.085
0.089
0.102
0.104
0.086
0.099
0.103
0.093
0.07
0.068
0.074
0.086
0.075
0.073
0.077
0.097
0.102
0.075
0.08
0.075
0.114
0.056
0.099
0.083
0.098
0.117
0.087
0.081
0.079
0.108
0.115
0.182
0.077
0.055
0.09
0.083
0.08
0.075
0.075
0.082
0.088
0.092
0.081
0.089
0.075
0.075
0.111
0.075
0.081
0.068
0.107
0.084
0.079
0.087
0.079
0.074
0.072
0.081
0.112
0.077
0.089
0.083
0.074
0.074
0.092
0.054
0.093
0.091
0.084
0.088
0.097
0.074
0.101
0.104
0.078
0.076
0.075
0.075
0.076
0.093
0.08
0.111
0.075
0.074
0.115
0.099
0.089
0.084
0.085
0.081
0.101
0.092
0.091
0.075
0.076
0.087
0.075
0.081
0.076
0.082
0.075
0.095
0.084
0.083
0.082
0.088
0.11
0.103
0.11
0.089
0.091
0.083
0.087
0.097
0.104
0.097
0.087
0.089
0.054
0.08
0.083
0.07
0.065
0.08
0.073
0.086
0.086
0.095
0.084
0.099
0.103
0.074
0.093
0.093
0.105
0.098
0.094
0.082
0.085
0.093
0.091
0.082
0.083
0.072
0.075
0.104
0.09
0.077
0.074
0.072
0.083
0.093
0.076
0.078
0.093
0.081
0.079
0.081
0.076
0.086
0.093
0.095
0.073
0.081
0.085
0.081
0.083
0.072
0.081
0.099
0.1
0.079
0.087
0.084
0.072
0.079
0.08
0.095
0.086
0.092
0.118
0.08
0.076
0.075
0.083
0.083
0.055
0.121
0.098
0.091
0.088
0.091
0.095
0.116
0.074
0.076
0.097
0.091
0.076
0.077
0.121
0.108
0.086
0.076
0.088
0.082
0.075
0.088
0.079
0.088
0.107
0.09
0.092
0.073
0.085
0.075
0.083
0.082
0.103
0.107
0.073
0.075
0.085
0.082
0.078
0.09
0.075
0.095
0.101
0.097
0.075
0.085
0.119
0.101
0.092
0.075
0.075
0.076
0.084
0.078
0.091
0.086
0.102
0.082
0.089
0.075
0.095
0.088
0.095
0.113
0.084
0.043
0.107
0.05
0.082
0.069
0.072
0.072
0.084
0.101
0.074
0.075
0.097
0.092
0.088
0.086
0.116
0.093
0.077
0.082
0.088
0.079
0.104
0.082
0.096
0.077
0.103
0.092
0.082
0.077
0.072
0.094
0.088
0.088
0.097
0.087
0.089
0.076
0.095
0.076
0.11
0.072
0.102
0.084
0.065
0.075
0.082
0.075
0.073
0.073
0.075
0.113
0.104
0.089
0.1
0.101
0.109
0.104
0.08
0.073
0.075
0.077
0.087
0.096
0.095
0.082
0.073
0.102
0.082
0.075
0.111
0.106
0.094
0.097
0.107
0.077
0.079
0.077
0.085
0.101
0.08
0.075
0.087
0.086
0.072
0.105
0.077
0.085
0.062
0.074
0.075
0.084
0.09
0.077
0.104
0.099
0.076
0.097
0.097
0.087
0.092
0.086
0.081
0.093
0.093
0.079
0.09
0.09
0.089
0.095
0.087
0.075
0.079
0.081
0.089
0.078
0.085
0.08
0.094
0.081
0.111
0.108
0.096
0.09
0.087
0.075
0.095
0.076
0.08
0.077
0.092
0.079
0.102
0.112
0.082
0.078
0.08
0.07
0.069
0.074
0.075
0.083
0.077
0.089
0.087
0.075
0.094
0.1
0.084
0.095
0.076
0.093
0.118
0.08
0.101
0.106
0.074
0.081
0.073
0.083
0.117
0.076
0.075
0.083
0.082
0.076
0.083
0.104
0.084
0.081
0.096
0.091
0.108
0.089
0.087
0.099
0.083
0.077
0.075
0.075
0.084
0.098
0.074
0.092
0.091
0.076
0.087
0.08
0.113
0.087
0.089
0.09
0.083
0.083
0.083
0.077
0.093
0.078
0.089
0.073
0.089
0.103
0.099
0.084
0.082
0.076
0.122
0.08
0.081
0.087
0.096
0.104
0.076
0.095
0.079
0.085
0.088
0.105
0.093
0.107
0.087
0.1
0.092
0.108
0.106
0.073
0.082
0.101
0.077
0.085
0.075
0.079
0.102
0.1
0.113
0.108
0.075
0.062
0.083
0.078
0.127
0.102
0.081
0.083
0.059
0.075
0.075
0.123
0.078
0.098
0.091
0.076
0.087
0.087
0.08
0.081
0.074
0.073
0.062
0.078
0.081
0.117
0.107
0.082
0.098
0.102
0.094
0.073
0.084
0.087
0.088
0.108
0.079
0.077
0.105
0.085
0.098
0.081
0.09
0.135
0.091
0.105
0.084
0.088
0.074
0.077
0.09
0.102
0.084
0.081
0.083
0.087
0.081
0.129
0.106
0.075
0.091
0.096
0.078
0.127
0.107
0.088
0.087
0.081
0.082
0.085
0.094
0.083
0.075
0.079
0.113
0.148
0.085
0.079
0.112
0.087
0.083
0.084
0.085
0.11
0.083
0.083
0.084
0.092
0.108
0.078
0.101
0.08
0.077
0.076
0.077
0.1
0.091
0.092
0.087
0.127
0.083
0.097
0.124
0.094
0.074
0.081
0.088
0.081
0.107
0.083
0.083
0.073
0.075
0.082
0.085
0.076
0.256
0.083
0.089
0.081
0.079
0.073
0.088
0.084
0.096
0.071
0.102
0.073
0.083
0.083
0.083
0.08
0.099
0.09
0.102
0.078
0.093
0.096
0.085
0.078
0.075
0.075
0.089
0.1
0.068
0.169
0.089
0.109
0.11
0.111
0.072
0.072
0.087
0.09
0.084
0.101
0.091
0.076
0.089
0.113
0.114
0.083
0.083
0.086
0.119
0.086
0.113
0.11
0.09
0.09
0.095
0.084
0.076
0.081
0.085
0.08
0.088
0.08
0.089
0.08
0.079
0.072
0.074
0.099
0.123
0.085
0.083
0.075
0.084
0.089
0.088
0.078
0.099
0.077
0.091
0.078
0.085
0.236
0.092
0.075
0.156
0.083
0.088
0.089
0.101
0.093
0.085
0.092
0.091
0.079
0.081
0.091
0.079
0.087
0.088
0.086
0.076
0.084
0.086
0.082
0.083
0.099
0.091
0.102
0.099
0.093
0.079
0.074
0.072
0.08
0.075
0.183
0.086
0.086
0.098
0.084
0.072
0.092
0.097
0.092
0.083
0.105
0.114
0.097
0.077
0.102
0.081
0.09
0.119
0.097
0.092
0.112
0.091
0.081
0.073
0.073
0.082
0.098
0.093
0.085
0.1
0.079
0.093
0.087
0.082
0.107
0.095
0.1
0.076
0.06
0.08
0.073
0.084
0.085
0.093
0.079
0.083
0.076
0.102
0.09
0.091
0.099
0.091
0.104
0.093
0.071
0.092
0.101
0.081
0.107
0.125
0.1
0.076
0.075
0.08
0.08
0.091
0.075
0.102
0.094
0.08
0.076
0.073
0.075
0.075
0.095
0.105
0.086
0.082
0.081
0.096
0.107
0.082
0.081
0.109
0.091
0.09
0.082
0.081
0.084
0.097
0.098
0.078
0.111
0.083
0.085
0.09
0.081
0.122
0.114
0.074
0.111
0.082
0.089
0.1
0.101
0.115
0.091
0.083
0.103
0.077
0.098
0.077
0.074
0.078
0.088
0.081
0.088
0.068
0.088
0.089
0.114
0.106
0.051
0.095
0.089
0.089
0.128
0.106
0.094
0.085
0.074
0.077
0.075
0.075
0.089
0.075
0.084
0.09
0.08
0.088
0.116
0.112
0.103
0.088
0.095
0.106
0.079
0.062
0.091
0.097
0.092
0.086
0.085
0.083
0.101
0.079
0.08
0.073
0.098
0.085
0.076
0.111
0.079
0.093
0.117
0.061
0.094
0.094
0.097
0.08
0.088
0.074
0.102
0.086
0.078
0.083
0.089
0.076
0.088
0.091
0.082
0.083
0.111
0.127
0.089
0.081
0.06
0.082
0.116
0.102
0.116
0.115
0.084
0.076
0.094
0.083
0.085
0.092
0.084
0.077
0.081
0.08
0.095
0.095
0.084
0.102
0.102
0.076
0.075
0.082
0.098
0.084
0.073
0.104
0.084
0.06
0.075
0.092
0.096
0.081
0.135
0.089
0.087
0.093
0.09
0.092
0.089
0.115
0.084
0.112
0.09
0.109
0.099
0.076
0.066
0.08
0.088
0.079
0.081
0.079
0.089
0.077
0.082
0.06
0.079
0.084
0.083
0.101
0.091
0.106
0.076
0.073
0.104
0.082
0.064
0.084
0.135
0.074
0.066
0.09
0.065
0.042
0.093
0.071
0.072
0.083
0.081
0.098
0.082
0.082
0.098
0.088
0.092
0.106
0.073
0.094
0.107
0.088
0.084
0.115
0.091
0.073
0.07
0.084
0.084
0.087
0.081
0.106
0.108
0.099
0.115
0.09
0.082
0.125
0.089
0.113
0.075
0.083
0.088
0.119
0.092
0.096
0.091
0.099
0.098
0.099
0.088
0.105
0.088
0.11
0.079
0.078
0.099
0.106
0.113
0.083
0.113
0.082
0.1
0.106
0.103
0.084
0.113
0.093
0.083
0.122
0.103
0.09
0.12
0.119
0.099
0.083
0.073
0.083
0.068
0.078
0.096
0.081
0.095
0.095
0.087
0.237
0.094
0.094
0.088
0.08
0.076
0.079
0.076
0.1
0.093
0.097
0.099
0.082
0.084
0.075
0.116
0.136
0.08
0.086
0.09
0.087
0.089
0.079
0.095
0.106
0.105
0.111
0.102
0.106
0.082
0.076
0.086
0.075
0.075
0.075
0.081
0.073
0.082
0.172
0.075
0.099
0.087
0.087
0.08
0.051
0.072
0.098
0.071
0.09
0.069
0.079
0.075
0.085
0.082
0.083
0.086
0.09
0.08
0.101
0.086
0.094
0.114
0.091
0.09
0.092
0.092
0.081
0.1
0.124
0.091
0.067
0.099
0.096
0.087
0.088
0.106
0.085
0.09
0.089
0.097
0.084
0.123
0.169
0.081
0.098
0.113
0.095
0.083
0.104
0.101
0.086
0.083
0.099
0.091
0.076
0.086
0.089
0.086
0.077
0.107
0.107
0.094
0.092
0.082
0.087
0.08
0.072
0.083
0.073
0.112
0.078
0.074
0.074
0.078
0.087
0.072
0.082
0.086
0.079
0.087
0.074
0.082
0.095
0.074
0.069
0.082
0.078
0.08
0.095
0.083
0.036
0.085
0.074
0.086
0.119
0.088
0.09
0.084
0.079
0.078
0.083
0.096
0.074
0.087
0.095
0.083
0.072
0.125
0.217
0.108
0.112
0.103
0.136
0.108
0.082
0.076
0.059
0.082
0.082
0.104
0.08
0.084
0.096
0.084
0.101
0.093
0.094
0.075
0.076
0.083
0.082
0.088
0.105
0.12
0.086
0.115
0.107
0.085
0.08
0.08
0.075
0.07
0.072
0.076
0.073
0.088
0.082
0.095
0.076
0.072
0.101
0.097
0.104
0.096
0.089
0.107
0.103
0.088
0.08
0.08
0.082
0.092
0.08
0.09
0.082
0.083
0.082
0.082
0.089
0.049
0.05
0.102
0.086
0.078
0.1
0.087
0.082
0.084
0.084
0.08
0.099
0.077
0.09
0.08
0.074
0.078
0.079
0.071
0.071
0.096
0.093
0.072
0.083
0.088
0.081
0.077
0.108
0.11
0.059
0.103
0.06
0.065
0.049
0.09
0.094
0.104
0.073
0.108
0.139
0.108
0.072
0.08
0.081
0.104
0.083
0.09
0.089
0.08
0.066
0.099
0.075
0.076
0.079
0.092
0.055
0.047
0.119
0.103
0.105
0.079
0.081
0.086
0.093
0.085
0.096
0.094
0.081
0.082
0.091
0.08
0.112
0.077
0.092
0.079
0.073
0.152
0.092
0.085
0.069
0.058
0.037
0.08
0.055
0.108
0.078
0.061
0.104
0.152
0.127
0.089
0.095
0.083
0.105
0.1
0.123
0.097
0.09
0.108
0.092
0.085
0.104
0.119
0.073
0.089
0.096
0.099
0.083
0.089
0.083
0.094
0.085
0.106
0.114
0.088
0.094
0.082
0.085
0.094
0.092
0.06
0.066
0.083
0.084
0.107
0.084
0.043
0.092
0.075
0.079
0.088
0.084
0.095
0.097
0.084
0.081
0.092
0.088
0.091
0.096
0.083
0.083
0.077
0.085
0.075
0.08
0.079
0.092
0.13
0.054
0.119
0.09
0.13
0.141
0.041
0.052
0.053
0.08
0.085
0.072
0.083
0.092
0.084
0.092
0.081
0.096
0.07
0.09
0.112
0.079
0.102
0.081
0.074
0.112
0.051
0.073
0.075
0.118
0.078
0.093
0.082
0.096
0.086
0.105
0.053
0.083
0.08
0.083
0.084
0.075
0.097
0.105
0.076
0.075
0.054
0.08
0.075
0.081
0.087
0.089
0.114
0.046
0.099
0.125
0.081
0.086
0.075
0.083
0.094
0.1
0.087
0.04
0.085
0.074
0.079
0.095
0.107
0.118
0.103
0.077
0.087
0.082
0.091
0.085
0.1
0.076
0.084
0.081
0.083
0.073
0.084
0.095
0.112
0.093
0.084
0.075
0.073
0.111
0.111
0.114
0.094
0.082
0.073
0.093
0.089
0.089
0.089
0.095
0.093
0.091
0.075
0.087
0.095
0.076
0.079
0.086
0.144
0.092
0.079
0.077
0.074
0.085
0.08
0.037
0.076
0.089
0.089
0.085
0.087
0.081
0.063
0.089
0.092
0.037
0.042
0.102
0.047
0.091
0.102
0.092
0.09
0.066
0.088
0.089
0.078
0.066
0.11
0.077
0.083
0.08
0.088
0.085
0.091
0.839
0.049
0.097
0.09
0.097
0.087
0.095
0.045
0.09
0.108
0.079
0.06
0.093
0.051
0.082
0.083
0.083
0.078
0.055
0.058
0.107
0.084
0.09
0.097
0.082
0.066
0.049
0.085
0.075
0.057
0.084
0.081
0.074
0.087
0.086
0.079
0.075
0.055
0.111
0.14
0.085
0.072
0.093
0.083
0.11
0.095
0.091
0.09
0.095
0.077
0.08
0.095
0.085
0.083
0.084
0.076
0.082
0.073
0.086
0.092
0.17
0.057
0.1
0.082
0.07
0.075
0.077
0.086
0.099
0.087
0.125
0.082
0.079
0.084
0.119
0.074
0.082
0.075
0.103
0.033
0.09
0.08
0.083
0.109
0.084
0.084
0.076
0.075
0.082
0.082
0.087
0.09
0.09
0.118
0.103
0.087
0.073
0.075
0.074
0.082
0.087
0.075
0.066
0.073
0.072
0.082
0.118
0.085
0.076
0.128
0.092
0.095
0.155
0.104
0.055
0.083
0.072
0.079
0.098
0.083
0.083
0.136
0.09
0.093
0.089
0.149
0.087
0.083
0.107
0.097
0.076
0.09
0.094
0.079
0.075
0.099
0.093
0.108
0.089
0.081
0.079
0.072
0.072
0.074
0.102
0.099
0.089
0.069
0.085
0.087
0.079
0.1
0.082
0.072
0.087
0.087
0.089
0.088
0.099
0.109
0.104
0.105
0.098
0.087
0.082
0.075
0.099
0.101
0.079
0.081
0.061
0.117
0.103
0.09
0.082
0.094
0.078
0.075
0.084
0.075
0.074
0.082
0.094
0.099
0.096
0.09
0.081
0.077
0.07
0.088
0.075
0.08
0.079
0.094
0.084
0.096
0.088
0.09
0.098
0.08
0.088
0.097
0.073
0.084
0.087
0.083
0.081
0.083
0.098
0.099
0.1
0.084
0.083
0.1
0.085
0.079
0.096
0.075
0.09
0.086
0.08
0.11
0.08
0.092
0.077
0.086
0.076
0.076
0.094
0.094
0.075
0.082
0.1
0.098
0.087
0.076
0.084
0.197
0.09
0.081
0.087
0.077
0.098
0.085
0.092
0.079
0.08
0.081
0.087
0.103
0.094
0.076
0.105
0.089
0.077
0.086
0.112
0.075
0.101
0.075
0.091
0.087
0.084
0.075
0.081
0.091
0.082
0.059
0.091
0.088
0.062
0.125
0.083
0.052
0.06
0.047
0.068
0.078
0.088
0.073
0.09
0.077
0.084
0.087
0.075
0.075
0.078
0.085
0.083
0.073
0.083
0.095
0.102
0.104
0.047
0.039
0.078
0.096
0.082
0.082
0.085
0.088
0.082
0.075
0.075
0.1
0.078
0.076
0.098
0.09
0.083
0.102
0.107
0.092
0.084
0.079
0.083
0.091
0.089
0.109
0.108
0.098
0.081
0.089
0.098
0.083
0.083
0.084
0.073
0.093
0.119
0.084
0.073
0.073
0.093
0.1
0.054
0.044
0.077
0.058
0.061
0.104
0.104
0.085
0.103
0.072
0.091
0.119
0.108
0.102
0.1
0.142
0.111
0.072
0.107
0.201
0.09
0.086
0.053
0.088
0.075
0.057
0.11
0.055
0.097
0.098
0.08
0.08
0.078
0.077
0.076
0.105
0.095
0.079
0.087
0.088
0.106
0.089
0.095
0.083
0.088
0.072
0.085
0.039
0.043
0.092
0.09
0.084
0.093
0.044
0.085
0.085
0.075
0.082
0.08
0.164
0.091
0.091
0.099
0.083
0.055
0.092
0.078
0.063
0.09
0.058
0.087
0.081
0.074
0.081
0.086
0.082
0.075
0.082
0.078
0.083
0.078
0.085
0.091
0.067
0.086
0.084
0.084
0.102
0.094
0.084
0.073
0.085
0.09
0.09
0.081
0.092
0.077
0.094
0.098
0.087
0.072
0.073
0.092
0.082
0.088
0.084
0.083
0.082
0.066
0.102
0.108
0.106
0.085
0.104
0.06
0.104
0.059
0.079
0.105
0.078
0.124
0.094
0.076
0.089
