0.999 0
1.997 0
2.997 0
3.997 0
4.997 0
5.997 0
6.997 0
7.997 0
8.997 0
9.997 0
10.997 0
11.997 14
12.997 28
13.997 0
14.997 1
15.997 0
16.997 0
17.997 1
18.997 1
19.997 2
20.997 0
21.997 0
22.997 0
23.997 1
24.997 1
25.997 1
26.997 1
27.997 0
28.997 0
29.997 1
30.997 1
31.997 1
32.997 1
33.997 0
34.997 2
35.997 0
36.997 1
37.997 2
38.997 1
39.997 1
40.997 1
41.997 0
42.997 0
43.997 0
44.997 1
45.997 0
46.997 0
47.997 1
48.997 0
49.997 0
50.997 0
51.997 1
52.997 2
53.997 1
54.997 2
55.997 1
56.997 0
57.997 1
58.997 1
59.997 0
60.997 0
61.997 0
62.997 0
63.997 0
64.997 1
65.997 1
66.997 1
67.997 1
68.997 0
69.997 0
70.997 0
71.997 1
72.997 0
73.997 2
74.997 3
75.997 0
76.997 0
77.997 0
78.997 2
79.997 1
80.997 1
81.997 1
82.997 1
83.997 0
84.997 1
85.997 2
86.997 1
87.997 2
88.997 1
89.997 0
90.997 0
91.997 2
92.997 1
93.997 0
94.997 1
95.997 1
96.997 1
97.997 0
98.997 1
99.997 1
100.997 1
101.997 0
102.997 0
103.997 1
104.997 1
105.997 0
106.997 0
107.997 0
108.997 0
109.997 0
110.997 1
111.997 0
112.997 0
113.997 0
114.997 0
115.997 1
116.997 0
117.997 0
118.997 1
119.997 2
120.997 1
121.997 0
122.997 2
123.997 0
124.997 1
125.997 2
126.997 1
127.997 1
128.997 1
129.997 1
130.997 1
131.997 1
132.997 2
133.997 0
134.997 0
135.997 0
136.997 0
137.997 0
138.997 0
139.997 0
140.997 0
141.997 0
142.997 0
143.997 0
144.997 0
145.997 0
146.997 0
147.997 0
148.997 0
149.997 0
150.997 1
151.997 0
152.997 0
153.997 0
154.997 0
155.997 0
156.997 0
157.997 0
158.997 0
159.997 0
160.997 1
161.997 1
162.997 0
163.997 0
164.997 0
165.997 0
166.997 0
167.997 0
168.997 0
169.997 0
170.997 0
171.997 0
172.997 1
173.997 0
174.997 0
175.997 0
176.997 0
177.997 0
178.997 1
179.997 0
180.997 0
181.997 0
182.997 1
183.997 0
184.997 0
185.997 0
186.997 0
187.997 1
188.997 1
189.997 0
190.997 0
191.997 0
192.997 1
193.997 1
194.997 0
195.997 0
196.997 0
197.997 1
198.997 0
199.997 0
200.997 0
201.997 0
202.997 0
203.997 0
204.997 1
205.997 0
206.997 0
207.997 0
208.997 1
209.997 0
210.997 1
211.997 0
212.997 9
213.997 15
214.997 15
215.997 15
216.997 15
217.997 15
218.997 11
220.695 3
222.492 0
223.322 0
224.124 0
224.957 0
225.839 0
226.72 0
227.598 0
228.485 0
229.287 0
230.07 0
230.997 0
231.997 0
232.997 0
233.997 0
234.997 0
235.997 0
236.997 0
237.997 0
238.997 0
239.997 1
240.997 1
241.997 0
242.997 1
243.997 1
244.997 1
245.997 2
246.997 2
247.997 0
248.997 0
249.997 2
250.997 3
251.997 3
252.997 1
253.997 1
254.997 1
255.997 1
256.997 2
257.997 4
259.027 2
260.017 1
260.997 1
261.997 1
262.997 1
263.997 0
264.997 0
265.997 1
266.997 1
267.997 1
268.997 1
269.997 2
270.997 3
271.997 2
272.997 0
273.997 1
274.997 0
275.997 0
276.997 1
277.997 1
278.997 1
279.997 0
280.997 0
281.997 0
282.997 2
283.997 1
284.997 2
285.997 1
286.997 2
287.997 3
288.997 2
289.997 1
290.997 2
291.997 2
292.997 1
293.997 2
294.997 2
295.997 2
296.997 0
297.997 1
298.997 2
299.997 0
300.997 0
301.997 0
302.997 0
303.997 1
304.997 1
305.997 1
306.997 0
307.997 0
308.997 2
309.997 2
310.997 2
311.997 1
312.997 0
313.997 1
314.997 1
315.997 1
316.997 0
317.997 0
318.997 0
319.997 0
320.997 1
321.997 4
322.997 0
323.997 2
324.997 2
325.997 1
326.997 0
327.997 0
328.997 0
329.997 1
330.997 2
331.997 2
332.997 0
333.997 0
334.997 1
335.997 0
336.997 0
337.997 2
338.997 2
339.997 0
340.997 0
341.997 1
342.997 0
343.997 0
344.997 0
345.997 3
346.997 4
347.997 1
348.997 1
349.997 1
350.997 1
351.997 1
352.997 0
353.997 0
354.997 1
355.997 0
356.997 0
357.997 0
358.997 2
359.997 2
360.997 0
361.997 0
362.997 0
363.997 0
364.997 0
365.997 2
366.997 3
367.997 2
368.997 0
369.997 2
370.997 4
371.997 1
372.997 2
373.997 2
374.997 4
375.997 3
376.997 2
377.997 0
378.997 0
379.997 0
380.997 0
381.997 0
382.997 0
383.997 0
384.997 0
385.997 1
386.997 1
387.997 0
388.997 0
389.997 0
390.997 0
391.997 0
392.997 0
393.997 0
394.997 1
395.997 1
396.997 4
397.997 3
398.997 3
399.997 0
400.997 3
401.997 3
402.997 3
403.997 5
405.024 3
406.042 0
406.997 1
407.997 3
408.997 4
410.068 2
411.018 1
411.997 0
412.997 0
413.997 0
414.997 0
415.997 0
416.997 0
417.997 0
418.997 0
419.997 0
420.997 0
421.997 1
422.997 2
423.997 1
424.997 0
425.997 0
426.997 0
427.997 0
428.997 0
429.997 0
430.997 0
431.997 1
432.997 2
433.997 2
434.997 1
435.997 1
436.997 1
437.997 3
438.997 3
439.997 1
440.997 2
441.997 2
442.997 0
443.997 1
444.997 1
445.997 2
446.997 1
447.997 1
448.997 1
449.997 0
450.997 1
451.997 2
452.997 2
453.997 0
454.997 1
455.997 2
456.997 1
457.997 1
458.997 0
459.997 1
460.997 1
461.997 0
462.997 0
463.997 0
464.997 0
465.997 1
466.997 0
467.997 1
468.997 1
469.997 0
470.997 1
471.997 3
472.997 4
473.997 2
474.997 1
475.997 0
476.997 0
477.997 1
478.997 1
479.997 1
480.997 1
481.997 3
482.997 4
483.997 1
484.997 0
485.997 0
486.997 1
487.997 2
488.997 2
489.997 1
490.997 0
491.997 1
492.997 1
493.997 0
494.997 0
495.997 0
496.997 0
497.997 0
498.997 1
499.997 0
500.997 1
501.997 1
502.997 0
503.997 1
504.997 1
505.997 0
506.997 2
507.997 3
508.997 1
509.997 1
510.997 0
511.997 0
512.997 0
513.997 1
514.997 0
515.997 0
516.997 0
517.997 0
518.997 0
519.997 0
520.997 1
521.997 0
522.997 3
523.997 4
524.997 2
525.997 2
526.997 0
527.997 3
528.997 2
529.997 1
530.997 3
531.997 2
532.997 3
533.997 3
534.997 2
535.997 1
536.997 2
537.997 0
538.997 0
539.997 1
540.997 1
541.997 1
542.997 0
543.997 1
544.997 0
545.997 0
546.997 0
547.997 1
548.997 2
549.997 1
550.997 3
551.997 2
552.997 0
553.997 0
554.997 0
555.997 0
556.997 0
557.997 0
558.997 0
559.997 0
560.997 0
561.997 1
562.997 0
563.997 0
564.997 0
565.997 0
566.997 0
567.997 0
568.997 0
569.997 0
570.997 0
571.997 0
572.997 1
573.997 0
574.997 0
575.997 0
576.997 0
577.997 0
578.997 0
579.997 0
580.997 0
581.997 0
582.997 0
583.997 0
584.997 0
585.997 0
586.997 0
587.997 0
588.997 0
589.997 1
590.997 0
591.997 0
592.997 0
593.997 0
594.997 0
595.997 1
596.997 0
597.997 0
598.997 0
599.997 0
600.997 0
601.997 0
602.997 0
603.997 0
604.997 1
605.997 1
606.997 0
607.997 0
608.997 0
609.997 0
610.997 0
611.997 0
612.997 0
613.997 0
614.997 0
615.997 0
616.997 1
617.997 0
618.997 0
619.997 1
620.997 0
621.997 0
622.997 0
623.997 0
624.997 0
625.997 0
626.997 0
627.997 0
628.997 0
629.997 0
630.997 0
631.997 0
632.997 0
633.997 0
634.997 0
635.997 0
636.997 0
637.997 0
638.997 0
639.997 0
640.997 0
641.997 0
642.997 0
643.997 0
644.997 1
645.997 0
646.997 0
647.997 0
648.997 0
649.997 0
650.997 0
651.997 0
652.997 0
653.997 0
654.997 0
655.997 0
656.997 0
657.997 0
658.997 0
659.997 0
660.997 0
661.997 0
662.997 0
663.997 0
664.997 0
665.997 0
666.997 0
667.997 0
668.997 0
669.997 0
670.997 0
671.997 0
672.997 0
673.997 0
674.997 0
675.997 0
676.997 0
677.997 0
678.997 0
679.997 0
680.997 0
681.997 0
682.997 0
683.997 0
684.997 0
685.997 0
686.997 0
687.997 0
688.997 0
689.997 0
690.997 0
691.997 0
692.997 0
693.997 0
694.997 0
695.997 0
696.997 0
697.997 0
698.997 0
700.812 0
