0
0
0
0
0
0
0
0
0
0
0
0
0
46
10
19
9
13
20
18
17
22
14
27
8
10
26
17
21
16
19
22
10
20
15
19
16
10
17
18
22
24
9
16
18
25
13
20
20
19
21
13
13
8
24
17
14
11
14
18
10
16
23
11
11
15
9
12
21
23
22
20
25
17
20
17
17
15
13
20
13
20
24
16
20
22
20
16
22
29
14
27
22
22
21
13
28
22
13
15
23
16
21
22
26
19
16
21
14
25
19
14
21
18
15
24
18
16
9
20
21
20
19
12
16
17
18
23
10
17
11
23
24
29
24
13
26
26
14
18
16
17
23
20
18
16
24
22
28
12
18
20
18
21
19
19
23
17
20
17
15
18
18
15
24
16
19
15
14
20
22
15
16
22
26
19
10
23
11
22
15
15
15
14
8
24
27
11
23
28
13
17
8
21
16
28
21
15
13
19
17
15
14
23
16
17
16
14
14
26
18
15
13
10
0
0
0
0
4
8
3
0
0
0
0
0
0
0
0
0
0
0
0
0
6
11
1
0
4
0
0
13
14
8
18
1
10
20
14
7
16
4
2
1
6
12
19
2
2
2
0
14
6
10
10
12
16
4
1
17
15
1
2
14
13
17
15
3
0
1
19
15
19
19
1
5
20
18
22
19
18
16
17
16
20
16
19
16
18
23
10
13
12
24
18
21
19
19
21
18
26
18
21
24
18
21
26
16
18
23
17
19
18
18
17
22
22
22
23
14
22
23
26
18
20
18
25
14
22
24
19
20
21
23
19
18
8
3
0
4
17
18
15
20
18
33
26
13
24
22
26
20
24
19
18
21
21
23
21
19
18
20
23
23
12
1
1
2
0
0
0
11
25
17
21
18
19
25
19
22
21
24
26
17
22
16
16
16
21
22
18
21
22
16
23
18
14
21
15
20
14
17
19
18
18
25
20
23
21
18
19
12
0
1
1
0
0
0
0
0
5
18
19
19
21
19
25
22
23
21
27
21
30
24
16
26
16
21
23
20
17
17
20
22
12
0
1
0
1
17
19
21
18
21
21
24
25
19
22
26
20
21
19
26
23
26
19
27
21
20
21
15
22
25
29
22
16
16
22
22
20
17
20
19
18
19
25
15
25
20
24
22
17
24
22
25
21
26
21
25
19
24
19
25
27
20
26
27
14
28
16
21
20
16
26
21
16
13
26
14
22
21
22
22
17
27
19
21
29
12
29
21
20
23
21
24
20
19
17
18
20
20
21
15
25
24
21
17
29
23
18
17
19
20
25
23
23
24
34
20
27
15
20
23
23
31
22
19
27
13
20
26
20
21
22
21
19
20
19
30
24
26
18
22
22
21
21
31
29
20
30
16
29
22
16
22
28
29
27
27
30
23
25
15
22
18
18
24
22
21
23
21
23
18
22
22
32
19
18
20
35
31
18
21
25
26
16
16
27
26
25
24
29
20
23
21
20
22
19
21
24
24
28
29
18
26
23
22
30
28
26
11
20
27
25
23
19
23
33
30
20
0
0
0
0
0
0
0
0
0
0
0
0
0
0
0
0
0
0
0
0
0
0
0
0
0
0
0
0
0
