624.107
826.358
404.657
324.39
880.222
99.429
876.925
952.612
1380.484
1190.66
416.821
478.023
722.22
1131.824
584.249
155.978
78.766
1049.01
1523.823
361.88
1216.352
843.069
403.198
157.526
108.325
85.533
956.705
99.684
89.004
98.19
102.125
76.028
107.554
91.921
109.933
70.888
73.576
111.808
102.994
124.803
103.564
87.664
91.282
73.886
77.386
71.172
75.154
77.121
77.267
81.753
98.137
104.102
92.058
85.623
78.234
117.435
89.307
150.392
122.814
103.385
105.338
84.931
83.06
94.712
90.687
71.474
74.049
124.704
124.686
124.373
111.224
95.27
79.037
103.965
71.749
81.926
76.448
77.41
79.473
72.288
83.317
102.46
81.24
66.643
109.025
68.107
89.013
86.615
85.258
701.831
103.268
106.006
132.074
114.224
143.319
87.17
73.639
113.91
98.411
108.98
75.662
124.288
93.421
71.054
79.468
72.055
69.594
78.498
117.388
117.807
111.295
109.547
292.891
75.869
94.708
80.479
123.907
109.227
63.749
102.54
113.042
77.737
80.951
90.069
95.601
109.597
138.341
104.998
86.82
106.056
117.435
102.807
68.885
117.214
100.289
74.215
88.309
148.004
166.765
151.877
143.906
78.852
97.396
118.338
78.571
72.693
435.349
78.619
76.337
70.694
106.974
76.123
72.468
122.928
139.192
106.654
156.725
157.985
158.624
69.256
74.083
1655.48
119.63
125.262
137.234
103.659
117.366
2070.918
98.794
144.516
143.251
106.255
121.52
129.616
106.59
107.791
121.227
71.889
67.822
65.563
71.628
87.972
88.448
74.379
87.844
86.858
84.006
87.531
65.876
123.533
92.938
98.948
69.268
152.733
152.751
155.145
156.42
158.175
170.232
183.266
131.024
173.288
162.181
84.023
108.22
134.104
138.759
139.207
103.345
815.603
64.112
76.683
89.192
86.836
87.578
115.905
72.828
68.905
90.165
81.196
78.218
71.996
65.291
67.751
74.771
74.501
78.902
80.617
90.696
76.091
70.212
74.693
61.207
68.959
79.292
105.396
65.357
98.028
131.965
77.786
65.836
87.522
68.541
73.798
99.087
76.516
103.204
108.462
130.675
83.833
151.968
105.724
65.935
124.6
104.532
1289.059
128.82
106.213
194.191
195.475
192.611
78.76
99.7
118.988
1745.704
75.123
62.745
66.119
67.527
99.859
95.636
69.494
99.956
70.744
107.143
92.123
56.927
53.615
72.578
82.127
79.756
88.072
73.677
92.438
78.087
73.032
77.523
99.693
87.856
72.374
72.598
128.357
128.32
129.922
143.289
100.022
114.459
101.762
63.646
75.608
82.433
76.426
74.729
69.057
91.887
87.366
97.253
69.924
68.416
69.273
106.753
106.998
72.13
65.749
64.934
71.53
100.766
76.572
79.428
91.115
73.694
91.767
92.477
93.748
68.315
115.713
116.881
116.316
96.614
81.66
77.016
73.772
91.985
69.103
81.712
83.025
77.982
82.024
83.723
79.121
83.812
71.448
67.004
80.977
143.463
127.248
167.126
167.332
91.184
80.34
61.535
66.385
73.069
71.11
65.088
65.574
91.071
70.126
70.921
78.615
3407.63
72.669
100.374
85.565
77.51
79.444
77.806
90.792
88.713
75.513
71.962
75.521
72.541
69.109
63.208
79.861
106.793
156.104
151.644
134.329
178.95
181.62
210.467
210.455
77.402
108.87
66.308
97.771
89.313
60.113
92.863
69.991
119.248
79.772
76.722
1135.624
77.217
76.707
84.682
70.846
63.564
66.49
77.572
1032.223
66.039
64.683
64.86
85.804
65.807
98.527
62.617
75.323
69.584
88.841
81.779
88.854
71.254
69.832
69.56
79.942
95.796
77.697
72.427
81.89
79.651
65.694
79.925
135.662
139.577
130.095
122.835
69.651
69.284
66.634
58.811
104.963
102.909
153.059
189.398
193.591
1748.272
147.983
148.191
72.397
72.337
96.928
66.392
459.129
74.655
75.446
66.711
73.338
73.467
73.621
98.291
138.096
128.269
110.199
113.709
66.29
68.42
70.575
72.785
61.986
84.384
72.895
101.918
116.222
120.551
121.504
125.184
76.998
99.258
107.953
83.037
67.386
94.072
81.168
67.341
93.585
77.979
77.186
97.741
88.64
69.186
107.727
121.516
83.309
85.049
115.61
86.88
66.868
85.771
59.483
72.656
78.192
77.208
68.123
82.315
99.358
77.509
96.963
78.248
84.454
127.641
141.808
149.098
86.391
94.654
149.855
3496.165
77.968
72.729
81.757
101.632
67.579
68.764
132.789
112.757
113.122
132.67
91.154
95.077
110.133
58.718
55.659
69.308
83.138
61.164
64.476
62.928
63.475
66.442
62.398
88.118
86.298
66.259
70.255
61.611
64.118
64.878
59.822
65.48
82.789
54.933
67.113
65.6
76.72
71.103
56.594
61.116
74.323
76.863
83.393
94.289
80.14
81.745
66.932
64.518
71.236
75.074
58.956
79.278
60.539
93.847
76.673
87.237
85.434
71.416
72.57
91.208
71.593
84.268
91.567
63.436
89.216
71.021
84.033
64.715
85.692
60.507
57.377
66.131
68.608
77.381
109.199
109.767
67.553
82.596
109.234
97.116
90.819
62.741
62.642
60.517
65.642
57.545
9388.537
77.784
67.405
95.499
97.66
70.256
88.135
64.278
89.743
95.689
91.076
77.196
88.789
73.285
104.509
82.202
73.11
822.825
98.925
85.515
64.098
68.521
91.729
94.105
74.23
70.46
87.693
112.394
101.35
81.069
73.391
82.098
76.871
65.049
61.905
61.858
69.908
133.126
95.88
104.995
78.128
68.179
73.384
77.334
79.36
197.674
206.955
210.729
212.081
119.196
119.787
181.138
101.273
102.538
84.653
66.343
72.819
62.904
97.384
80.176
78.054
76.759
91.743
73.209
103.818
77.503
74.034
103.936
112.981
93.765
81.975
65.055
118.081
97.839
126.231
121.087
65.992
124.477
92.374
65.768
69.782
69.191
95.181
99.806
97.058
98.796
80.357
66.941
81.475
98.026
81.556
83.398
55.776
67.153
76.809
104.698
105.79
55.274
71.272
62.03
62.577
73.558
700.082
73.01
70.592
67.896
69.052
99.589
74.21
101.854
70.601
102.62
63.074
60.133
66.899
97.966
85.386
627.059
101.933
93.198
69.73
74.466
80.618
75.735
72.905
75.412
76.861
102.262
110.789
79.901
67.963
60.272
79.547
86.813
95.339
112.793
80.658
100.228
75.44
67.621
83.011
73.752
88.172
106.241
92.726
93.71
105.402
62.25
58.105
60.412
62.566
65.887
89.846
69.255
70.968
70.294
70.322
72.607
73.352
70.614
99.214
110.268
121.716
132.849
77.182
70.517
59.493
54.355
74.059
77.503
57.249
65.832
97.883
69.999
57.649
70.072
64.436
76.671
108.836
109.931
110.782
63.795
67.958
71.545
54.955
56.413
57.911
93.512
76.628
1203.992
73.416
71.221
68.749
63.74
69.812
70.419
126.043
106.775
111.206
114.772
71.948
58.627
61.028
82.266
71.196
69.31
71.997
61.72
82.007
72.721
77.332
98.933
70.704
92.689
74.699
105.04
76.096
65.065
58.239
70.1
2638.645
70.321
93.46
110.718
104.248
86.842
67.772
69.4
104.569
101.451
76.561
67.715
70.662
107.398
119.898
103.42
69.75
67.059
81.79
82.071
66.689
73.586
76.443
66.607
65.941
65.157
72.581
108.618
125.955
105.862
74.987
66.558
93.659
95.304
88.119
72.303
68.092
70.979
67.537
83.706
85.925
105.78
113.475
129.222
100.906
109.965
85.993
78.417
71.078
78.113
78.733
87.708
77.82
63.126
96.656
81.603
106.631
109.202
100.252
69.051
89.89
69.465
58.044
68.858
78.088
87.021
72.834
119.124
125.032
64.973
70.811
103.604
105.483
106.011
69.619
72.39
72.898
72.185
64.073
83.115
86.72
96.471
60.352
79.136
70.905
76.412
115.175
86.063
98.398
182.138
110.289
66.467
78.595
76.944
83.567
76.573
75.885
87.694
88.631
85.107
13840.55
78.479
104.529
79.8
83.507
71.582
77.374
69.888
71.433
75.674
82.408
75.413
73.923
107.149
71.424
76.215
118.549
124.463
139.075
139.289
151.151
116.981
106.959
82.603
59.111
67.609
66.6
103.383
163.831
155.051
190.21
191.083
162.008
193.423
144.373
155.888
5190.087
76.558
68.596
63.61
99.675
82.738
108.541
105.133
111.787
115.125
99.438
111.587
80.409
127.354
128.825
69.032
120.628
95.377
102.691
86.21
107.313
98.646
104.455
89.806
64.853
94.418
69.98
72.138
74.552
109.909
131.102
137.382
158.975
137.881
84.974
117.441
64.924
67.306
96.344
101.781
82.781
68.824
91.128
111.479
94.105
112.968
129.006
114.046
85.112
61.875
63.147
103.138
112.289
127.947
107.871
121.662
125.199
141.75
179.515
142.316
97.908
131.009
78.401
60.645
63.163
107.715
115.753
95.183
127.526
153.139
153.391
119.111
120.327
84.681
91.962
74.75
68.092
116.117
169.86
142.503
173.55
150.237
141.371
113.995
68.254
67.097
64.377
466.617
95.398
90.2
92.372
93.892
113.918
128.789
99.455
101.301
67.839
119.691
82.584
66.216
72.414
706.939
78.593
93.145
84.393
96.831
2181.642
77.75
123.352
119.687
140.809
138.97
167.23
139.352
173.752
160.544
92.702
158.902
152.068
194.992
198.488
62.687
61.522
59.656
59.992
2321.833
87.113
71.612
67.622
85.787
139.049
151.278
152.582
108.684
176.207
119.097
74.681
65.618
72.843
62.831
68.142
84.199
86.409
96.018
83.472
86.189
78.359
61.408
75.446
67.047
81.596
94.293
97.531
70.649
86.816
90.497
91.02
77.652
73.301
100.078
107.51
145.065
137.37
109.104
159.856
85.207
67.546
89.732
63.404
64.74
62.585
79.13
58.704
66.915
100.122
84.886
104.821
84.646
81.491
72.739
59.716
94.711
64.175
98.413
75.738
107.685
69.252
60.42
91.378
109.11
105.328
126.668
130.94
121.206
111.476
100.564
66.484
89.951
139.473
132.007
121.758
65.798
93.576
99.671
77.642
2670.876
70.412
71.395
102.378
89.874
106.846
96.911
98.308
92.122
96.919
72.344
85.718
69.213
61.626
77.177
99.451
105.668
82.27
69.84
89.547
69.144
85.875
81.151
71.236
79.579
82.712
93.484
87.781
89.662
74.834
73.718
109.964
107.769
130.741
134.172
101.838
169.46
70.368
72.986
80.953
17026.212
135.347
175.635
178.345
175.387
171.477
199.165
119.923
202.435
136.661
60.882
60.694
89.979
77.421
115.115
116.278
92.962
68.716
61.816
73.039
77.389
64.352
92.461
84.339
117.759
67.845
89.779
90.124
85.711
75.485
77.068
112.463
82.602
3506.499
105.894
120.21
91.613
91.949
62.623
78.187
110.02
101.464
109.347
93.441
77.418
68.917
78.556
71.49
81.845
73.27
77.601
66.686
102.789
74.487
89.581
71.459
75.546
80.817
80.505
104.06
90.189
108.1
102.354
91.712
69.865
90.207
65.434
62.563
92.636
110.948
126.377
110.483
84.341
77.902
85.28
114.568
125.271
81.106
87.949
88.573
65.098
230.045
265.331
256.111
314.915
346.635
297.552
2386.022
247.791
181.738
106.41
189.679
203.883
179.306
253.399
257.723
227.532
152.059
128.266
126.254
128.862
94.7
170.372
200.156
226.029
173.83
212.939
121.749
250.983
241.996
320.078
328.249
289.381
336.621
315.85
297.535
362.977
222.339
2267.81
127.786
78.578
106.166
94.783
118.269
88.758
87.995
108.036
82.748
514.751
70.547
94.144
66.546
74.601
73.604
78.145
100.859
70.95
76.288
78.599
84.714
99.445
89.897
104.127
137.414
111.812
143.058
93.457
94.36
79.449
90.822
80.443
93.189
86.482
103.002
87.677
83.832
87.874
62.899
66.212
88.479
71.797
86.774
97.956
117.665
106.272
102.316
65.67
61.588
67.546
105.514
106.828
72.405
66.09
78.263
1115.469
92.505
116.672
124.806
128.867
120.465
98.951
103.13
86.594
65.939
64.4
61.173
100.205
125.326
82.096
60.542
59.288
116.065
167.487
142.472
158.23
209.002
204.884
230.246
230.934
145.895
150.889
94.0
159.602
162.486
120.962
151.241
8517.916
89.251
123.024
125.958
126.374
79.564
82.207
101.799
93.922
97.201
104.105
97.983
72.516
1892.071
6352.532
61.35
105.095
72.874
115.066
124.564
103.791
176.346
128.605
129.296
117.705
86.052
91.444
63.023
81.461
93.75
105.887
98.138
71.309
71.505
88.588
103.438
80.54
82.097
62.986
67.152
70.668
114.048
88.906
92.182
106.959
96.978
115.52
102.281
112.515
81.879
96.386
86.386
89.027
94.832
98.497
97.321
89.18
101.19
71.114
59.212
71.216
63.465
110.276
102.116
948.127
86.718
59.067
81.343
90.512
108.602
102.038
2067.287
122.117
69.44
68.363
88.872
90.403
80.421
75.644
74.402
1218.812
96.294
102.303
68.285
93.528
80.977
92.783
103.454
110.001
118.579
166.619
186.833
187.155
194.198
117.074
156.225
177.841
60.658
86.876
87.423
93.123
63.833
98.635
62.733
99.892
169.132
193.721
146.917
198.902
287.247
268.606
288.772
267.184
271.899
294.564
279.941
276.934
307.782
166.662
84.117
128.575
163.853
73.994
60.831
87.28
59.016
71.979
66.581
89.454
75.467
69.72
76.63
78.393
94.227
78.797
78.506
93.698
237.049
260.496
246.309
211.77
284.761
314.667
328.325
306.49
136.545
89.393
77.554
119.844
192.448
99.825
121.385
81.141
85.496
132.444
123.717
97.967
79.28
72.938
126.224
113.161
2265.425
150.029
151.407
89.289
95.579
100.616
198.791
200.676
202.494
198.698
127.16
138.549
153.26
90.81
59.979
80.916
83.484
87.088
62.247
64.61
75.285
73.099
98.908
94.576
85.05
80.194
83.232
67.384
80.749
73.211
73.682
71.395
95.604
80.423
129.007
136.631
121.217
104.797
79.524
104.922
80.874
98.311
105.977
70.961
92.427
77.222
69.293
62.206
60.805
63.505
65.896
97.931
120.734
129.998
121.583
122.519
87.082
80.075
98.238
76.006
84.946
73.58
78.474
65.638
86.764
92.861
75.206
72.813
84.844
105.46
79.336
100.356
79.903
72.829
83.443
98.926
85.482
77.817
107.432
110.926
117.777
90.018
73.843
84.664
84.261
91.879
94.081
117.416
1259.038
69.611
66.927
82.767
67.35
81.417
126.884
140.599
141.841
142.548
77.096
89.565
78.366
85.592
93.461
93.519
65.596
69.758
82.434
135.379
135.553
93.612
115.319
103.997
89.715
152.244
151.083
159.369
113.257
162.034
96.378
89.202
187.545
119.382
102.0
110.414
79.549
971.239
79.803
66.099
60.529
65.204
72.736
92.974
115.935
116.346
80.055
95.632
76.786
86.777
73.355
80.789
82.518
89.055
88.802
92.881
75.635
72.104
73.615
75.229
80.0
72.899
76.591
78.238
73.34
63.883
68.493
72.327
68.411
72.197
77.176
72.074
85.149
67.977
80.777
86.974
63.193
70.31
80.553
70.356
60.731
62.06
120.773
142.358
125.146
144.837
133.771
78.024
61.434
73.595
88.907
96.517
102.185
78.848
78.455
105.642
86.938
72.365
84.284
84.051
69.763
74.129
75.51
76.253
58.799
82.461
106.226
70.412
84.06
80.398
96.352
104.955
110.564
110.165
86.144
91.56
88.879
75.215
95.015
85.527
85.216
78.173
58.729
71.224
72.684
76.165
104.679
80.757
78.441
92.922
100.361
69.252
99.183
80.094
71.306
60.9
99.574
85.81
116.977
92.484
102.808
100.451
102.163
96.148
74.028
122.388
116.459
174.86
197.941
170.669
211.877
130.877
213.274
198.079
140.672
129.635
117.204
65.206
71.231
84.341
101.212
118.689
101.048
79.85
71.237
74.437
84.222
64.408
65.897
84.278
86.791
71.566
108.026
76.99
119.292
77.883
88.673
69.079
94.313
70.258
71.939
61.194
95.447
98.208
81.332
93.783
70.933
66.892
66.163
68.554
73.068
72.912
57.987
84.661
70.402
66.986
77.645
84.675
81.191
63.269
63.36
71.724
93.463
81.837
90.241
77.498
113.673
70.445
65.412
98.746
121.799
110.277
93.304
84.688
111.806
82.317
96.534
99.876
68.239
78.507
94.943
111.147
101.847
89.404
69.958
63.524
76.481
78.448
85.255
72.7
78.062
69.346
127.308
118.054
92.088
104.223
107.836
68.822
62.668
68.018
93.439
92.141
91.476
70.251
122.879
99.434
85.943
113.826
94.906
99.141
65.674
97.418
68.148
857.541
70.997
84.656
92.041
86.758
75.783
101.582
9544.292
102.453
66.884
86.219
60.357
67.106
83.432
75.076
61.46
104.043
113.414
73.227
101.812
2071.482
84.876
59.931
1113.472
61.28
69.23
173.463
67.687
58.078
71.163
82.301
72.336
94.237
81.959
104.293
103.79
82.255
115.028
79.528
82.972
74.297
88.281
96.392
105.133
86.709
62.951
66.971
100.476
95.04
114.083
70.507
83.275
78.404
105.99
81.44
115.086
83.073
142.217
141.055
129.963
80.933
63.325
67.111
71.867
77.17
62.476
58.349
71.87
78.531
66.062
83.547
93.299
95.989
97.169
83.41
75.845
73.481
94.544
114.914
94.834
95.244
63.687
75.472
101.0
64.813
58.447
56.554
82.43
67.953
101.678
9115.477
79.35
81.071
1792.775
70.53
98.273
85.333
75.284
181.579
185.35
187.428
188.366
151.84
138.624
137.235
69.823
65.087
77.269
729.246
70.114
72.058
72.417
78.61
97.636
86.037
83.923
63.69
78.823
76.254
69.91
61.962
63.115
134.257
115.532
135.961
147.644
149.042
154.175
67.062
68.075
82.809
71.925
66.281
67.836
64.04
129.049
186.871
158.032
138.137
179.913
191.072
124.298
62.972
1686.39
88.495
65.181
74.414
93.092
76.771
71.862
100.566
67.422
96.392
69.603
84.469
63.877
85.427
65.868
73.588
75.405
69.409
62.483
109.641
78.956
74.372
104.715
79.872
81.329
70.303
65.091
63.787
60.344
60.663
68.85
65.068
72.306
76.067
73.466
67.147
92.685
95.226
61.761
1769.384
65.639
85.598
74.99
74.061
96.334
86.861
88.455
113.311
77.465
83.214
82.923
75.848
74.689
94.957
90.879
94.012
116.469
104.559
126.271
1808.382
81.16
88.899
73.007
74.911
70.754
92.529
112.441
106.586
100.981
83.172
100.535
91.469
82.496
71.747
88.341
72.381
94.935
82.589
72.175
90.728
125.927
1213.139
70.527
137.149
88.654
68.967
65.799
180.296
82.438
71.138
69.633
68.898
81.806
76.732
90.566
86.201
102.556
105.117
92.369
108.245
96.956
133.17
100.005
86.443
67.747
98.682
105.708
106.652
76.678
83.644
114.653
107.084
110.966
64.969
85.194
68.842
186.064
83.084
81.495
77.25
109.391
99.107
99.342
99.381
103.71
83.222
83.732
75.364
68.963
67.31
117.075
122.038
143.549
143.507
119.273
123.658
93.267
97.511
99.421
96.933
75.158
62.296
74.333
66.215
146.984
137.776
147.634
170.755
161.224
129.261
192.898
100.036
140.223
120.392
117.455
102.75
116.608
114.566
82.06
90.248
113.587
64.662
465.214
97.979
77.253
69.582
75.264
99.062
110.335
80.429
68.352
81.539
72.575
73.231
70.48
93.544
115.455
81.176
72.268
105.267
112.135
81.65
95.302
120.658
108.032
148.682
112.221
89.89
72.158
72.917
84.483
76.554
96.091
75.289
102.886
91.218
100.605
110.756
59.883
188.604
75.107
118.4
113.818
115.574
91.353
90.22
88.104
83.437
71.514
171.113
164.779
155.474
167.932
185.107
185.324
186.925
148.464
190.044
140.946
193.101
112.955
161.487
161.682
162.814
92.691
58.276
68.067
67.135
75.92
77.868
74.801
63.638
86.404
71.239
69.589
74.615
102.019
82.593
82.18
83.181
96.564
77.383
91.294
118.088
119.936
61.913
57.496
85.891
72.796
96.331
76.25
75.916
85.686
74.775
75.108
99.436
82.929
75.742
76.517
65.84
88.861
68.781
111.577
101.698
89.178
121.534
99.766
74.847
78.326
108.341
81.242
103.014
95.672
69.146
101.539
106.072
93.614
70.611
65.927
123.613
106.446
120.029
93.546
96.769
148.209
148.269
81.658
83.884
66.23
71.662
93.503
60.398
62.959
67.577
71.089
79.409
74.262
84.075
116.18
161.883
209.126
212.894
214.592
215.571
154.954
137.799
97.08
83.647
61.593
91.439
73.425
72.811
77.315
77.773
88.402
89.758
61.569
63.773
87.283
84.674
93.086
64.313
97.421
73.367
118.781
90.782
83.948
93.707
95.23
76.373
107.078
76.983
90.938
115.939
78.676
70.832
124.462
127.05
137.449
71.68
113.929
75.267
73.723
67.401
98.365
138.56
127.245
102.276
95.406
86.697
90.761
65.949
65.206
66.086
88.562
90.687
69.689
62.148
78.019
69.946
100.084
137.72
187.986
158.594
181.684
194.556
195.883
139.947
111.894
96.107
88.078
107.788
128.54
105.64
97.443
74.315
63.218
91.745
75.996
134.726
97.667
142.308
83.142
93.986
71.837
73.174
74.142
71.513
77.909
76.282
124.945
95.334
135.169
136.132
144.131
145.491
67.84
64.472
88.34
92.991
99.319
60.945
61.906
79.463
66.3
78.187
79.036
143.166
113.114
114.124
99.978
70.774
87.057
90.343
92.083
65.89
77.103
77.248
85.031
110.003
116.334
103.419
113.781
86.549
110.279
77.034
113.61
91.761
96.654
118.211
123.434
125.993
127.89
84.057
70.737
69.069
62.739
76.154
119.166
99.802
98.831
63.223
70.425
113.579
100.825
97.149
110.672
70.205
68.415
85.434
86.008
94.592
79.795
99.737
82.59
102.597
133.446
134.375
99.822
75.353
107.558
110.276
126.4
100.677
71.047
65.562
98.356
73.278
75.063
106.791
109.547
81.586
100.938
80.698
83.112
83.248
76.763
116.92
116.036
120.736
121.889
119.71
115.774
119.527
76.089
74.806
82.015
91.901
105.708
93.737
122.736
100.91
88.628
69.707
111.539
112.977
121.313
106.655
111.697
84.485
68.208
78.145
75.898
68.754
70.024
65.821
97.329
79.455
76.209
76.232
72.217
63.294
74.059
76.401
98.296
102.802
91.5
72.301
70.679
97.252
76.906
76.78
76.566
79.065
85.687
119.927
93.265
98.001
86.232
65.08
80.513
68.882
119.816
131.746
138.354
106.595
135.152
71.722
75.873
79.416
92.622
99.901
80.913
113.68
77.431
137.223
119.476
129.471
131.068
80.417
123.444
113.424
105.192
62.12
66.107
82.831
65.423
94.455
73.226
111.626
91.244
119.625
92.787
88.202
95.189
95.614
107.855
84.304
79.834
82.016
74.903
112.122
62.667
106.47
73.613
104.644
179.372
153.077
158.605
160.126
142.753
133.813
94.676
77.709
144.073
158.715
66.421
117.099
130.719
118.827
111.477
70.405
69.429
78.222
81.119
79.552
65.572
99.702
153.461
185.233
144.599
205.335
184.613
205.916
92.867
83.533
78.851
86.504
89.852
91.424
111.362
69.678
64.445
77.351
76.376
78.925
76.336
76.47
78.033
84.637
108.237
117.251
65.645
103.093
102.712
114.624
101.884
99.143
114.113
106.333
108.273
111.067
111.632
111.884
68.369
67.78
73.048
78.667
65.795
68.553
94.494
88.417
101.739
106.747
91.636
84.832
64.516
69.278
1141.137
65.705
89.34
68.049
74.31
100.245
99.018
99.553
119.239
83.645
80.369
72.205
117.151
68.273
73.533
90.236
113.503
77.921
73.898
80.551
71.269
80.212
70.281
102.89
85.289
89.121
139.415
113.793
144.375
139.295
140.337
141.803
125.512
125.37
90.689
58.547
2264.091
68.889
60.311
69.743
70.599
70.963
63.223
73.753
80.132
73.188
77.043
109.459
82.198
82.601
74.243
75.03
100.689
100.981
89.136
86.766
70.945
81.466
57.722
75.792
74.715
71.773
93.994
87.675
69.79
80.867
87.505
67.12
74.815
71.281
71.438
71.565
109.993
84.854
98.394
99.764
79.513
105.173
121.415
168.572
170.079
163.734
182.802
184.061
193.661
220.804
200.582
125.485
163.164
169.247
64.221
95.956
113.955
95.999
122.511
91.183
76.897
66.62
99.07
85.865
95.426
68.341
73.98
71.898
80.149
99.035
70.265
67.292
103.478
72.318
95.525
98.584
98.694
103.062
79.341
99.342
75.001
84.868
88.623
75.364
85.17
71.264
71.842
78.559
66.21
70.276
93.652
97.578
74.824
95.075
80.651
103.543
77.24
77.174
99.025
89.954
90.325
148.797
180.223
150.952
181.401
82.455
163.658
165.878
68.244
57.984
84.345
80.319
87.296
78.611
67.372
76.179
98.053
92.075
67.661
64.51
114.027
84.435
77.102
106.272
136.248
129.545
113.78
123.849
93.484
103.541
105.076
72.587
63.887
66.639
104.879
66.081
84.032
86.104
71.197
91.19
116.254
98.594
107.15
97.488
82.574
97.944
93.648
85.973
86.43
79.988
69.892
88.291
69.707
85.715
132.817
133.261
112.402
165.852
138.466
151.639
90.382
67.568
70.823
73.321
73.658
89.456
77.525
81.401
89.311
68.045
71.328
74.688
105.029
77.14
91.641
84.569
104.921
107.117
85.684
98.865
93.414
78.061
89.481
79.211
76.599
96.586
59.801
77.469
77.824
99.666
95.372
60.682
67.931
737.478
78.179
65.469
67.819
100.31
79.123
63.389
68.413
65.51
71.017
77.722
143.286
153.413
117.539
144.249
116.664
195.051
211.57
216.114
197.74
197.725
137.334
103.485
66.193
84.232
102.101
89.438
74.91
62.303
60.745
63.519
72.139
86.954
100.89
129.926
142.578
144.956
150.914
153.113
155.72
159.846
131.415
163.438
164.346
89.561
78.62
115.654
83.046
66.436
79.366
92.063
80.829
422.985
75.97
70.315
83.098
72.026
88.736
82.009
72.579
101.284
66.488
73.605
75.518
83.763
84.221
94.633
67.554
71.221
86.048
71.935
104.728
83.615
68.822
72.275
81.922
101.006
74.177
71.436
80.624
88.792
79.043
109.654
119.579
105.289
129.938
162.118
123.074
181.654
181.788
182.36
183.216
129.913
93.751
88.092
108.492
65.602
111.269
62.844
91.66
73.334
70.868
73.552
75.991
74.604
71.508
67.048
76.334
86.802
86.966
76.253
74.985
80.648
78.377
89.218
91.841
104.705
76.189
86.816
60.658
91.386
84.004
74.362
67.668
63.849
85.62
102.508
87.263
109.129
95.455
74.867
93.718
123.778
91.815
82.594
72.874
70.027
76.809
73.991
70.279
58.82
68.592
102.348
76.132
92.053
106.748
88.325
79.086
108.826
79.142
94.608
99.385
99.943
87.914
78.454
75.838
95.294
75.747
122.436
114.874
115.513
119.363
77.862
83.581
68.531
69.779
74.004
98.677
73.691
100.219
78.021
105.53
119.228
96.28
87.444
87.056
88.613
122.638
105.744
95.153
62.984
72.084
74.822
76.088
73.358
65.8
91.676
71.934
99.079
110.951
94.477
70.005
112.351
85.141
74.748
72.517
75.438
113.685
74.475
76.043
80.292
73.66
102.331
103.179
74.779
82.246
109.986
79.72
119.8
78.202
101.148
74.835
99.7
91.105
80.978
95.829
100.425
89.354
74.649
96.98
91.626
141.412
141.971
105.159
106.643
70.559
71.573
70.224
100.487
102.352
219.592
255.813
251.231
232.357
251.806
252.495
259.298
253.032
155.515
85.094
108.445
93.174
74.063
67.932
68.999
60.236
169.981
66.306
99.707
81.006
78.94
68.466
73.482
78.671
94.661
70.558
65.795
94.994
72.253
66.442
89.907
80.237
78.498
73.771
750.46
78.018
103.256
146.409
146.751
137.713
105.126
108.132
57.201
65.37
89.422
103.37
79.294
108.521
65.252
95.226
73.278
138.378
141.752
112.699
119.59
123.322
136.891
107.314
76.814
66.076
64.08
98.128
115.792
63.815
92.172
63.571
90.635
85.514
111.554
90.181
62.663
89.124
61.612
159.158
162.784
133.408
168.076
170.124
167.383
135.144
168.115
98.644
99.769
103.418
71.808
88.152
82.501
69.963
110.477
81.236
94.525
67.437
69.612
72.667
74.409
73.154
79.66
93.082
85.889
57.789
98.585
73.715
83.714
68.373
99.531
95.534
103.702
89.646
70.717
73.501
95.236
83.393
113.877
77.564
80.779
109.239
73.054
89.604
76.298
80.14
87.513
764.318
72.877
68.416
100.002
70.419
99.175
108.377
88.816
64.017
70.507
71.778
75.101
96.179
106.555
107.956
112.608
104.178
89.372
70.093
92.084
77.041
81.81
59.899
69.667
85.777
72.435
77.513
77.47
69.651
89.936
74.56
71.301
82.104
123.331
100.866
98.222
103.397
75.236
83.171
101.987
85.85
124.565
157.69
146.808
155.001
181.873
156.045
176.543
123.639
66.328
62.892
78.927
67.544
63.125
107.652
67.346
97.072
71.676
76.135
72.873
71.354
102.021
110.133
103.584
101.996
112.523
89.03
67.497
64.357
76.491
87.165
90.03
71.903
72.974
100.118
72.055
91.853
104.181
118.235
80.345
121.172
229.206
233.812
202.831
231.195
267.968
268.38
194.826
149.799
202.84
166.3
166.643
73.793
68.134
58.519
92.355
73.013
74.812
73.093
103.939
95.934
79.628
76.401
75.244
73.478
129.688
131.954
71.145
71.004
71.36
71.652
99.838
72.702
68.636
79.136
73.021
65.726
67.884
79.636
87.812
73.969
65.984
96.445
78.366
79.309
73.468
73.738
74.698
92.258
85.907
150.69
70.322
62.357
123.337
69.01
66.666
64.789
96.032
74.613
67.732
70.1
67.489
66.599
68.123
73.645
83.838
86.684
64.659
70.983
81.306
77.572
121.404
141.04
103.316
61.914
70.073
89.228
91.374
91.606
85.033
82.102
68.03
64.034
60.076
66.256
73.64
113.459
75.665
94.62
96.421
73.531
73.67
75.082
125.214
137.563
114.682
96.322
72.679
65.475
96.221
97.307
71.455
75.403
70.018
73.757
125.687
129.98
99.506
108.618
104.524
94.882
66.047
88.252
110.49
104.035
95.945
77.36
86.841
88.635
109.656
114.861
90.356
68.98
93.097
68.719
96.284
72.098
106.04
69.035
72.379
85.413
79.03
72.914
90.327
92.091
118.024
95.487
91.404
89.636
62.299
69.592
86.724
87.26
96.589
62.07
83.805
1802.553
72.604
88.756
92.289
88.509
83.884
112.255
112.785
95.623
148.973
151.356
131.856
87.163
64.087
93.052
78.799
68.456
100.134
71.608
103.841
63.431
99.509
83.168
73.179
94.708
83.787
74.245
65.407
74.001
84.298
90.765
89.46
79.189
72.944
75.788
70.269
94.305
131.729
104.894
85.531
73.464
67.934
65.574
60.381
111.882
79.757
94.375
108.352
85.285
99.727
81.573
104.561
122.42
105.162
69.099
108.731
101.185
83.569
115.589
146.479
126.454
1271.106
153.48
150.076
161.702
170.871
142.15
134.453
137.555
112.59
124.044
122.386
96.743
97.589
63.107
74.113
100.495
91.064
83.038
102.841
64.18
65.893
108.385
115.534
122.85
124.189
125.325
99.917
80.55
73.51
73.336
88.136
70.481
68.092
78.455
68.652
72.084
94.825
93.194
83.889
70.488
82.285
95.536
75.377
89.152
105.624
80.308
89.907
74.084
73.243
114.895
118.414
108.696
92.741
67.294
76.444
60.92
100.718
63.117
76.583
57.719
78.297
82.648
86.069
124.344
88.337
92.142
98.243
90.04
74.428
128.162
134.323
82.398
65.687
65.929
139.529
122.107
105.251
105.861
79.79
75.77
69.763
85.166
82.714
67.908
74.275
94.396
89.713
87.002
81.917
120.93
74.02
81.578
140.611
102.046
118.897
27899.757
126.966
157.715
134.503
108.071
167.235
114.829
163.934
96.78
174.505
72.339
84.285
111.287
91.133
87.225
110.305
95.994
86.765
119.172
187.707
240.825
241.837
242.499
108.591
154.374
186.025
177.924
123.395
106.819
29627.372
30239.494
81.225
89.115
88.117
90.281
79.433
126.668
80.374
136.659
123.469
118.539
148.272
171.178
159.387
141.804
164.58
132.385
31590.367
115.035
138.679
105.215
109.097
96.808
99.604
82.76
102.328
31949.677
33473.017
125.385
112.151
98.186
72.604
33846.296
108.948
128.155
80.576
110.255
88.484
89.332
33551.458
90.086
92.135
84.292
73.376
81.218
94.64
76.922
104.363
90.363
80.444
110.365
127.978
137.471
128.506
123.761
116.009
105.367
84.353
64.109
73.478
35836.747
78.275
81.234
79.406
79.953
35902.739
71.764
112.652
76.365
74.049
71.221
118.595
113.209
81.186
114.301
104.249
137.898
117.129
118.1
74.303
104.801
152.01
153.324
145.428
148.813
130.493
147.476
127.485
98.757
114.188
91.835
91.075
155.745
157.467
116.561
143.216
87.47
38900.839
105.32
67.929
75.417
39973.744
112.171
106.998
87.154
82.193
129.875
90.013
42649.239
125.239
135.544
119.308
122.866
92.02
144.865
147.481
98.77
88.301
72.299
116.099
83.857
115.706
70.437
118.227
80.298
162.343
142.632
172.761
198.138
140.562
198.784
189.896
78.321
86.579
43769.989
164.701
175.075
175.27
157.352
177.201
154.312
79.608
44601.812
44759.734
86.243
176.532
139.86
179.576
148.026
96.315
70.279
90.434
61.541
91.506
96.874
97.183
83.061
83.983
78.239
100.906
74.361
85.932
66.882
1256.571
1600.294
1530.619
2151.293
2236.284
2384.259
65.48
2391.877
101.413
1307.078
272.588
82.497
75.978
108.701
146.759
129.24
85.73
84.414
134.58
155.874
90.826
330.001
116.536
91.512
251.017
608.961
68.711
120.95
88.702
161.962
77.971
69.652
98.273
99.755
92.469
74.666
147.558
127.052
130.525
131.725
87.719
78.267
70.765
116.783
89.667
84.482
86.139
79.669
76.931
32564.785
129.337
117.426
80.176
121.223
107.088
107.047
100.547
136.046
124.763
130.167
95.808
79.718
82.767
94.422
87.008
63.686
138.03
123.737
142.885
138.689
160.08
199.184
118.705
185.647
131.219
82.406
83.884
91.484
117.894
166.708
135.933
136.214
30853.999
108.12
112.543
126.36
140.299
138.11
127.127
112.276
76.003
79.414
102.966
173.452
149.85
157.972
158.044
82.939
80.86
87.681
470.406
67.191
87.905
130.27
130.486
106.438
138.377
139.22
100.857
78.178
25271.836
67.442
81.524
90.223
100.145
110.023
138.311
141.238
147.005
156.501
30544.551
186.669
222.078
99.338
133.485
176.02
172.698
131.011
117.983
97.7
103.984
142.807
140.45
129.103
131.915
82.863
153.501
141.762
153.2
111.076
31702.655
114.867
95.748
75.662
37945.453
131.043
85.171
77.18
28104.497
100.102
98.23
103.043
136.076
31193.488
108.673
128.58
84.715
86.635
86.348
96.559
112.595
141.015
92.083
133.025
134.128
112.116
24981.251
72.649
113.284
107.047
91.177
30323.303
174.104
132.143
132.634
132.877
130.839
131.499
138.243
82.363
141.852
107.132
110.788
103.81
72.125
25425.651
102.708
132.2
130.968
147.012
147.828
158.188
159.985
99.806
106.7
81.556
98.18
85.893
90.505
101.101
87.604
25614.762
76.423
118.967
168.441
172.891
166.276
161.972
109.591
128.752
75.956
68.907
81.196
108.844
129.821
116.421
30597.837
121.783
143.081
140.937
137.864
99.396
79.518
90.65
118.382
98.555
77.403
26602.835
111.407
125.611
125.661
108.592
77.365
93.196
66.759
73.229
67.193
182.328
183.497
140.217
152.454
183.043
206.967
190.747
112.077
73.985
89.531
135.072
29485.028
108.771
126.948
95.959
95.731
127.135
80.602
125.124
100.236
89.518
157.068
199.402
193.207
213.737
224.408
230.917
89.587
124.031
372.758
65.307
142.012
157.645
145.3
180.359
176.402
118.441
141.247
27019.875
81.67
80.052
100.917
143.07
143.283
137.313
146.779
150.405
103.773
110.341
117.243
72.226
91.722
76.223
108.845
111.025
77.877
186.918
197.225
197.718
197.986
198.138
198.25
418.608
86.17
75.39
92.898
120.459
91.321
138.69
137.724
147.595
68.046
68.404
95.843
81.799
101.617
100.553
123.282
82.578
78.35
126.022
119.357
132.436
121.861
76.997
75.358
111.177
109.302
91.47
102.472
107.838
134.764
98.833
120.152
134.16
127.267
130.228
60.734
98.944
110.971
83.817
81.998
28124.759
102.837
114.121
150.201
117.933
112.85
118.669
80.499
67.782
118.558
119.055
118.577
113.674
79.015
117.662
120.008
69.86
80.315
67.148
62.134
105.541
89.461
96.952
85.296
138.394
141.84
28342.842
189.304
169.359
276.424
329.029
329.409
329.806
172.678
161.975
146.796
84.619
132.243
92.048
99.16
125.792
100.517
81.761
121.993
94.51
90.159
88.773
126.856
91.216
92.041
130.076
93.025
124.354
118.709
119.705
112.939
83.565
80.652
76.918
82.273
108.786
99.067
103.096
94.178
84.43
77.174
78.976
140.496
126.365
155.942
157.647
158.127
107.418
107.928
87.078
125.584
88.779
87.025
82.544
68.297
166.141
166.349
143.366
124.778
143.141
80.433
111.854
103.44
103.493
29553.572
170.735
186.357
148.712
144.776
146.078
79.562
137.772
122.266
125.357
129.69
155.407
105.507
86.29
96.179
84.889
90.421
86.365
92.97
136.316
98.013
87.651
111.928
72.861
28940.855
118.027
109.258
111.598
134.712
110.158
116.377
115.418
77.723
147.455
188.447
144.948
195.39
148.955
447.717
699.268
699.353
706.101
529.216
622.075
508.208
528.688
379.248
369.736
1741.626
197.239
181.928
285.656
245.48
100.848
324.894
70.207
496.037
558.193
116.307
103.776
1422.379
110.057
86.717
883.825
118.153
164.578
89.264
107.576
84.01
70.601
67.856
90.075
90.381
169.084
145.71
146.246
128.186
139.375
201.247
206.202
189.14
31273.161
127.59
139.778
134.588
105.794
96.851
129.917
148.269
133.552
162.811
127.261
167.83
89.36
148.212
108.262
115.68
178.424
184.717
187.784
153.968
189.454
192.174
207.399
264.313
308.057
89.874
91.373
189.862
199.225
224.805
205.393
180.534
204.621
195.252
196.609
201.072
152.022
33960.857
74.74
62.116
78.662
127.453
109.112
213.24
241.122
260.15
245.66
176.105
211.067
159.924
214.19
97.582
437.565
111.702
91.17
78.047
82.448
76.472
98.693
72.487
113.458
152.287
99.658
29487.402
28121.325
142.163
143.244
291.288
101.73
106.627
69.356
121.059
101.593
118.537
92.914
123.005
81.719
219.844
108.526
80.109
91.022
64.328
80.383
93.663
80.904
146.584
148.268
99.063
137.324
125.587
121.758
81.947
78.972
82.89
83.18
76.725
110.362
98.494
79.192
109.131
88.303
138.04
91.203
133.362
118.358
107.641
185.239
192.304
137.564
88.334
106.024
149.671
122.555
125.01
134.997
132.336
142.413
143.983
133.426
118.803
92.497
58.346
99.885
110.202
76.912
95.449
95.539
76.877
103.406
132.498
133.357
109.971
131.776
119.163
127.825
110.196
79.016
79.609
91.96
143.998
157.865
196.256
226.634
226.735
227.092
923.381
853.547
149.218
151.259
181.491
199.302
123.159
134.336
4414.024
71.71
127.216
89.262
92.093
23084.404
187.346
165.745
209.53
203.762
182.622
188.863
191.704
209.765
112.98
202.451
212.693
90.521
137.974
168.009
165.543
156.426
157.062
160.492
139.753
184.062
142.768
156.331
78.887
75.582
72.25
152.89
209.895
230.971
234.552
236.996
238.887
198.061
218.116
188.283
184.744
115.679
186.033
871.356
88.808
68.144
81.064
116.389
78.82
81.957
78.131
138.998
85.463
128.191
136.403
139.047
142.965
128.335
104.858
98.083
75.024
86.919
92.949
30779.013
94.35
107.964
90.539
62.57
112.451
26942.246
142.764
157.82
168.521
170.282
30315.176
114.732
126.827
109.178
71.085
114.48
126.354
122.849
103.711
89.666
70.899
90.981
132.123
75.404
78.394
96.907
119.341
110.941
104.988
85.62
68.976
104.338
83.809
23430.144
70.594
30134.559
70.184
71.533
100.14
75.239
129.329
80.78
69.304
70.879
73.763
115.712
129.151
119.001
95.826
89.304
105.969
92.842
68.076
103.786
101.746
77.567
73.705
28666.959
77.208
127.877
132.706
124.6
125.276
109.604
115.303
85.699
152.407
172.575
177.928
153.329
180.744
184.247
188.978
191.893
190.039
181.859
160.116
186.839
130.799
175.671
131.98
82.161
112.157
108.578
110.378
121.692
126.654
84.468
71.732
115.85
118.265
81.56
102.86
79.375
76.54
67.341
79.278
82.212
84.865
99.566
127.134
131.363
107.973
115.657
77.428
63.002
67.863
105.72
76.996
79.232
75.321
90.332
71.72
113.163
78.457
76.399
120.702
112.253
158.943
161.266
166.36
126.54
116.061
76.862
103.579
135.648
117.663
158.61
160.812
143.733
29130.167
86.81
70.971
154.16
111.279
154.566
126.124
158.762
133.251
139.128
107.756
108.545
96.104
96.892
114.965
136.482
99.559
109.913
89.356
115.736
121.567
141.8
104.525
106.537
87.268
74.466
80.714
84.136
131.831
100.722
107.757
107.14
122.642
121.375
87.833
77.115
71.754
72.27
110.321
139.666
144.332
89.886
92.557
105.594
75.96
67.392
113.211
67.06
109.8
28172.655
127.68
129.102
91.605
85.279
102.923
154.879
167.626
128.884
232.272
242.684
259.409
264.427
99.959
113.642
157.662
180.883
158.679
159.302
145.589
141.563
77.311
107.906
78.366
29413.437
90.572
74.75
70.818
129.022
80.006
139.578
131.495
147.779
101.136
79.19
111.593
99.954
102.48
107.018
74.904
78.192
121.237
79.146
30161.293
78.68
1749.044
137.905
146.29
127.811
147.243
147.825
130.859
79.062
26297.739
141.459
150.871
178.868
135.181
143.797
145.094
140.407
71.088
63.544
116.084
111.162
116.017
99.077
111.279
85.581
61.25
118.113
116.795
72.027
87.763
91.354
63.877
80.839
86.783
77.319
89.154
78.64
128.052
104.019
148.662
119.51
172.178
173.326
126.942
131.962
114.981
92.461
79.284
115.396
93.195
70.893
106.632
115.624
71.844
77.128
80.943
65.111
96.04
98.709
81.442
86.043
90.632
72.691
138.023
138.381
100.969
121.857
103.532
71.396
86.718
91.33
133.082
94.763
98.333
98.269
94.809
70.611
164.935
166.377
169.435
213.358
156.359
177.329
133.004
233.002
233.163
227.262
95.731
82.2
65.744
76.668
127.986
128.333
136.522
107.536
107.466
105.626
106.064
78.452
169.968
179.627
211.834
212.166
215.636
192.252
177.714
189.222
190.687
134.184
183.1
79.318
71.943
442.149
74.25
66.297
68.287
63.752
118.821
83.333
91.615
87.944
74.337
94.831
72.397
87.728
116.423
90.951
99.447
72.253
102.296
69.521
26739.928
131.275
133.653
138.922
109.906
112.927
99.416
124.716
124.9
82.167
76.474
110.089
66.73
79.344
101.894
79.741
106.247
91.945
145.824
112.594
102.099
117.339
72.397
114.288
102.699
105.297
117.681
86.162
123.696
140.863
95.542
88.4
121.399
99.103
91.557
99.301
96.105
75.611
61.736
134.924
125.248
189.554
156.899
147.302
147.591
158.847
107.073
74.971
96.587
100.642
102.231
106.162
125.355
66.06
112.585
97.901
93.973
98.661
72.94
96.52
58.276
68.582
104.038
82.497
115.686
116.238
89.957
77.2
114.828
115.575
125.98
97.844
123.154
83.919
119.996
95.425
101.075
114.92
158.706
177.109
135.29
75.544
119.727
90.232
91.397
87.365
74.71
81.945
144.453
112.381
153.33
166.224
130.114
91.122
135.748
97.028
80.927
76.598
2753.063
75.0
79.541
65.911
89.265
79.347
71.074
121.859
127.509
126.101
120.992
104.389
105.066
81.96
113.792
73.956
61.638
92.539
108.776
111.427
98.599
115.611
125.263
85.48
77.459
63.195
101.365
79.816
65.158
75.615
65.254
110.198
98.069
104.086
86.167
118.713
84.607
57.9
111.752
111.468
103.766
78.852
79.996
96.353
103.41
112.99
66.486
74.025
88.877
79.814
74.415
61.744
99.546
89.917
77.859
77.591
72.671
90.006
103.164
61.358
125.158
104.287
78.914
140.775
2330.704
96.796
74.066
115.982
137.789
138.084
115.759
135.342
102.011
93.869
101.588
101.581
72.063
113.141
75.295
98.837
112.009
112.791
113.938
84.9
107.501
137.78
138.028
97.299
116.793
110.567
111.837
133.381
133.949
154.778
127.357
77.97
89.409
1053.805
97.545
68.988
84.801
77.99
76.091
91.388
83.913
67.398
82.187
82.161
88.904
64.786
108.97
80.667
32248.734
100.438
72.434
93.695
88.632
111.297
112.037
84.707
74.365
75.145
81.35
87.134
127.248
134.512
162.604
191.906
145.983
150.04
168.686
148.589
109.626
111.814
81.013
31754.103
114.238
91.794
138.254
139.026
141.235
136.029
120.98
89.837
91.512
91.633
68.826
1377.881
831.158
89.182
74.399
119.317
97.624
103.138
70.604
97.197
73.556
107.997
123.066
76.179
129.685
125.597
92.896
114.727
138.9
82.516
99.264
71.729
79.85
133.395
137.762
138.259
133.619
122.968
110.452
73.09
145.882
97.688
156.932
157.126
104.588
74.242
76.807
92.474
101.181
114.282
115.476
160.165
137.051
77.42
80.352
139.091
96.672
130.088
130.362
100.269
80.352
109.26
80.066
83.782
63.899
75.766
84.933
103.034
89.754
107.635
126.561
90.486
75.489
72.244
98.392
94.55
110.78
102.789
106.379
108.647
117.335
77.039
73.404
98.488
79.648
97.688
89.281
72.431
79.486
136.588
78.914
80.919
86.822
72.758
33566.747
24946.318
79.538
68.021
75.483
105.183
77.842
78.042
146.211
147.164
130.354
152.724
107.81
126.075
75.324
74.136
90.616
79.439
168.942
91.374
81.323
97.898
112.816
101.326
69.345
82.007
83.309
74.237
58.1
116.87
109.581
82.653
157.564
115.416
114.408
114.784
80.879
130.034
116.958
63.443
79.828
65.052
111.46
79.358
86.135
103.197
98.563
99.271
120.787
121.22
80.616
107.911
103.278
74.626
99.237
79.577
67.629
64.836
74.441
95.563
137.866
98.719
89.02
101.464
81.476
72.102
111.844
77.074
82.363
70.791
98.552
80.697
73.504
33008.873
33025.184
95.757
78.396
78.58
73.132
33358.286
98.406
118.897
118.074
87.46
91.127
70.957
73.027
66.105
115.096
115.182
85.289
135.613
142.124
79.005
84.012
96.32
64.986
115.322
79.683
90.686
130.916
85.447
173.206
187.46
140.588
167.266
133.534
165.083
155.628
94.215
78.564
149.613
34540.32
113.153
101.723
102.972
127.695
125.986
126.155
143.709
118.261
124.043
122.72
128.614
116.276
121.318
104.988
78.366
127.399
133.91
122.725
96.285
87.582
106.635
65.561
73.72
33003.298
100.223
113.452
96.562
107.896
125.13
92.772
161.786
162.514
128.104
135.407
110.246
168.493
196.36
190.103
211.101
207.342
157.256
157.986
123.026
204.399
123.419
151.377
106.037
106.472
98.0
60.245
103.374
88.136
88.834
89.658
73.607
79.657
87.02
128.935
182.621
166.114
184.293
168.835
162.121
171.321
132.316
182.185
202.201
205.448
92.523
88.269
75.578
1968.357
163.935
156.437
128.99
157.432
170.192
76.219
114.187
116.161
116.432
89.137
83.28
118.341
106.53
149.948
126.385
108.514
119.599
152.172
136.748
136.284
142.986
139.504
118.776
120.154
76.928
77.824
85.637
116.448
123.036
91.369
75.225
82.17
80.513
176.558
162.382
180.608
213.265
156.948
207.778
186.894
227.171
228.261
134.654
161.922
134.678
98.457
129.034
129.701
112.888
90.999
157.377
140.973
165.599
173.523
175.937
134.613
135.272
83.585
77.152
147.05
130.01
133.642
142.877
89.067
119.562
138.598
144.872
83.724
113.822
104.081
93.799
116.169
32148.613
115.156
82.047
104.036
132.351
136.595
138.097
134.51
136.137
101.15
32054.478
95.949
110.227
165.435
185.647
187.178
189.516
190.611
135.238
122.298
71.898
118.888
110.556
153.63
123.202
156.851
146.784
87.316
112.719
93.168
172.982
197.608
169.92
154.432
118.162
156.683
79.05
113.548
151.444
174.945
157.592
136.566
101.575
32035.934
129.713
86.428
83.275
93.537
122.442
110.685
140.96
94.819
91.548
66.544
162.615
232.019
235.916
236.982
201.346
174.294
237.116
218.032
138.997
192.061
119.994
120.407
65.76
92.483
102.454
120.948
113.38
113.836
92.22
84.845
77.251
67.942
72.422
92.671
108.585
62.04
112.191
92.206
139.683
127.941
110.469
126.933
96.676
82.626
70.967
79.358
108.974
110.774
88.765
85.241
119.905
130.129
137.491
126.997
138.482
110.167
131.083
123.982
90.773
73.452
116.843
124.695
94.053
93.75
78.157
79.149
33134.648
141.435
146.514
115.337
115.459
120.888
84.791
73.462
67.274
130.944
149.929
152.907
153.251
160.541
133.756
124.464
152.925
110.646
234.392
141.508
161.356
76.103
64.022
74.495
143.512
145.434
181.672
185.426
187.239
158.7
167.639
147.459
159.806
113.643
142.085
130.822
130.883
111.787
107.64
70.062
65.808
99.737
122.148
111.362
112.962
129.878
143.334
91.346
149.489
150.354
31972.321
126.048
110.181
83.581
84.257
89.762
84.267
96.657
110.572
121.127
104.822
103.796
102.834
80.989
78.873
67.111
119.271
123.793
123.33
134.435
122.725
74.744
80.956
80.848
87.617
108.09
108.553
97.568
112.985
90.82
71.411
26022.742
121.663
106.606
107.209
113.059
112.093
112.418
103.351
110.197
75.989
76.495
83.353
70.716
143.78
118.684
119.079
107.77
141.699
143.822
110.293
89.813
95.418
103.807
83.491
108.244
25589.285
115.781
109.413
89.56
90.304
27444.636
94.835
3572.315
150.39
185.495
185.816
291.74
295.932
300.826
184.909
244.718
192.936
161.87
212.742
199.084
108.338
97.763
137.011
88.23
109.393
184.836
173.824
196.864
146.895
210.903
194.53
165.889
213.688
76.45
122.937
95.355
95.535
106.478
134.506
112.443
78.687
28966.043
101.157
157.982
152.566
153.103
136.728
89.823
77.731
28958.416
73.435
80.32
78.144
113.496
79.156
79.988
105.219
108.734
109.19
161.744
161.831
104.938
134.927
124.844
133.661
139.082
83.873
97.979
107.298
69.711
118.818
91.271
103.581
98.174
134.917
86.594
92.083
103.399
110.584
145.546
135.753
159.123
167.989
170.283
181.445
72.964
822.037
84.253
101.334
89.032
180.112
195.42
148.526
188.02
200.937
201.071
211.655
214.072
108.672
171.511
62.85
66.172
66.259
60.693
71.185
80.947
62.26
73.433
94.135
114.556
102.585
73.451
96.763
98.553
109.527
118.292
75.904
78.361
72.121
101.261
110.549
132.45
106.324
73.175
115.949
73.902
59.091
71.268
58.983
27224.291
106.236
61.653
77.975
95.322
85.565
106.408
64.726
94.763
74.175
74.331
90.589
64.455
70.763
90.962
127.535
1304.974
165.954
158.297
146.321
130.791
181.525
130.971
85.273
91.932
58.759
82.653
82.918
68.531
85.672
87.649
70.367
83.731
28755.588
59.893
103.625
75.339
92.169
94.036
102.302
97.373
68.677
80.543
79.406
106.213
126.25
190.066
197.303
198.634
199.383
161.252
199.987
170.057
143.588
131.828
133.948
135.567
94.395
81.231
99.799
105.055
81.178
102.403
121.792
86.549
112.644
121.566
119.775
127.289
90.681
102.274
87.331
3625.327
81.965
79.701
85.119
85.36
83.012
70.423
111.672
119.203
131.358
132.532
114.242
81.773
110.87
77.571
83.743
88.884
132.863
139.932
124.443
107.631
103.919
88.652
100.575
119.591
112.278
88.061
103.268
141.258
110.554
114.343
124.547
130.262
79.28
171.211
166.786
172.198
185.514
185.493
189.522
203.12
157.004
87.994
112.066
81.119
84.131
121.226
122.091
71.371
69.658
119.481
91.616
137.069
148.949
198.337
160.705
184.528
126.023
178.813
124.542
68.492
82.344
115.79
107.179
105.116
104.04
123.52
84.364
101.695
121.672
118.938
126.339
100.355
79.92
74.63
120.844
123.009
129.191
171.113
82.789
99.372
79.773
105.712
107.261
87.014
117.963
79.77
95.54
98.868
110.338
193.621
199.186
232.541
182.442
240.596
245.558
233.102
232.552
253.792
148.106
255.123
115.667
111.226
86.726
93.378
106.508
117.733
127.792
106.629
81.701
119.564
123.319
129.947
97.688
106.061
71.442
99.788
132.184
91.498
135.781
122.238
85.593
110.777
82.531
84.869
93.058
72.688
82.556
28986.936
103.88
103.902
112.799
28296.597
142.963
153.094
155.823
142.452
147.185
152.213
80.679
80.251
29347.156
81.512
124.831
103.013
122.439
125.33
132.755
127.861
130.516
132.965
143.978
81.787
26214.486
103.094
92.052
103.37
104.454
65.936
122.761
110.525
126.648
130.755
89.326
70.947
93.325
115.973
87.445
94.608
27186.61
124.709
135.293
114.993
77.189
113.887
77.641
101.406
67.405
111.15
86.922
110.28
120.884
70.225
27013.368
95.771
79.985
71.335
69.042
114.527
104.397
77.193
96.291
126.84
129.917
97.546
95.796
107.076
88.266
80.33
60.16
77.678
121.933
128.071
126.962
835.744
137.308
174.813
108.899
80.542
124.35
101.516
67.787
64.851
29693.111
144.043
145.125
105.427
123.178
3655.805
156.648
182.973
183.201
103.875
129.38
118.927
70.778
70.859
72.807
65.129
89.552
66.572
60.149
27695.854
127.75
103.089
115.77
122.341
68.466
103.779
66.302
68.272
95.591
81.288
62.523
97.263
70.929
81.098
81.951
84.376
83.285
70.062
127.684
109.797
108.007
118.049
137.116
137.282
65.133
66.118
124.795
102.563
88.721
120.735
135.068
96.691
867.939
28890.159
64.314
86.779
80.76
67.456
67.559
72.06
27243.012
88.642
116.375
141.226
133.11
106.598
107.577
106.42
66.837
1887.775
90.922
91.29
28168.391
99.109
59.794
69.233
102.849
95.403
94.202
83.597
73.506
71.132
74.541
98.941
57.447
108.882
84.913
119.26
97.67
28748.294
130.864
73.813
77.937
82.579
88.322
68.855
120.335
85.579
141.353
148.674
116.023
127.457
102.631
73.484
77.43
86.059
86.1
98.725
72.094
88.212
87.955
71.332
78.184
74.075
67.654
70.5
100.954
102.184
111.327
116.563
80.501
108.918
72.696
95.936
106.161
75.503
11002.67
81.188
155.997
148.937
158.279
183.086
162.344
108.363
140.358
77.801
108.871
108.818
142.711
121.685
120.345
99.503
122.799
86.771
65.203
85.565
72.124
129.677
1334.674
128.057
125.401
132.8
134.43
158.225
142.397
173.043
175.12
79.008
115.143
112.917
153.221
126.7
108.501
112.572
87.921
71.309
75.202
86.707
73.362
74.21
107.41
138.611
141.896
144.041
144.164
85.646
79.129
106.724
108.228
81.732
85.521
101.155
74.818
107.133
67.669
87.296
114.475
77.459
69.083
98.406
74.742
93.901
89.652
96.644
106.548
109.431
98.049
137.522
105.281
131.17
99.949
88.085
73.807
65.352
89.722
2187.663
92.594
2453.255
94.2
137.894
145.928
151.907
188.907
189.48
199.999
144.498
115.157
81.784
80.728
66.71
77.276
80.141
113.796
121.714
121.399
68.216
112.578
146.08
90.868
141.399
141.716
139.002
142.498
87.485
110.535
77.926
83.485
110.974
66.121
127.095
137.071
120.178
87.385
104.603
71.029
158.196
169.888
1897.352
185.305
175.486
177.407
181.944
176.193
91.578
105.477
66.488
82.392
125.27
82.081
81.068
129.711
120.222
88.432
112.099
118.99
117.261
82.507
117.371
103.523
91.393
81.64
142.877
133.736
160.267
160.366
105.774
165.576
125.111
102.041
99.488
106.972
140.346
118.959
97.957
1033.792
93.28
116.728
84.351
89.226
79.291
156.147
188.866
195.244
211.862
177.063
129.103
215.117
198.001
161.586
157.352
117.384
132.218
113.471
93.468
79.595
102.739
67.283
144.49
185.696
186.893
170.55
235.254
235.523
228.22
195.747
197.414
161.975
104.449
70.14
79.889
128.569
184.126
205.414
204.516
192.166
179.525
151.139
129.891
203.778
187.813
144.283
145.857
62.364
81.67
90.625
109.086
100.615
68.206
105.66
76.431
128.525
113.065
82.873
104.998
68.857
95.158
94.992
93.294
146.499
95.888
85.205
71.029
138.396
146.184
149.958
1948.648
173.144
112.63
94.576
113.296
124.93
115.137
84.548
84.958
89.168
78.837
140.635
161.283
164.47
146.56
137.23
98.686
151.417
119.513
142.33
123.627
134.845
146.827
77.784
254.822
262.382
253.448
262.72
263.403
218.881
171.091
224.767
176.98
82.642
128.88
121.46
130.688
101.203
122.445
119.444
124.402
87.149
87.607
68.158
87.134
91.184
142.219
134.923
162.65
161.15
162.434
163.816
150.707
120.856
87.313
110.634
80.648
81.634
68.899
80.583
65.503
128.334
91.345
75.718
91.588
83.363
116.215
108.633
111.828
103.12
77.35
97.919
25443.631
23288.839
29432.97
28845.775
24418.308
26965.467
29603.988
81.323
30412.398
155.957
158.017
159.372
161.702
100.234
107.052
148.213
116.541
95.027
81.246
107.886
104.02
147.706
118.7
150.139
110.214
106.67
87.647
106.863
69.936
74.319
96.924
82.663
73.497
75.453
77.626
118.71
92.268
112.854
114.51
109.807
88.085
91.485
104.78
107.268
118.528
65.222
81.368
91.931
87.216
93.656
75.358
80.73
82.949
69.238
85.33
30965.018
83.754
95.872
95.157
101.944
30498.633
30401.712
99.781
149.308
150.157
107.508
92.755
63.362
77.809
82.697
74.69
105.472
110.127
105.186
69.849
82.097
84.079
101.502
115.123
88.882
127.681
129.708
81.151
71.033
26975.621
89.397
91.538
75.972
65.729
63.446
69.674
76.766
72.577
79.94
110.0
100.704
103.458
101.529
92.185
126.751
84.814
68.659
126.838
128.303
142.84
133.993
86.018
89.684
94.188
100.745
85.795
98.809
73.338
104.775
108.612
70.215
85.122
70.9
82.507
100.421
90.387
171.573
199.786
185.011
197.167
201.846
207.809
216.057
199.99
185.302
227.368
243.498
246.865
210.089
149.663
129.443
144.511
109.034
121.931
125.821
153.075
182.653
103.849
150.365
89.003
74.389
31218.029
89.961
101.807
91.814
81.992
110.921
111.374
116.441
86.655
77.667
74.399
84.522
95.375
93.672
78.589
81.597
86.333
104.324
104.161
69.89
30972.527
78.2
70.083
112.561
102.062
75.286
95.292
103.864
70.389
121.317
121.827
133.247
125.871
135.259
116.545
127.975
128.884
93.002
108.373
73.875
93.888
95.13
81.059
129.706
117.674
115.652
119.82
151.623
128.753
129.213
120.69
65.683
76.674
63.254
128.17
129.232
110.294
96.429
75.954
71.536
84.144
143.508
143.468
164.882
176.728
180.401
100.121
249.387
200.946
234.478
234.858
235.039
205.629
147.825
97.837
70.152
97.229
68.192
112.792
103.855
122.07
117.306
99.619
130.827
102.505
77.109
79.714
82.015
101.768
108.933
102.535
121.884
101.288
68.408
113.859
93.823
89.781
99.641
107.878
113.169
79.453
66.257
165.369
149.529
153.52
119.143
135.357
205.431
167.414
181.652
127.998
98.26
116.913
220.36
232.043
233.118
233.889
193.52
185.97
186.717
183.651
147.318
151.206
70.723
77.967
113.303
108.782
98.623
74.252
72.486
100.231
68.417
99.066
129.597
72.45
102.519
78.482
73.278
85.758
90.584
111.467
109.909
90.957
78.309
101.891
77.593
83.391
74.572
89.925
76.784
79.343
140.582
107.653
86.062
60.507
85.059
100.033
61.116
76.624
79.617
93.672
113.393
80.219
80.763
119.081
97.535
106.79
81.588
119.267
77.988
95.743
76.072
74.174
77.514
79.217
112.913
150.58
160.263
198.1
151.935
160.712
163.599
193.54
195.886
109.594
124.622
77.537
116.35
71.374
72.454
78.322
89.291
83.908
79.689
78.937
73.246
74.893
103.437
90.087
81.566
74.467
73.678
88.659
73.379
122.065
165.966
174.302
177.637
175.648
166.356
60.354
68.198
103.189
113.127
104.712
96.418
106.115
61.135
113.19
124.788
103.29
79.337
86.528
112.727
94.935
90.484
75.427
80.883
76.252
73.223
91.3
117.088
86.949
116.38
100.889
75.861
102.289
113.279
105.737
97.751
113.065
76.192
70.042
150.684
140.765
122.204
141.46
109.903
63.48
99.972
72.821
77.43
77.281
78.04
76.477
72.755
102.056
116.202
110.287
129.715
116.854
114.451
73.288
90.781
61.052
104.449
129.099
89.185
89.451
94.749
28726.71
59.093
1785.965
107.992
109.702
70.759
67.474
61.512
28260.192
82.678
65.155
68.143
126.093
91.013
73.123
73.137
114.353
104.187
108.898
60.416
68.499
67.097
88.844
107.978
70.288
87.833
70.643
99.534
101.52
115.91
88.389
135.481
117.34
136.52
85.031
99.601
62.164
95.564
96.529
113.361
93.983
98.305
102.215
109.691
127.044
116.496
80.137
80.333
77.197
88.062
90.706
91.972
92.172
135.743
100.652
103.133
59.252
101.255
72.341
100.523
93.28
62.69
110.385
60.578
61.108
109.63
119.318
102.722
120.02
79.862
80.029
110.829
76.345
125.039
78.503
3552.108
103.775
109.219
82.041
124.961
125.377
89.45
90.059
144.207
154.226
176.056
201.72
202.307
202.411
102.925
171.964
173.034
166.464
154.167
141.719
129.317
160.124
109.914
82.609
91.087
68.953
106.081
120.702
131.346
77.636
77.118
79.394
62.575
76.358
113.299
140.508
95.559
27801.078
110.52
92.735
131.387
119.346
129.585
122.145
91.734
106.994
74.554
113.932
102.606
97.738
82.594
91.902
28218.847
117.808
149.15
126.824
125.783
114.831
102.918
99.122
66.855
76.591
119.145
124.367
95.136
135.302
153.092
114.984
118.802
126.203
137.127
86.307
131.42
118.617
89.218
101.122
102.546
115.139
88.096
96.126
75.661
118.698
140.433
151.85
106.317
137.403
144.706
136.013
147.757
89.646
67.869
129.915
156.381
156.828
180.693
140.365
134.218
125.283
82.254
116.771
125.904
147.617
149.118
127.563
146.786
131.659
130.479
115.233
78.246
114.94
106.813
27243.171
105.8
80.769
108.055
64.408
74.427
103.853
89.807
92.605
69.112
77.251
109.125
79.684
75.26
99.896
69.217
86.888
27666.485
140.154
140.857
141.28
135.485
130.336
115.405
27327.54
79.792
85.698
125.957
85.0
96.345
121.521
141.275
102.631
125.061
103.811
122.644
122.797
134.398
102.588
117.865
64.457
28309.288
75.988
104.682
116.76
104.258
82.968
86.263
88.41
108.769
82.874
25906.449
128.568
86.237
76.095
136.195
98.227
141.0
92.61
82.855
130.329
151.016
194.475
26715.664
166.976
218.772
215.066
215.916
260.802
161.334
28515.983
140.415
191.765
237.334
198.816
258.843
243.803
203.0
143.758
79.788
129.29
115.049
115.126
78.076
108.358
88.252
97.106
115.803
80.132
66.962
112.881
82.872
145.033
148.012
123.985
102.8
136.505
108.75
167.312
177.441
142.253
109.862
99.314
87.593
139.893
172.217
146.873
152.227
165.33
142.766
106.305
138.03
68.051
63.328
107.657
70.956
85.09
73.612
109.605
78.35
81.341
103.574
134.295
165.88
176.767
218.391
199.348
219.033
219.56
157.936
160.24
145.759
87.24
74.541
88.251
70.415
108.302
100.644
113.659
100.628
79.502
75.072
73.174
73.925
76.581
75.857
71.725
26689.077
76.001
100.895
72.017
84.964
132.806
137.562
142.234
102.201
133.064
135.702
121.322
115.572
100.242
76.795
73.033
74.871
73.919
96.526
96.606
78.501
83.576
78.996
126.077
69.755
77.654
78.849
79.296
99.085
67.785
109.011
97.161
120.277
118.625
128.909
102.623
114.112
155.272
129.101
129.584
103.292
66.157
80.068
98.713
116.871
110.504
106.266
76.316
114.389
79.938
110.101
129.369
90.622
98.456
98.693
83.919
86.659
99.23
114.206
162.344
99.081
166.629
129.656
158.522
63.387
68.334
91.506
87.298
89.75
93.159
85.272
83.165
127.999
122.723
138.86
155.706
163.576
104.02
163.065
149.257
28694.202
95.287
90.738
86.81
73.809
71.529
60.482
62.74
103.808
80.24
94.807
78.684
98.369
107.419
82.506
139.528
114.678
142.456
143.454
131.211
131.332
113.996
85.495
66.051
70.308
88.59
73.974
119.165
72.814
100.624
114.104
75.676
128.117
95.344
72.546
64.628
88.468
66.549
160.166
154.719
157.162
131.367
136.957
156.541
159.62
136.81
137.069
137.382
71.811
29099.48
91.112
69.666
72.316
86.51
95.564
76.173
69.542
72.167
75.128
71.217
101.79
92.518
128.483
122.461
124.841
128.528
105.109
80.392
66.176
58.913
69.283
71.27
83.651
97.333
61.148
100.055
109.41
91.928
119.12
143.585
100.923
132.755
96.326
101.557
71.397
95.707
114.857
130.802
86.996
104.318
109.844
118.349
65.986
100.963
65.064
72.162
106.53
72.189
87.503
86.674
107.972
71.422
169.414
169.587
130.559
28018.542
152.735
140.902
134.783
97.048
135.953
135.624
129.123
129.665
134.728
138.591
132.226
118.832
119.057
152.171
105.259
150.095
108.594
86.695
80.789
77.904
76.369
72.66
87.507
89.327
121.699
104.482
117.443
104.262
88.82
94.847
163.289
28762.258
173.248
204.872
171.65
153.837
163.039
194.108
183.485
118.122
128.851
129.022
90.023
89.263
123.934
83.815
92.242
106.502
98.199
77.066
63.523
119.23
96.407
79.652
84.811
127.062
152.305
154.733
193.338
166.612
146.845
98.673
144.7
83.922
113.47
88.491
94.906
27329.723
117.369
116.854
134.622
91.389
71.294
102.324
114.823
106.355
118.138
140.198
141.662
144.162
101.896
61.427
26905.427
161.302
166.318
166.876
145.23
126.184
130.781
140.939
132.282
132.22
142.532
142.624
117.448
95.198
79.461
151.262
99.968
160.51
148.27
108.789
116.457
123.462
89.687
89.3
82.691
98.398
113.011
135.588
136.301
106.174
112.568
113.931
132.87
99.137
99.259
110.226
93.638
94.75
99.605
138.63
136.983
173.477
173.258
182.64
208.384
226.894
227.581
227.508
129.934
101.67
104.343
106.56
108.766
110.437
75.348
77.06
411.77
83.295
83.553
139.566
115.971
81.54
119.701
107.884
100.523
121.882
177.51
167.094
149.397
153.053
157.52
138.866
159.497
203.434
163.637
77.881
117.028
117.176
114.451
57.34
66.415
75.685
75.187
93.373
94.017
97.874
72.566
104.533
88.159
87.304
92.654
104.826
76.56
99.589
70.094
91.769
123.263
140.764
151.134
123.697
88.537
111.247
137.307
94.926
113.181
76.182
28200.743
128.914
111.552
112.723
92.489
105.802
87.013
87.942
83.702
137.475
130.742
90.062
114.823
105.254
105.394
73.541
97.922
118.386
77.522
71.687
59.041
96.845
146.059
143.66
110.797
151.419
118.716
82.689
127.466
86.743
94.417
112.569
125.779
183.073
196.48
211.672
211.726
210.934
200.461
194.902
167.039
100.793
144.189
196.453
102.82
75.693
75.333
68.069
108.581
92.863
77.11
123.132
106.704
104.809
102.834
104.184
106.907
85.526
111.944
101.82
122.248
112.735
89.834
92.577
73.594
111.003
118.188
112.135
64.61
126.26
113.381
95.169
95.042
71.174
74.506
108.851
100.529
88.879
89.02
84.668
98.14
67.306
86.693
71.442
123.449
127.714
129.768
89.469
105.876
105.943
70.755
89.5
69.784
107.104
106.272
163.425
121.016
125.391
125.597
90.789
102.989
58.905
85.5
104.174
63.07
78.227
68.881
64.863
75.747
93.897
85.592
94.307
75.719
61.426
26015.873
131.393
115.99
128.827
129.249
130.51
61.643
91.607
99.263
81.169
66.675
99.553
103.127
108.23
111.406
78.508
97.58
67.165
73.635
110.472
94.641
122.959
103.72
112.024
98.827
86.128
17636.722
102.675
64.623
94.197
104.733
119.148
80.54
126.72
74.442
73.789
82.337
114.69
97.117
103.831
98.806
114.87
121.352
28426.128
95.357
113.306
77.576
146.123
104.166
94.567
125.863
90.025
76.088
93.028
113.014
85.884
157.903
159.052
169.289
173.042
172.684
198.873
174.855
196.576
190.287
175.59
118.248
128.03
147.889
204.686
96.836
84.053
77.519
400.168
114.069
100.194
100.412
129.198
85.767
82.422
79.525
128.776
151.598
154.058
112.612
98.715
72.69
75.776
103.781
108.196
84.781
75.979
27338.065
134.451
136.152
110.492
110.939
95.359
27046.232
91.69
102.948
84.157
122.424
120.065
79.192
143.819
187.42
150.921
200.719
201.187
203.389
134.877
95.549
93.38
121.804
113.999
114.965
85.015
81.601
136.955
95.217
149.344
126.864
126.347
102.767
79.16
88.663
93.948
133.614
143.958
155.188
161.869
161.762
117.03
100.216
93.898
86.196
139.267
28324.878
136.343
136.765
136.927
101.023
112.767
97.252
73.532
133.21
99.923
109.2
110.108
84.985
84.889
130.445
144.499
112.168
152.58
152.999
124.561
84.576
134.868
101.112
126.28
118.939
123.338
97.653
85.274
66.377
28770.413
86.322
106.69
117.552
28383.192
130.089
84.97
111.475
87.282
71.11
79.106
98.747
77.267
89.52
64.285
125.343
94.187
93.078
76.647
79.412
85.537
123.1
104.403
129.103
20220.372
142.264
109.203
149.626
74.257
133.823
131.155
97.83
104.05
74.836
75.897
72.864
87.703
113.513
265.996
267.096
245.365
260.92
271.091
262.069
161.199
171.072
220.518
105.62
88.055
122.961
84.921
74.979
74.023
91.144
129.87
127.89
141.822
119.437
152.153
93.05
106.035
78.006
123.718
85.487
84.335
93.767
137.992
144.639
103.674
75.351
125.37
92.996
85.409
87.526
100.689
86.269
119.391
116.93
122.872
85.398
85.863
76.913
104.756
102.304
102.873
111.033
137.45
89.434
155.058
118.082
27323.231
171.553
187.307
187.497
202.303
207.031
207.439
210.941
150.36
150.621
106.027
125.941
142.443
127.801
169.628
118.184
118.418
101.213
101.629
72.881
122.206
125.892
121.376
97.091
122.456
80.443
95.605
114.775
94.717
95.253
102.306
69.33
78.819
103.765
127.126
1887.208
114.495
131.506
191.92
183.554
184.235
204.988
199.674
147.564
198.653
249.394
205.485
186.3
250.521
80.503
113.563
141.974
127.437
130.886
132.745
150.857
128.353
113.612
123.707
129.094
90.766
114.691
99.658
77.387
113.45
27337.181
125.889
108.386
111.582
147.871
169.085
194.737
220.406
195.27
214.063
233.598
198.422
221.898
123.817
28160.688
89.43
93.314
79.463
80.777
139.652
141.559
89.589
95.086
122.371
75.573
128.51
83.102
92.375
28068.025
127.405
87.652
99.32
63.514
107.49
167.124
167.701
218.21
179.94
186.157
229.766
190.997
187.187
193.162
174.094
110.384
117.583
88.891
81.738
126.858
93.13
152.966
146.812
2033.216
141.412
173.472
157.226
115.492
74.484
72.742
66.387
73.33
115.331
102.942
132.342
115.611
118.443
106.382
88.435
28579.52
114.513
120.538
130.456
89.342
155.642
119.961
136.94
137.46
141.817
135.642
126.518
102.644
83.211
89.725
117.793
96.943
121.611
91.55
97.727
59.668
116.216
130.214
90.56
116.024
79.642
136.792
140.937
150.864
164.952
194.774
195.052
183.912
135.376
90.558
85.782
91.302
84.609
126.893
86.619
90.31
94.199
158.309
189.285
190.236
179.378
188.016
221.936
222.178
223.247
164.726
156.472
164.056
120.092
168.18
126.542
97.973
78.338
81.133
133.506
123.77
78.943
90.298
110.813
121.646
78.695
125.362
124.62
139.025
126.765
80.176
91.629
131.985
178.66
178.816
225.066
221.144
203.026
203.024
188.187
192.082
205.607
226.707
198.956
179.222
194.824
196.487
162.359
242.426
153.587
161.146
181.749
243.235
203.346
157.094
160.735
147.707
87.247
107.357
95.203
28871.562
84.646
194.978
196.267
187.808
193.558
193.968
199.422
210.01
173.118
153.587
137.307
169.628
149.0
154.802
166.726
174.149
174.103
220.7
195.753
172.661
173.044
187.47
198.879
238.342
240.915
241.428
177.487
177.468
183.881
196.515
95.823
123.443
183.242
82.216
104.384
63.342
75.276
104.503
92.972
88.829
101.605
139.023
140.299
142.012
142.34
110.202
82.765
95.937
125.346
126.127
167.367
197.185
173.916
180.461
161.9
197.939
140.777
108.433
120.708
84.483
102.415
30104.126
102.264
106.473
86.506
130.515
116.467
88.542
108.173
109.748
105.612
123.238
93.622
127.666
87.908
139.752
146.657
113.719
120.21
114.856
114.768
94.734
81.154
92.889
115.551
96.357
128.011
88.678
97.595
101.482
103.128
90.229
76.059
96.769
97.696
109.677
162.146
168.12
141.76
182.957
153.632
157.808
181.139
159.976
192.247
170.109
104.288
96.722
83.506
100.904
67.046
71.275
67.628
75.468
83.189
80.667
105.368
78.731
79.616
68.616
102.57
103.086
80.562
102.383
115.976
80.544
93.801
79.4
165.295
143.157
141.951
157.707
127.706
107.813
135.445
128.12
73.731
128.773
138.857
139.605
106.991
155.67
139.12
31147.416
138.251
97.996
145.557
100.149
81.724
96.166
119.002
134.805
137.765
149.662
129.359
113.936
82.057
120.325
149.123
150.231
112.82
93.382
69.97
86.703
98.254
116.525
89.323
79.531
77.096
129.086
115.038
114.107
81.287
121.117
128.631
122.517
79.174
128.58
82.592
76.035
97.431
119.513
149.341
153.127
105.221
74.132
97.372
117.901
136.761
150.844
142.933
140.017
94.67
147.162
150.404
103.716
74.751
76.279
123.62
126.343
137.394
102.731
85.659
59.989
102.621
122.159
99.105
112.672
180.024
105.539
108.71
109.731
71.272
69.791
82.826
95.6
67.489
72.387
114.364
129.968
116.113
78.413
96.553
102.229
75.579
108.293
95.315
113.229
90.072
75.65
69.619
113.708
94.526
106.426
88.263
70.604
70.555
75.635
78.939
79.03
83.163
73.91
67.051
87.412
97.131
83.954
76.126
73.152
98.157
111.816
111.722
112.519
125.039
126.962
104.604
107.636
108.558
82.817
78.196
78.291
77.91
92.824
115.284
127.647
106.913
85.887
166.391
173.184
176.645
210.856
193.602
195.249
198.697
192.509
197.48
221.94
158.785
83.834
109.909
95.819
102.472
108.109
107.918
160.266
161.108
119.383
103.076
76.516
86.029
100.49
63.912
130.608
159.14
119.609
95.353
125.137
126.611
148.96
155.342
107.924
105.629
117.683
154.649
146.383
166.083
168.91
243.044
243.128
234.211
244.544
209.059
170.529
138.647
103.909
75.242
105.095
87.416
119.787
110.374
85.33
110.955
89.681
31671.72
187.646
237.619
238.014
239.933
239.734
246.441
249.724
162.95
236.77
213.499
239.271
217.146
220.253
96.836
74.414
106.567
141.656
145.887
152.157
160.244
174.05
152.856
120.112
74.646
70.531
143.28
112.876
137.941
142.088
143.414
153.379
95.65
118.655
95.203
58.63
84.176
74.504
72.754
31070.608
110.837
63.459
110.328
127.91
94.935
96.326
125.095
134.728
176.531
132.569
133.82
136.25
103.188
105.598
64.447
31088.811
90.931
82.069
72.441
73.436
93.552
65.258
100.043
114.296
76.339
73.886
75.17
118.021
122.418
128.535
125.813
162.683
173.509
174.649
164.253
139.497
142.717
136.33
144.281
117.663
83.654
86.353
86.584
106.397
113.438
113.726
84.691
104.75
80.989
99.296
99.368
127.936
128.294
118.982
118.982
91.227
75.789
71.67
81.859
88.663
130.163
101.925
136.885
100.587
110.918
106.736
83.16
65.85
128.176
128.805
122.56
123.137
164.059
141.592
142.516
96.841
95.907
95.182
71.516
79.614
84.864
85.647
59.693
102.576
31450.158
85.393
69.105
82.564
74.851
74.071
93.068
94.998
152.877
135.105
124.906
111.727
91.846
80.237
81.396
76.074
187.894
250.263
253.657
198.151
168.031
256.77
257.196
231.8
231.908
204.077
154.709
161.602
152.098
229.411
231.776
252.448
151.577
226.169
212.926
227.399
182.731
183.454
98.509
129.858
81.512
31976.24
111.459
80.845
106.712
84.857
68.718
76.166
78.467
127.416
89.219
77.285
31924.255
103.832
109.868
131.286
134.104
139.604
146.532
123.3
122.154
122.353
153.359
154.387
127.997
131.457
108.891
64.31
96.67
78.47
67.758
66.093
95.994
130.158
77.14
79.953
105.177
108.815
89.333
128.376
130.013
127.104
105.954
85.137
128.288
132.111
141.589
114.47
126.886
99.28
74.707
89.985
95.562
109.241
103.69
77.462
97.047
74.493
129.658
160.034
200.422
179.122
193.981
172.125
161.602
162.097
163.549
121.958
1430.553
77.423
77.604
100.546
102.337
138.609
168.393
168.522
168.997
151.495
115.682
116.283
81.307
105.925
65.967
124.362
134.734
102.855
145.776
71.229
95.281
88.139
92.559
81.064
161.104
161.116
144.902
157.864
168.676
169.66
146.494
137.149
159.199
106.556
111.297
83.458
80.972
93.655
115.372
128.155
119.661
82.735
75.856
60.725
67.353
112.355
126.372
88.312
151.597
103.963
100.044
101.911
81.687
90.695
99.199
82.995
135.721
182.159
187.352
178.101
122.975
139.059
103.85
72.729
89.007
101.908
127.946
120.424
115.64
113.537
81.304
94.075
105.378
71.948
79.106
73.787
71.1
80.086
61.998
92.34
96.47
105.225
91.259
91.073
75.929
68.878
96.339
92.463
111.542
92.278
102.876
86.755
58.383
101.398
58.043
70.279
122.449
115.57
134.896
108.999
109.244
97.281
79.861
80.261
92.478
79.586
60.808
81.326
81.359
68.505
82.738
69.857
67.016
116.204
106.754
92.038
94.02
93.414
60.561
105.367
71.62
77.434
90.05
60.623
25686.951
102.939
74.655
68.689
25659.863
69.785
71.449
61.866
77.603
106.266
107.33
89.649
70.534
106.927
101.582
112.92
103.327
105.322
74.966
72.868
25044.29
86.04
61.46
114.533
131.963
104.193
83.874
89.404
77.132
81.404
73.653
62.603
77.341
69.192
87.533
68.023
68.399
61.759
165.327
152.031
167.394
129.26
139.355
143.499
106.193
113.446
99.975
88.224
74.95
101.625
87.235
76.092
87.795
75.934
95.45
60.424
75.548
81.088
78.183
59.888
93.879
57.332
68.105
76.016
110.545
92.757
100.676
90.041
91.144
93.438
91.718
77.338
79.65
29647.095
61.999
72.143
90.807
67.744
67.928
131.956
134.981
88.451
110.244
103.842
99.49
61.777
78.594
98.842
79.922
79.436
104.363
133.25
92.15
64.431
109.946
102.362
90.443
130.898
132.229
91.967
25832.408
29638.846
140.511
149.366
108.923
165.475
129.023
132.444
74.85
75.864
93.614
74.227
101.641
84.404
139.082
141.724
140.844
105.531
108.529
154.676
81.42
93.652
131.3
100.757
120.651
84.332
103.815
120.691
102.945
87.161
110.613
89.955
86.655
70.848
87.024
123.662
124.799
124.207
125.682
85.448
92.847
79.393
113.432
166.842
178.403
180.361
137.815
146.291
125.492
130.837
131.304
73.696
82.989
85.244
85.286
68.556
76.907
74.628
121.502
120.595
84.898
118.944
81.427
76.077
69.654
88.823
89.734
111.106
74.473
75.828
68.014
73.869
107.926
112.028
103.274
79.573
82.95
74.821
77.814
131.261
103.821
116.312
101.509
75.537
71.558
120.49
30371.782
97.719
103.627
121.983
78.812
106.88
106.998
78.955
102.053
117.527
71.294
65.247
69.738
66.948
88.491
153.5
147.666
165.968
166.494
170.622
143.994
161.723
161.855
110.634
99.105
119.787
120.603
72.051
102.293
81.733
97.038
64.823
91.923
78.097
82.464
25645.965
107.085
107.357
75.284
107.641
107.186
73.749
109.086
100.274
67.279
89.817
94.958
101.639
82.09
62.823
75.838
66.479
67.848
74.388
99.296
103.999
73.283
100.13
30063.127
93.555
106.122
122.351
82.273
71.774
86.102
88.337
91.599
87.247
79.24
118.529
118.485
120.039
85.44
93.178
71.988
105.284
74.536
81.417
124.923
30056.719
113.07
81.552
83.575
71.498
115.735
71.72
73.597
71.134
94.963
74.228
74.828
117.642
101.771
93.111
101.605
108.726
72.366
107.179
77.124
65.801
27995.907
67.057
101.201
76.922
95.542
94.556
100.922
98.039
29230.346
93.745
72.022
83.288
90.044
93.502
69.788
100.572
115.546
127.419
123.312
94.919
96.805
71.833
95.988
78.701
100.779
65.958
98.132
72.294
73.206
89.639
93.606
90.518
123.626
88.437
101.97
102.149
98.935
80.079
64.409
59.132
101.833
70.288
76.492
89.935
75.67
92.687
74.203
90.085
66.571
67.375
115.38
125.336
88.969
131.161
85.513
110.501
101.225
101.593
95.393
69.093
105.714
105.06
88.55
59.206
87.808
73.334
83.646
82.902
79.409
119.355
128.007
112.856
114.607
61.764
94.174
134.731
108.725
118.488
119.001
83.563
121.997
73.382
74.671
66.742
29717.842
101.606
88.324
104.206
86.312
121.321
92.651
75.464
75.822
77.932
73.232
85.167
69.21
85.262
66.898
98.215
104.089
107.104
81.545
64.542
58.921
68.203
76.141
131.518
91.501
133.319
80.317
81.477
84.361
70.299
108.374
77.208
118.264
70.022
78.763
69.6
27334.513
70.33
74.531
80.152
61.516
64.615
77.36
91.954
111.664
66.162
113.766
84.353
74.89
124.715
109.144
124.143
142.234
208.883
209.41
213.546
140.379
141.393
161.106
132.986
155.656
144.026
160.94
125.537
130.585
130.381
149.882
190.718
240.949
159.219
149.742
139.204
130.485
142.276
128.766
135.037
118.386
107.629
109.318
83.575
102.909
104.878
107.156
69.492
73.888
93.703
142.527
155.915
162.846
165.065
118.202
122.317
91.14
64.462
78.807
70.681
69.044
71.13
78.701
143.302
143.869
131.771
161.682
150.137
150.867
151.683
102.527
60.489
69.978
69.343
81.585
114.599
70.608
66.786
79.082
73.206
91.318
96.379
118.16
96.389
101.087
73.291
66.399
71.661
76.022
83.517
73.048
88.071
74.701
113.884
104.749
91.054
85.438
116.621
112.586
120.419
115.95
76.98
115.685
79.42
82.655
81.172
96.707
80.064
76.798
84.043
88.166
106.574
66.816
86.171
94.614
121.782
103.967
85.324
104.011
68.745
67.812
67.493
105.731
105.397
113.862
112.719
108.458
104.393
103.563
92.452
97.538
108.37
105.063
86.366
119.593
78.196
118.445
129.922
104.344
279.14
357.622
384.793
385.386
329.949
387.477
373.18
338.885
346.056
325.701
338.421
262.07
312.843
517.949
177.391
199.319
180.661
262.21
452.698
156.99
222.126
272.162
162.465
26726.708
118.993
87.748
541.263
122.366
107.562
108.328
134.923
135.448
129.993
137.444
150.608
122.681
126.355
119.32
142.656
121.457
118.167
76.027
110.439
77.582
144.766
141.291
104.617
127.025
107.617
133.645
115.836
95.721
150.766
151.988
161.209
172.503
211.752
234.387
253.297
186.896
170.421
186.884
187.528
194.227
139.959
151.593
116.951
135.952
109.553
124.908
85.675
141.822
128.547
128.444
112.244
104.445
115.987
27273.654
82.899
73.244
63.014
63.181
72.924
64.815
61.444
72.545
71.117
105.549
63.852
69.353
69.202
102.495
93.595
112.203
115.212
71.508
111.721
113.222
113.943
110.262
84.548
90.873
63.778
82.58
73.601
96.78
85.957
127.421
98.22
86.494
72.492
142.196
139.266
168.692
168.992
131.952
134.655
150.787
133.914
27460.626
138.572
27512.822
120.591
105.4
109.427
79.571
69.397
80.354
75.456
88.266
89.606
99.811
75.473
69.362
110.714
76.41
78.404
145.147
188.648
257.646
247.945
259.184
232.058
165.579
210.014
158.031
101.283
86.281
122.141
131.354
91.419
87.996
153.743
140.152
175.745
86.334
81.343
79.866
124.553
102.259
145.726
111.8
119.403
153.388
115.564
139.539
92.318
123.669
87.883
86.378
156.939
120.807
143.263
95.149
156.884
149.337
123.218
146.841
130.827
134.27
141.274
109.159
136.506
65.387
90.365
71.236
58.017
57.44
68.702
66.856
83.415
138.077
142.989
137.276
107.885
119.862
81.752
107.424
91.851
93.494
86.813
71.997
89.892
82.202
119.59
92.947
100.675
91.316
72.848
75.014
75.144
160.746
180.944
182.31
182.444
153.032
133.648
144.619
168.924
109.38
138.214
121.913
123.576
73.391
68.35
66.712
79.905
74.379
89.415
137.805
155.32
83.193
133.547
148.757
168.619
156.158
215.079
235.045
195.435
261.241
205.559
230.27
209.63
139.804
83.686
77.506
139.108
106.044
127.542
132.275
121.56
101.442
107.82
98.073
66.7
104.46
65.503
65.498
72.191
118.042
120.906
124.779
102.672
113.551
108.099
72.865
73.591
88.816
99.344
81.363
120.666
79.172
137.64
137.696
107.266
85.865
101.598
79.243
123.58
178.509
161.888
163.007
164.02
176.78
179.597
135.863
139.531
112.136
107.41
64.234
64.681
420.754
78.427
102.838
94.189
84.456
73.738
80.591
90.142
80.896
77.64
102.15
105.591
97.349
130.999
112.837
106.395
125.939
128.925
104.725
79.963
72.32
77.533
96.023
94.523
108.343
88.323
81.872
82.21
71.709
66.266
59.713
63.496
71.136
95.978
92.261
75.292
80.81
102.259
96.604
75.44
80.586
83.84
73.544
73.508
102.747
83.578
76.54
82.178
88.755
62.667
107.666
57.765
79.589
157.761
130.472
167.716
139.984
154.547
108.44
130.061
129.989
74.866
73.323
61.731
84.906
69.433
73.836
83.419
80.876
71.6
83.573
81.892
104.194
58.224
125.913
103.918
122.358
103.611
139.588
140.015
135.42
148.886
151.11
151.179
165.082
137.666
98.769
134.125
183.449
108.131
103.016
74.39
98.795
76.571
97.227
87.58
64.516
108.871
91.281
63.893
59.436
110.803
123.287
91.701
78.966
62.148
108.425
111.257
137.513
140.147
81.53
105.684
119.161
82.748
59.721
99.326
114.445
113.346
76.786
80.431
67.492
82.277
85.368
83.074
93.849
122.778
125.042
93.938
83.542
81.733
77.397
95.273
86.668
123.591
134.148
142.459
155.012
156.583
82.08
105.685
136.326
91.546
72.935
64.816
68.42
69.184
72.789
87.79
103.154
70.334
73.881
74.838
71.624
78.544
82.484
82.919
75.707
68.045
58.296
75.935
136.122
144.732
168.772
130.74
101.326
127.591
123.032
62.792
77.702
70.735
74.068
76.038
63.618
119.73
118.781
98.014
74.641
74.366
89.2
70.884
83.542
81.586
106.738
130.959
134.292
97.649
82.152
70.593
67.951
70.89
86.896
82.332
69.973
87.717
67.033
63.65
107.416
101.901
174.944
117.901
137.169
186.299
160.162
179.413
109.105
66.742
83.703
93.753
85.174
91.812
96.599
88.204
58.941
51.568
83.822
82.212
84.626
99.375
72.892
71.268
83.876
89.028
72.715
100.536
83.178
73.7
76.158
85.868
136.234
148.777
169.033
167.468
174.175
159.276
171.237
175.15
160.149
130.213
131.498
139.336
87.52
72.626
98.018
110.889
60.788
71.92
65.939
72.074
78.369
83.687
60.501
99.586
76.254
88.422
155.977
131.185
125.415
152.231
177.002
177.753
154.293
153.365
131.349
104.045
120.287
114.983
123.3
68.695
104.401
110.005
96.117
86.203
70.803
103.141
114.15
84.106
118.992
130.094
106.525
118.661
120.958
111.23
112.34
112.706
120.445
123.277
100.993
99.637
69.232
69.446
86.729
104.743
77.716
88.807
102.404
97.376
109.98
79.145
130.366
128.604
71.621
70.522
92.751
77.258
76.366
74.24
81.76
78.872
87.251
93.43
74.037
72.894
72.518
64.006
96.73
97.859
93.299
105.63
70.73
70.592
104.394
118.719
80.881
77.462
76.133
85.312
77.541
72.64
98.424
80.273
114.138
112.331
115.186
115.484
115.733
88.741
101.458
117.94
161.372
161.605
121.874
84.068
110.605
148.456
115.153
93.278
111.264
112.502
68.054
80.714
106.548
61.354
93.341
68.835
71.66
65.376
76.307
80.668
136.827
143.239
156.403
145.343
117.88
70.143
66.333
90.376
95.269
95.542
92.862
69.35
74.014
95.635
111.64
115.51
139.934
148.966
93.936
150.835
152.346
97.927
119.449
90.45
78.011
91.631
90.127
75.369
66.766
95.775
116.347
98.293
79.758
87.737
129.094
101.999
62.427
104.653
61.518
75.173
94.86
78.584
108.244
82.474
85.626
139.2
157.828
119.585
133.793
134.76
136.782
145.583
77.513
66.461
111.043
81.047
110.228
74.079
87.734
68.542
67.606
88.233
78.612
75.775
130.451
102.764
134.507
146.827
57.116
63.239
71.093
97.389
99.224
99.584
83.561
74.879
69.091
86.81
83.712
78.654
71.722
60.93
78.557
77.411
69.026
65.838
62.957
68.267
85.25
112.483
93.622
90.937
65.734
87.579
124.504
126.355
131.344
136.179
138.492
138.848
143.616
191.051
189.391
192.723
181.937
204.541
231.466
234.289
234.743
224.163
191.777
176.579
157.759
207.726
112.541
148.796
67.063
147.785
152.606
165.771
178.397
183.332
168.265
127.801
123.515
131.492
99.872
87.728
187.933
184.394
264.248
282.676
302.228
302.813
238.284
222.668
231.245
233.421
234.163
222.116
216.587
247.481
241.026
132.755
163.955
290.126
131.503
122.93
98.384
75.053
64.796
71.932
147.756
138.685
188.277
283.305
318.271
270.36
270.886
254.183
268.549
306.776
238.744
304.446
310.335
318.745
318.975
252.18
164.597
126.098
66.478
72.541
101.313
129.414
122.891
77.585
105.399
77.479
90.75
104.27
69.316
104.996
79.219
106.411
66.184
70.0
96.567
150.203
193.809
185.706
182.48
195.335
188.553
180.645
181.123
140.648
101.588
81.228
84.001
84.513
105.66
110.488
113.452
86.364
96.823
86.729
111.185
74.58
88.511
63.527
68.033
162.973
164.761
156.366
144.99
124.808
165.659
135.311
95.949
81.342
90.447
78.831
81.163
63.546
72.293
69.616
66.865
61.361
94.134
76.386
64.391
94.355
94.03
101.216
91.351
85.243
75.922
69.367
63.055
84.351
74.579
76.499
58.579
77.729
94.152
76.052
70.641
111.564
90.904
87.069
67.459
84.646
90.347
61.034
68.904
68.321
92.381
103.053
117.08
115.592
114.102
127.116
108.051
111.948
120.037
127.84
115.156
95.027
95.814
93.249
143.325
145.523
135.395
139.523
138.592
166.775
177.601
145.527
146.666
98.652
121.104
71.082
69.016
65.527
68.718
69.27
89.719
69.193
72.374
75.567
72.21
85.198
95.273
115.987
65.676
70.868
91.025
87.65
66.629
70.995
71.033
83.698
65.968
71.653
76.774
77.643
79.766
77.949
91.845
70.426
75.928
92.561
110.856
85.069
70.417
83.29
88.184
71.207
75.556
80.091
77.166
67.215
104.364
117.343
77.875
145.486
85.492
84.362
123.13
146.724
138.223
117.369
140.618
158.005
167.206
145.591
2414.515
142.618
97.994
149.024
165.984
124.143
179.035
180.177
93.178
93.778
67.295
79.15
82.259
95.021
71.748
81.049
74.718
98.203
99.68
90.493
97.86
100.407
78.112
111.672
113.877
116.58
103.075
193.492
102.448
73.322
67.345
70.014
76.793
81.341
104.758
84.028
81.843
103.208
116.048
147.657
149.939
151.863
71.44
69.564
69.306
86.935
72.43
69.691
87.244
90.074
92.229
75.928
72.741
86.441
93.348
101.026
67.893
104.605
87.981
98.726
105.808
89.587
100.021
80.295
77.58
68.408
110.917
127.83
103.523
93.163
123.518
72.474
107.765
71.978
80.229
84.47
84.781
87.994
72.83
96.813
81.348
81.329
98.187
70.701
83.436
61.448
66.607
67.393
133.804
163.346
154.615
167.033
144.455
178.616
182.255
159.278
150.703
140.334
147.158
131.21
88.271
72.69
89.981
74.872
139.367
105.267
92.479
95.216
76.172
78.374
100.187
78.77
88.435
68.816
90.499
66.032
70.765
66.686
140.305
133.289
107.968
73.174
162.27
114.038
167.239
167.579
102.315
115.899
128.41
129.324
74.274
76.917
71.711
77.761
93.141
85.112
75.085
75.945
79.544
86.036
79.07
78.609
74.704
84.061
111.751
71.199
99.578
68.726
3445.89
81.701
111.402
118.701
117.546
119.34
100.198
73.754
66.584
101.09
95.714
87.393
69.871
69.328
71.153
62.622
74.843
90.279
86.856
62.152
101.055
78.113
86.411
79.077
117.232
136.69
138.929
108.588
131.464
95.025
96.408
150.903
111.528
96.965
74.629
59.783
84.839
68.996
99.534
109.901
68.212
124.791
104.561
110.954
115.134
70.346
90.326
78.306
85.834
94.15
105.058
74.162
89.28
81.874
63.794
99.435
100.247
116.011
96.596
75.574
115.356
74.249
141.259
145.945
156.928
125.271
99.471
88.152
88.958
89.393
81.207
70.744
94.967
70.713
76.878
89.464
92.308
73.836
120.955
73.526
90.985
100.772
80.26
99.271
102.41
102.531
69.343
78.195
90.732
67.519
108.575
207.523
227.163
250.707
261.684
264.831
276.202
240.745
231.971
214.11
225.858
234.725
217.072
209.014
148.25
66.142
79.422
129.071
163.666
154.685
161.525
456.088
102.335
82.87
117.92
90.108
116.351
978.066
112.057
106.304
124.162
76.337
78.423
77.268
78.717
84.935
89.136
126.975
127.283
72.984
75.427
89.888
78.368
85.146
72.584
76.97
82.603
99.676
70.398
74.547
125.602
131.858
120.317
94.344
120.241
94.516
135.697
76.751
87.069
80.048
91.133
73.919
118.365
133.326
137.068
101.649
149.423
101.904
98.661
67.016
81.145
81.692
97.517
95.629
76.792
104.729
146.527
125.451
102.737
104.583
115.678
129.515
101.664
113.261
98.672
99.622
87.716
116.292
75.817
105.605
64.657
104.699
68.75
73.474
78.378
115.873
112.669
231.09
234.211
234.703
244.721
239.408
191.672
182.412
190.576
229.395
230.113
230.687
143.103
143.242
116.801
93.369
155.865
203.601
135.386
165.709
209.046
230.677
210.106
187.469
216.151
259.138
228.84
205.038
186.669
215.185
258.528
200.5
222.417
204.508
181.448
232.431
250.56
253.02
261.055
228.189
271.423
134.595
175.35
125.334
277.715
127.388
107.397
112.49
455.021
78.817
64.556
63.961
61.578
70.941
114.666
87.108
77.594
125.879
75.476
96.725
84.739
73.336
94.897
83.912
80.19
113.614
77.478
112.776
73.917
117.586
175.261
166.636
167.71
152.358
136.908
111.619
134.428
66.3
68.809
66.39
69.196
65.609
61.544
64.987
80.452
93.341
104.275
104.312
76.606
76.441
68.261
59.107
126.745
156.212
169.369
169.96
159.276
159.738
75.131
107.203
122.351
85.204
109.969
127.512
94.795
64.453
92.566
74.261
91.636
78.44
74.359
94.237
82.17
125.846
127.64
119.066
135.367
142.872
135.707
135.026
75.305
94.23
101.538
62.542
71.152
93.175
102.826
127.135
127.84
120.567
103.663
124.425
104.56
62.422
89.695
69.11
92.227
154.799
88.616
115.649
126.952
170.292
191.536
203.609
201.982
160.205
171.354
188.804
147.664
92.309
82.758
117.109
80.727
143.192
143.49
102.543
93.252
119.726
107.784
94.603
73.411
68.597
79.174
82.589
110.049
91.146
94.866
107.908
75.797
138.745
154.252
118.497
128.999
149.889
73.988
156.521
75.196
94.133
78.814
73.071
69.156
118.589
131.568
133.463
135.594
130.488
98.402
183.294
244.427
274.907
294.915
269.721
301.863
293.121
294.544
265.076
256.541
230.971
208.175
213.344
94.216
125.719
86.358
118.243
77.459
99.388
115.034
116.595
78.527
104.285
70.854
105.231
122.521
123.359
76.062
92.372
87.215
97.051
81.596
85.614
71.558
104.79
118.076
91.924
91.213
87.568
71.653
70.913
97.849
89.773
115.146
85.876
78.325
130.74
97.156
107.139
109.451
91.952
93.271
107.015
95.93
81.739
117.356
82.938
122.976
100.926
112.056
114.593
121.642
130.761
128.978
163.575
155.674
144.219
74.861
135.273
97.487
103.292
104.866
123.512
117.341
67.577
70.436
65.506
71.119
61.675
64.895
98.499
101.121
155.975
171.55
179.441
180.77
149.563
120.723
125.678
133.203
106.221
99.249
110.606
84.037
87.011
64.538
66.245
144.494
77.321
85.742
67.839
71.373
100.785
99.265
119.572
129.615
127.724
98.554
99.495
67.01
68.254
66.234
71.699
154.139
144.107
200.444
183.64
185.612
206.694
168.348
168.33
93.455
65.26
66.76
130.478
132.885
84.619
114.824
106.253
96.689
116.984
126.23
132.382
143.644
98.275
72.103
92.253
68.281
131.295
164.599
130.473
141.725
138.162
148.903
99.908
66.028
79.885
176.696
177.085
137.187
137.834
137.948
89.105
79.047
101.057
82.053
87.963
85.924
99.255
65.477
62.675
71.104
71.474
76.697
107.861
123.756
105.44
118.683
100.315
80.608
84.213
63.656
74.375
72.604
79.208
63.554
63.353
72.844
88.484
83.718
155.235
159.185
160.462
150.587
135.074
129.159
137.545
138.456
65.197
65.546
85.391
106.366
160.198
160.722
161.304
161.44
147.332
78.569
123.052
77.998
71.753
68.136
85.063
82.666
84.174
87.138
134.505
137.117
117.854
91.798
114.944
90.595
90.522
105.814
116.039
82.184
94.232
82.956
74.974
66.366
81.329
148.954
152.777
124.623
94.808
129.87
69.361
110.712
71.988
75.172
88.774
120.946
128.458
107.55
79.164
72.493
76.009
83.477
77.503
93.503
106.803
90.851
77.833
67.876
65.712
82.159
82.629
111.214
79.26
70.983
64.876
67.792
68.825
103.813
75.697
73.002
74.87
69.513
92.118
85.457
76.738
87.533
69.255
63.959
115.402
115.156
113.597
124.257
95.713
102.301
101.926
108.828
104.047
98.757
81.142
124.815
148.213
99.378
143.58
114.931
80.622
90.123
71.155
169.191
169.819
185.748
215.612
203.321
161.012
223.55
262.23
244.358
218.865
219.376
305.594
323.873
309.588
268.488
232.378
265.206
166.91
150.354
150.612
139.47
124.009
123.95
89.787
110.543
78.427
76.512
117.2
121.507
104.389
153.152
110.487
129.872
102.714
70.755
66.513
65.944
65.667
68.337
95.165
126.451
127.146
96.496
128.706
72.173
99.557
133.877
119.134
107.57
91.204
107.177
107.918
100.403
97.935
102.886
86.53
107.275
78.754
80.251
62.815
67.632
117.925
97.014
116.391
135.635
96.152
67.971
76.041
70.267
153.687
155.765
178.41
178.753
190.463
181.6
146.15
208.338
208.83
71.397
106.633
60.973
98.774
78.445
124.403
85.792
114.928
116.429
96.844
70.786
70.174
71.228
74.307
72.815
93.187
97.757
87.793
137.003
102.955
143.988
110.655
88.629
86.34
71.216
92.526
124.941
123.889
165.637
166.522
148.44
148.812
72.942
92.127
95.253
106.598
74.066
87.702
101.85
61.351
106.97
75.172
66.561
140.143
115.104
161.423
136.741
176.505
193.639
194.82
200.952
161.095
122.262
88.68
91.665
99.999
64.214
107.337
68.305
71.195
101.143
143.033
144.299
144.954
147.639
1173.305
60.16
89.449
60.479
68.705
71.362
75.006
79.972
83.556
133.246
131.753
133.701
141.813
116.376
127.895
130.556
105.88
143.001
106.379
77.954
89.613
89.765
103.893
89.327
80.068
69.526
73.299
64.497
104.527
91.712
100.761
83.433
116.706
95.979
101.222
68.15
66.523
137.524
150.693
174.048
154.902
169.466
182.096
229.622
201.235
183.252
172.341
184.829
164.519
127.77
63.996
61.956
71.652
75.277
70.723
89.776
79.812
80.233
65.844
96.151
74.795
106.884
72.258
65.092
66.767
95.81
138.49
159.222
148.49
143.709
133.133
126.303
82.991
108.0
69.907
78.466
110.786
113.368
1258.603
97.483
89.713
81.858
90.048
61.944
69.373
74.376
95.427
87.536
102.151
117.13
89.629
139.162
131.231
100.381
92.676
125.036
110.04
103.813
117.937
82.07
66.341
58.87
73.086
85.613
74.164
81.046
76.571
66.655
75.253
89.568
78.313
131.786
136.557
120.228
90.894
75.881
185.587
194.532
220.119
274.896
226.705
207.605
258.903
204.744
200.528
217.054
176.864
118.814
218.324
140.571
128.024
77.026
63.675
63.019
73.161
74.847
68.056
64.873
68.076
76.024
76.288
97.248
105.387
132.277
92.517
109.583
110.108
145.724
70.632
153.547
159.526
145.084
222.983
230.723
235.968
177.383
221.951
152.302
223.616
140.058
129.192
95.188
78.449
103.718
71.533
90.977
71.096
66.877
67.174
67.747
64.803
145.982
160.11
175.189
146.936
147.892
205.972
207.019
207.221
163.925
176.407
178.48
183.066
139.852
160.043
141.032
112.129
73.973
59.124
63.45
65.662
88.344
72.982
95.455
78.419
95.947
63.93
96.967
69.849
75.863
94.638
152.379
136.042
183.039
190.372
148.544
195.953
196.393
64.996
64.858
59.57
85.311
68.058
67.544
123.049
121.96
142.739
142.864
139.686
117.483
84.446
85.172
87.455
127.164
98.915
107.186
102.445
93.882
75.085
59.043
86.999
74.112
73.823
88.761
178.391
201.76
172.722
185.179
203.784
204.991
150.383
110.012
157.453
78.097
62.377
101.177
88.276
93.817
98.654
79.835
92.276
72.409
66.89
81.357
69.026
104.142
104.47
73.247
170.054
81.68
120.34
128.17
116.075
140.799
112.093
123.87
114.897
129.241
86.811
102.304
114.591
123.257
126.183
118.246
116.99
107.324
105.095
105.299
82.121
114.861
101.977
126.103
139.143
154.067
134.645
170.139
170.546
135.97
169.786
125.493
121.47
124.93
119.178
85.408
75.665
101.444
125.71
148.81
155.388
115.268
115.287
112.738
67.913
67.048
98.321
94.861
155.554
158.236
158.832
151.76
152.364
78.152
69.482
73.289
69.297
93.174
115.407
102.049
71.238
147.048
157.63
116.297
125.223
135.188
71.052
72.337
98.012
98.448
129.336
126.497
89.046
89.566
86.565
89.1
69.709
75.445
67.977
91.402
