7486.621
7458.258
7457.168
7456.109
7453.563
7452.359
7452.285
7452.465
7451.445
7468.902
7474.914
8082.281
8555.766
8616.16
8608.887
8611.797
8304.957
8624.867
8632.781
8640.578
8613.559
8664.109
8697.168
8761.703
8750.742
8770.203
8956.93
8955.121
8959.535
8809.668
8860.59
8987.828
8919.391
8731.641
9222.027
9324.703
9368.75
9555.742
9968.867
10182.977
10167.484
10115.586
10201.242
10170.332
10146.715
10155.719
10133.207
10419.914
10423.102
10425.199
10223.988
10600.918
10614.508
10672.656
11096.965
11291.094
11454.836
11622.402
11903.148
11953.98
11918.293
11554.313
11531.914
11550.141
11921.34
12009.875
12554.449
12703.508
12852.492
12777.426
12820.406
12813.848
12813.797
13011.078
13068.793
13019.973
13018.656
12696.512
13153.656
13141.824
13134.68
13013.32
12938.797
12938.785
13105.398
13502.422
13715.43
13729.707
13997.629
14182.242
14232.438
14406.754
14438.047
14333.855
14345.652
14485.445
14585.746
14566.645
14603.48
14601.727
14695.641
14698.02
14395.219
14351.211
14659.953
14643.402
14740.059
14729.879
14690.52
14423.383
14865.73
15290.859
15211.348
14907.918
15288.926
15929.305
16246.984
16194.773
16724.605
16939.18
16902.523
16929.27
16868.613
16864.398
16899.059
16953.32
16971.48
16941.996
16990.293
17022.602
17025.129
17174.953
17163.543
17170.77
16867.918
16865.445
16856.457
17149.379
17169.863
17081.258
16864.594
16850.32
16856.328
16848.961
16816.586
16844.828
16834.195
16817.613
16815.734
16823.141
16828.078
16825.086
16822.746
16826.828
16844.902
16841.07
16855.875
16852.867
16849.133
17234.875
17401.152
17389.195
17388.207
17080.262
17123.039
17341.402
17345.293
17291.781
17071.141
17065.73
17067.91
17071.961
17348.344
17340.676
17342.238
17351.941
17116.332
17138.871
17107.344
17099.75
17124.496
17104.727
17102.02
17111.902
17095.32
17099.855
17136.91
17147.699
17386.555
17402.598
17396.992
17189.363
17451.867
17440.477
17440.707
17432.176
17074.406
17075.605
17068.73
17067.34
17062.609
17069.441
17062.953
17064.02
17361.711
17373.82
17372.957
17144.078
17494.574
17613.414
17593.207
17595.793
17370.504
17535.348
17874.773
18369.023
18913.672
19666.84
20642.363
21065.859
21666.25
22074.105
22641.277
22930.672
23410.422
23844.637
23932.422
24271.156
24392.031
24440.137
24449.52
24453.125
24466.41
24470.699
24473.957
24502.102
24921.566
24971.0
25020.246
25210.281
25179.625
25126.828
25202.074
24679.168
24713.809
24894.223
24819.535
24705.953
24399.629
24544.551
24745.621
24848.883
24937.551
24913.965
24944.059
24786.16
24942.047
24701.957
24889.848
25045.871
25052.633
25137.027
25270.262
25396.992
25512.684
25611.176
25746.297
25779.422
25621.113
25787.664
25861.246
26005.145
26255.633
26274.012
26558.457
26267.25
26803.34
26677.527
26714.695
26594.012
26200.184
25855.438
25814.684
25801.645
25819.746
25853.164
25823.234
25999.898
26305.121
26323.148
26465.293
26287.805
26116.113
26016.043
26200.547
26278.465
26339.539
26131.238
26044.719
22382.629
21080.211
20756.098
20427.742
20202.855
20023.672
19518.352
19318.477
19087.512
18964.484
19190.523
19152.867
19335.469
19329.656
18844.926
18641.129
18195.746
18170.059
18128.691
18114.82
17913.305
17887.898
18288.336
18414.715
18713.262
18683.672
18604.773
18305.785
18298.555
18292.457
18677.656
18897.09
18822.375
19024.266
19204.961
19375.719
19374.031
19409.5
19466.234
19628.777
19679.918
19582.148
19592.973
19560.43
19590.047
19616.168
19625.816
19742.664
19692.355
19536.094
19548.887
19637.848
19668.539
19681.539
19693.676
19163.488
19139.543
18879.105
19174.961
19468.918
19524.738
19252.387
19264.707
18893.816
18902.418
18722.27
18739.461
19140.633
19042.801
19457.066
19389.496
19800.117
19941.387
19765.813
19868.332
19754.625
20185.301
20240.191
19904.781
19898.43
19726.891
19723.371
19723.449
19723.652
20140.434
20120.707
20077.129
20121.117
20119.641
20114.902
19746.898
19765.066
19778.984
19760.531
19751.672
19445.957
19718.16
19971.313
20224.676
20133.867
19944.352
20115.977
20790.047
20562.961
21034.453
20955.23
20632.332
21191.621
21341.961
21197.801
21334.238
21327.34
21374.34
21199.703
21237.113
20962.063
20718.563
20582.16
20355.988
20321.816
20319.938
19973.688
20085.871
20070.93
20096.383
19767.086
19759.281
19610.789
19456.098
19176.695
19190.035
18857.176
18686.137
18689.031
18503.586
18359.063
18145.008
18155.969
18180.996
18081.418
17954.262
17831.102
17863.707
17908.387
17436.375
17580.262
17708.844
17735.551
17876.617
17930.598
18323.281
18027.477
17953.027
18166.469
18155.352
17803.781
17920.066
18090.176
18106.0
18096.324
18105.5
18120.34
17989.211
17953.285
17982.609
17512.543
17032.262
16712.969
16658.586
16854.344
16852.953
16680.5
16973.957
17194.621
17464.883
17346.785
17408.195
17185.07
17535.406
17759.449
17839.047
17678.02
17824.227
17862.617
18095.992
18465.574
18596.82
18533.883
18674.68
18702.648
18709.727
18675.371
18804.848
18813.473
18425.535
18428.039
18230.754
18082.867
17837.34
17539.52
17577.602
17526.465
17234.746
17078.793
17353.902
17399.281
17639.402
17801.063
17950.805
17967.902
17715.148
17723.031
17556.109
17214.516
17196.469
17182.605
17059.828
17031.27
17008.691
16835.41
16830.383
16839.574
16845.723
16810.77
17149.625
17456.66
17492.762
17501.574
17643.93
17818.484
17903.66
17995.879
18154.344
18015.152
18197.934
17870.406
17897.734
18073.215
18047.184
17908.125
17742.543
17730.375
18190.777
18215.992
18215.379
18215.871
17898.023
17878.895
17895.859
17682.387
17684.617
17656.355
17984.332
17821.813
17512.816
17501.574
17499.086
17516.391
17337.082
17310.453
17002.957
17002.02
16838.977
16516.922
16510.84
16515.641
16345.773
16336.875
16170.551
16533.41
16547.063
16546.934
16538.676
16221.488
16222.973
16448.199
16444.383
16274.34
16290.195
15667.465
15625.941
15633.406
15632.867
15629.5
15629.082
15624.902
15624.328
15627.477
15619.211
15631.707
15624.676
15634.223
15622.98
15588.789
15593.293
15581.965
15588.699
15579.191
15582.43
15575.836
15571.359
15575.492
15579.93
15600.434
15592.578
15581.926
15581.148
15591.453
15675.027
15937.578
15947.168
15934.363
15678.031
15644.254
15878.223
16070.035
15935.512
15926.574
15642.383
15632.125
15854.309
15864.438
15953.207
15914.469
15723.66
15726.684
15721.754
15714.629
16146.922
16119.434
16123.867
16118.895
15797.816
16149.398
16150.0
16150.848
16026.531
15701.242
15703.039
15113.055
15112.535
15115.582
15106.141
15108.273
15114.895
15117.652
15101.684
15113.012
15106.961
15107.719
15109.035
15093.992
15097.793
15089.297
15094.996
15100.961
15129.387
15519.926
15506.066
15522.977
15652.848
15643.816
15632.715
15336.328
15322.539
15295.223
15287.398
15293.371
15590.691
15574.215
15581.148
15271.113
15311.004
15277.926
15270.387
15267.738
15262.574
15258.219
15257.625
15259.125
15270.93
15254.055
15281.309
15294.418
15249.359
15246.578
15240.457
15146.168
15143.742
15142.117
15129.133
15127.938
15127.172
15130.383
15122.789
15117.816
15118.363
15117.887
15171.789
12548.293
11988.086
