480.552
682.228
301.453
200.907
803.28
0.159
804.691
767.957
1243.006
1104.918
251.39
303.846
552.485
1004.812
451.707
50.556
0.232
868.632
1356.38
201.058
1074.476
753.366
290.885
50.465
0.146
0.158
839.38
0.201
0.18
0.544
0.291
0.22
0.214
0.22
0.226
0.259
0.209
0.219
0.398
0.203
0.209
1.507
0.244
0.227
0.211
0.252
0.454
0.24
0.302
0.212
0.182
0.248
0.178
0.184
0.212
0.192
0.215
0.232
0.217
0.23
0.204
0.205
0.175
0.146
0.236
0.147
0.218
0.224
0.209
0.186
0.2
0.395
0.193
0.18
0.239
0.255
0.182
0.282
0.208
0.2
0.177
0.19
0.199
0.208
0.199
0.115
0.247
0.211
0.221
593.499
0.217
0.182
0.223
0.224
0.463
0.25
0.195
0.2
0.204
0.184
0.219
0.197
0.297
0.173
0.164
0.292
0.182
0.12
0.207
0.173
0.225
0.216
178.65
0.221
0.189
0.397
0.197
0.225
0.088
0.093
0.147
0.194
0.186
0.194
0.196
0.177
0.186
0.204
0.116
0.216
0.189
0.275
0.209
0.236
0.148
0.126
0.127
0.146
0.12
0.122
0.157
0.203
0.236
0.112
0.213
0.182
315.595
0.199
0.102
0.141
0.205
0.162
0.174
0.118
0.174
0.177
0.19
0.181
0.191
0.222
0.231
1536.753
0.146
0.292
0.23
0.257
0.197
1919.726
0.165
0.145
0.141
0.21
0.406
0.245
0.188
0.206
51.552
0.223
0.164
0.172
0.174
0.173
0.235
0.187
0.216
0.204
0.241
0.168
0.246
0.227
0.165
0.247
0.081
0.171
0.199
0.073
0.154
0.21
0.305
0.231
0.159
0.103
0.111
0.168
0.171
0.197
0.205
0.224
0.195
645.785
0.162
0.166
0.156
0.328
0.205
0.103
0.204
0.172
0.147
0.171
0.245
0.172
0.194
0.167
0.178
0.159
0.256
0.208
0.28
0.191
0.15
0.139
0.096
0.125
0.111
0.186
0.163
0.07
0.194
0.172
0.203
0.133
0.148
0.158
0.206
0.156
0.072
0.152
0.131
0.127
0.177
0.175
0.126
0.123
0.348
1128.19
0.174
0.15
0.192
0.227
0.177
0.177
0.117
0.113
1649.631
0.191
0.113
0.146
0.152
0.145
0.156
0.183
0.2
0.115
0.171
0.154
0.184
0.116
0.151
0.2
0.164
0.211
0.141
0.131
0.114
0.14
0.141
0.143
0.144
0.139
0.144
0.151
0.179
0.152
0.106
0.142
0.095
0.192
0.109
0.205
0.176
0.165
0.168
0.111
0.184
0.186
0.116
0.13
0.136
0.149
0.084
0.106
0.093
0.126
0.118
0.151
0.156
0.142
0.267
0.182
0.087
0.151
0.194
0.137
0.162
0.144
0.198
0.192
0.181
0.178
0.142
0.128
0.141
0.131
0.248
0.206
0.116
0.181
0.25
0.121
0.075
0.166
0.25
0.104
0.268
0.207
0.214
0.214
0.212
0.138
0.067
0.188
0.237
0.15
0.179
0.179
0.222
0.11
0.163
0.084
3246.925
0.156
0.158
0.142
0.158
0.161
0.116
0.136
0.111
0.103
0.19
0.261
0.145
0.12
0.146
0.093
0.168
0.071
0.119
0.087
0.097
0.081
101.19
0.074
0.143
0.13
0.128
0.074
0.071
0.128
0.06
0.061
0.114
0.107
0.181
1058.442
0.164
0.086
0.13
0.119
0.171
0.118
0.114
965.679
0.119
0.123
0.117
0.114
0.11
0.187
0.11
0.108
0.158
0.128
0.127
0.117
0.093
0.129
0.151
0.116
0.117
0.109
0.195
0.282
0.057
0.108
0.117
0.123
0.096
0.054
0.06
0.122
0.134
0.116
0.16
0.082
0.126
0.075
0.152
0.12
1601.119
0.2
0.185
0.098
0.323
0.155
0.074
344.136
0.081
0.107
0.116
0.086
0.102
0.086
0.085
0.123
0.114
0.132
0.119
0.12
0.117
0.115
0.125
0.126
0.112
0.053
0.086
0.242
0.171
0.116
0.105
0.144
0.127
0.06
0.082
0.242
0.219
0.125
0.125
0.14
0.082
0.183
0.196
0.146
0.124
0.253
0.3
0.091
0.072
0.114
0.185
0.064
0.164
0.082
0.132
0.081
0.147
0.082
0.132
0.077
0.088
0.126
0.103
0.138
0.108
0.104
0.121
0.12
0.065
0.096
3306.093
0.043
0.112
0.107
0.071
0.082
0.147
0.114
0.176
0.131
0.096
0.085
0.098
0.099
0.132
0.065
0.143
0.141
0.139
0.126
0.082
0.057
0.139
0.044
0.118
0.081
0.071
0.049
0.116
0.065
0.114
0.074
0.089
0.109
0.042
0.075
0.085
0.152
0.079
0.067
0.055
0.055
0.16
0.109
0.124
0.044
0.129
0.082
0.104
0.083
0.115
0.133
0.061
0.102
0.099
0.185
0.177
0.195
0.076
0.194
0.147
0.138
0.188
0.289
0.044
0.107
0.103
0.064
0.138
0.077
0.059
0.059
0.057
0.095
0.079
0.156
0.124
0.114
0.08
0.137
0.135
0.157
0.084
0.128
0.059
0.11
0.098
3984.646
0.111
0.1
0.143
0.116
0.143
0.103
0.123
0.059
0.082
0.059
0.078
0.126
0.104
0.118
0.078
0.105
697.319
0.115
0.065
0.113
0.105
0.106
0.063
0.131
0.101
0.102
0.124
0.106
0.078
0.077
0.069
0.103
0.12
0.118
0.117
0.114
0.078
0.053
0.107
0.199
0.109
0.125
0.122
0.108
0.126
0.138
0.247
0.276
0.246
0.153
0.098
0.111
0.107
0.115
0.117
0.127
0.105
0.096
0.132
0.121
0.115
0.118
0.06
0.067
0.119
0.094
0.126
0.106
0.056
0.095
0.066
0.057
0.055
0.071
0.093
0.079
0.189
0.114
0.101
0.107
0.086
0.095
0.071
0.121
0.099
0.143
0.148
0.075
0.122
0.08
0.055
0.192
0.092
0.061
0.094
0.132
0.092
0.127
0.114
0.136
0.121
589.528
0.052
0.103
0.115
0.1
0.111
0.078
0.129
0.097
0.108
0.127
0.071
0.105
0.235
0.055
560.187
0.135
0.13
0.104
0.085
0.06
0.13
0.112
0.097
0.06
0.063
0.109
0.069
0.106
0.098
0.133
0.074
0.103
0.141
0.062
0.068
0.107
0.096
0.152
0.107
0.085
0.107
0.159
0.114
0.123
0.115
0.115
0.118
0.112
0.115
0.16
0.076
0.107
0.108
0.105
0.125
0.123
0.154
0.098
0.111
0.18
0.227
0.232
0.11
0.109
0.149
0.116
0.101
0.109
0.101
0.109
0.138
0.121
0.136
0.361
0.047
0.054
0.091
0.102
0.072
0.166
0.083
0.106
0.038
0.114
0.135
0.039
1126.691
0.076
0.062
0.058
0.105
0.118
0.098
0.127
0.153
0.113
0.118
0.136
0.069
0.123
0.119
0.106
0.122
0.078
0.108
0.082
0.105
0.073
0.075
0.117
0.079
0.111
0.122
0.11
0.08
0.119
0.102
2568.314
0.055
0.102
0.099
0.105
0.142
0.094
0.099
0.073
0.111
0.135
0.119
0.064
0.117
0.178
0.108
0.118
0.1
0.097
0.102
0.12
0.092
0.077
0.075
0.108
0.116
0.114
0.121
0.13
0.118
0.071
0.074
0.091
0.146
0.107
0.111
0.113
0.117
0.105
0.127
0.1
0.136
0.064
0.143
0.101
0.07
0.103
0.116
0.082
0.108
0.074
0.109
0.081
0.083
0.133
0.125
0.101
0.056
0.103
0.116
0.106
0.136
0.055
0.064
0.058
0.036
0.128
0.11
0.071
0.124
0.057
0.118
0.111
0.091
0.099
0.113
0.106
0.075
0.104
0.11
0.179
0.097
0.075
0.069
0.098
0.067
0.119
0.072
0.174
0.134
0.097
0.115
0.074
0.139
0.085
0.111
0.156
0.114
0.071
0.114
13749.791
0.097
0.142
0.105
0.076
0.068
0.106
0.103
0.08
0.09
0.041
0.093
0.138
0.076
0.085
0.119
0.071
0.172
0.166
0.112
0.103
0.161
0.09
0.127
0.062
0.102
0.102
0.056
0.341
0.099
2.092
0.264
0.099
0.158
50.754
0.117
2200.689
0.06
0.078
0.071
0.137
0.108
0.193
0.094
0.131
0.097
0.113
0.072
0.089
0.133
0.119
0.051
0.071
0.12
0.204
0.066
0.094
0.076
0.107
0.101
0.066
0.075
0.101
0.106
0.087
0.102
0.101
0.094
0.071
0.125
0.059
0.068
0.124
0.119
0.105
0.066
0.088
0.072
0.103
0.108
0.07
0.116
0.097
0.072
0.088
0.106
0.089
0.121
0.094
0.047
0.087
0.08
0.086
0.036
0.056
0.137
0.086
0.127
0.123
0.1
0.072
0.121
0.108
0.099
0.106
0.159
0.16
0.106
0.083
0.116
0.059
0.126
0.078
0.057
0.105
0.132
0.096
0.08
0.135
0.111
0.038
0.052
0.07
348.744
0.067
0.104
0.071
0.074
0.098
0.114
0.094
0.236
0.102
0.105
0.056
0.07
0.1
597.816
0.136
0.127
0.133
0.129
1993.592
0.095
0.13
0.089
0.082
0.102
0.113
0.112
0.079
0.095
0.119
0.553
0.118
0.129
0.176
0.076
0.094
0.106
0.11
2189.503
0.14
0.135
0.106
0.071
0.125
0.049
0.096
0.096
0.102
0.151
0.12
0.13
0.103
0.09
0.111
0.117
0.131
0.047
0.115
0.147
0.096
0.115
0.071
0.074
0.104
0.078
0.114
0.097
0.075
0.163
0.139
0.122
0.098
0.103
0.109
0.08
0.111
0.097
0.077
0.114
0.082
0.086
0.095
0.087
0.059
0.143
0.085
0.109
0.053
0.118
0.154
0.117
0.153
0.117
0.11
0.116
0.128
0.1
0.158
0.15
0.081
0.102
0.079
0.106
0.104
0.109
0.121
0.117
0.056
0.086
0.11
0.101
0.093
0.067
0.163
0.121
0.108
0.127
0.118
2511.249
0.1
0.103
0.086
0.115
0.124
0.103
0.055
0.08
0.078
0.048
0.126
0.052
0.108
0.101
0.097
0.125
0.116
0.08
0.098
0.078
0.117
0.114
0.071
0.075
0.153
0.072
0.093
0.144
0.057
0.113
0.101
0.093
0.052
0.115
0.095
0.103
0.104
0.215
0.152
16954.087
0.119
0.094
0.07
0.126
0.115
0.086
0.097
0.159
0.146
0.105
0.103
0.117
0.103
0.292
0.125
0.107
0.114
0.099
0.148
0.115
0.075
0.115
0.074
0.102
0.1
0.096
0.132
0.101
0.074
0.112
0.096
0.056
3363.496
0.04
0.051
0.31
0.115
0.101
0.126
0.1
0.119
0.116
0.112
0.086
0.118
0.1
0.117
0.141
0.119
0.045
0.059
0.134
0.09
0.112
0.068
0.108
0.152
0.093
0.12
0.063
0.117
0.105
0.091
0.12
0.052
0.083
0.097
0.124
0.092
0.083
0.105
0.116
0.105
0.117
0.321
0.136
0.108
0.071
0.113
0.099
0.09
0.139
0.107
0.074
0.087
0.068
2149.278
0.246
0.192
0.116
0.113
0.068
0.105
0.118
0.216
0.126
0.134
0.116
0.136
0.123
0.107
0.115
0.105
0.109
0.111
0.119
0.126
0.123
0.105
0.182
0.149
0.283
0.089
0.113
0.128
0.067
0.121
2026.41
0.122
0.061
0.123
0.091
0.096
0.044
0.177
0.12
0.086
409.358
0.137
0.121
0.09
0.121
0.048
0.131
0.096
0.124
0.092
0.47
0.401
0.076
0.119
0.082
0.122
0.084
0.157
0.056
0.069
0.036
0.093
0.143
0.099
0.083
0.109
0.098
0.08
0.035
0.072
0.143
0.085
0.116
0.083
0.112
0.128
0.069
0.079
0.09
0.061
0.059
0.251
0.119
0.102
0.123
0.113
1044.478
0.139
0.064
0.071
0.077
0.042
0.092
0.07
0.049
0.07
0.074
0.105
0.071
0.116
0.055
0.088
0.082
0.132
0.152
0.047
0.148
0.096
0.049
0.122
0.07
0.072
0.046
0.118
0.059
0.119
0.079
0.042
3995.471
0.055
0.104
0.133
0.14
0.13
0.178
0.11
0.099
0.089
0.106
0.121
0.162
1785.293
3667.703
0.232
0.108
0.061
0.108
0.067
0.088
0.103
0.137
0.185
0.086
0.097
0.052
0.039
0.124
0.107
0.094
0.132
0.069
0.082
0.091
0.095
0.165
0.093
0.039
0.042
0.053
0.044
0.034
0.049
0.123
0.082
0.062
0.081
0.082
0.118
0.07
0.082
0.06
0.123
0.052
0.111
0.047
0.107
0.07
0.047
0.093
0.033
0.053
0.032
840.739
0.164
0.059
0.073
0.096
0.179
0.052
1994.591
0.113
0.072
0.102
0.107
0.119
0.069
0.127
0.104
1127.358
0.115
0.058
0.142
0.062
0.072
0.115
0.181
0.088
0.117
0.171
0.123
0.062
0.12
0.177
0.13
0.052
0.029
0.082
0.059
0.089
0.074
0.059
0.051
0.129
0.107
0.112
0.114
0.144
0.092
0.153
0.067
0.093
0.34
0.156
0.227
101.76
0.125
0.143
0.095
0.106
0.082
0.066
0.081
0.096
0.136
0.076
0.118
0.094
0.051
0.05
0.369
0.08
0.098
0.111
0.071
0.113
0.123
0.131
0.172
0.153
0.124
0.109
0.114
0.098
0.107
0.108
0.142
0.119
0.136
0.148
0.148
0.095
0.137
0.075
0.123
0.121
0.107
0.067
0.121
0.07
2170.95
0.178
0.146
0.117
0.089
0.114
0.046
0.045
0.098
0.11
0.044
0.127
0.071
0.042
0.092
0.111
0.152
0.09
0.112
0.092
0.094
0.074
0.087
0.107
0.045
0.085
0.067
0.092
0.095
0.037
0.027
0.11
0.1
0.078
0.091
0.107
0.088
0.104
0.087
0.092
0.101
0.068
0.139
0.106
0.083
0.112
0.069
0.092
0.105
0.102
0.089
0.089
0.093
0.103
0.114
0.091
0.045
0.034
0.073
0.055
0.113
0.11
0.109
0.079
0.064
0.047
0.055
0.059
0.101
0.072
0.063
0.069
0.088
0.108
0.045
0.093
0.083
0.072
0.108
0.109
0.09
0.088
0.096
0.083
0.091
0.065
0.094
0.063
1176.09
0.091
0.039
0.096
0.028
0.083
0.105
0.18
0.122
0.153
0.03
0.135
0.121
0.145
0.042
0.029
0.106
0.108
0.108
0.133
0.334
0.127
0.082
0.164
0.087
0.091
0.165
0.072
0.083
0.122
0.094
0.141
0.078
0.118
0.038
0.079
0.101
851.179
0.124
0.103
0.09
0.108
0.101
0.112
0.109
0.086
0.095
0.104
0.122
0.07
0.094
0.091
0.086
0.104
0.162
0.1
0.145
0.088
0.09
0.092
0.243
0.088
0.11
0.116
0.063
0.094
0.097
0.038
0.1
0.069
0.124
0.093
0.072
0.085
0.09
0.047
0.113
0.102
0.104
0.098
0.104
0.113
0.122
0.076
0.042
0.089
0.056
0.077
0.043
0.093
0.092
0.164
0.076
0.095
0.043
0.05
0.064
0.067
0.063
0.102
0.088
0.037
0.1
0.074
0.049
0.073
0.069
0.121
0.116
0.053
0.096
0.133
0.107
0.104
0.092
0.078
0.064
0.133
0.074
0.044
0.065
0.096
0.069
0.113
0.117
0.108
0.147
0.089
0.089
0.12
0.141
0.106
0.107
0.09
0.119
0.1
0.112
0.091
0.119
0.436
0.255
0.108
0.129
0.091
0.1
0.089
0.105
0.131
0.165
0.108
0.218
0.029
0.113
0.097
0.144
0.12
0.205
0.067
0.1
0.086
0.059
0.05
0.062
0.051
0.101
0.041
0.084
0.04
0.048
0.084
0.094
0.089
0.094
0.132
0.097
0.104
0.098
0.094
0.114
0.075
0.114
0.108
0.095
0.092
0.105
0.072
0.086
0.049
0.071
0.097
0.06
0.073
0.061
0.104
0.121
0.14
0.089
0.095
0.075
0.104
0.098
0.11
0.083
0.081
0.106
0.063
0.056
0.053
0.042
0.069
0.089
0.119
0.124
0.123
0.068
0.056
0.073
0.094
0.068
0.095
0.097
0.067
0.066
0.108
0.068
0.063
0.091
0.11
0.112
0.071
0.098
0.096
0.098
0.093
0.082
0.121
0.172
0.063
0.061
0.091
0.084
0.076
0.047
0.048
0.052
0.143
0.167
0.141
0.06
0.104
0.11
0.075
0.111
731.68
0.095
0.055
0.089
0.159
0.075
0.069
3582.335
0.033
0.064
0.057
0.074
0.073
0.065
0.071
0.069
0.078
0.078
0.077
0.062
1882.265
0.103
0.094
1043.883
0.078
0.089
0.101
0.054
0.044
0.039
0.09
0.078
0.101
0.076
0.08
0.073
0.055
0.09
0.089
0.05
0.123
0.089
0.087
0.086
0.057
0.062
0.078
0.092
0.118
0.058
0.099
0.079
0.076
0.113
0.111
0.098
0.05
0.19
0.131
0.09
0.089
0.088
0.078
0.096
0.081
0.08
0.043
0.064
0.088
0.075
0.098
0.076
0.048
0.073
0.053
0.054
0.085
0.092
0.112
0.104
0.044
0.053
0.085
0.08
0.043
0.039
0.036
0.079
0.104
0.077
3109.202
0.078
0.089
1673.902
0.143
0.086
0.094
0.058
0.089
0.095
0.094
0.13
0.087
0.056
0.097
0.051
0.116
0.112
643.938
0.085
0.108
0.038
0.084
0.22
0.082
0.081
0.077
0.038
0.04
0.064
0.088
0.077
0.073
0.06
0.053
0.136
0.195
0.118
0.092
0.079
0.183
0.139
0.103
0.084
0.079
0.069
0.104
0.085
0.125
0.085
0.091
0.053
0.083
1579.304
0.062
0.079
0.085
0.085
0.117
0.083
0.095
0.08
0.081
0.097
0.139
0.075
0.043
0.09
0.068
0.079
0.081
0.049
0.096
0.095
0.097
0.098
0.088
0.042
0.048
0.076
0.08
0.097
0.084
0.077
0.081
0.085
0.112
0.074
0.069
0.059
0.085
0.041
1610.833
0.072
0.102
0.094
0.089
0.091
0.073
0.083
0.081
0.078
0.074
0.083
0.084
0.076
0.076
0.077
0.088
0.084
0.076
0.093
1637.153
0.075
0.106
0.081
0.097
0.064
0.056
0.096
0.105
0.106
0.21
0.142
0.105
0.096
0.073
0.091
0.104
0.083
0.062
0.125
0.096
0.081
1127.134
0.084
0.096
0.091
0.08
0.096
0.084
0.085
0.081
0.149
0.085
0.088
0.036
0.04
0.08
0.107
0.132
0.08
0.056
0.08
0.049
0.056
0.042
0.085
0.079
0.166
0.125
0.114
0.055
0.072
0.082
0.082
0.074
0.051
0.097
0.084
0.128
0.027
0.088
0.054
0.081
0.094
0.207
0.099
0.085
0.058
0.163
0.052
0.098
0.082
0.086
0.105
0.092
0.098
0.082
0.069
0.103
0.092
0.098
0.11
0.088
0.077
0.096
0.081
0.099
0.1
0.105
0.098
0.127
0.117
0.066
0.069
0.042
0.071
0.046
0.102
0.105
0.081
0.101
0.059
0.062
296.712
0.081
0.085
0.039
0.093
0.091
0.113
0.102
0.106
0.078
0.066
0.077
0.071
0.085
0.052
0.091
0.082
0.099
0.147
0.049
0.06
0.087
0.076
0.097
0.074
0.063
0.078
0.063
0.078
0.093
0.088
0.118
0.037
0.081
0.08
0.091
0.1
100.853
0.059
0.081
0.081
0.087
0.069
0.066
0.099
0.074
0.103
0.09
0.094
0.063
0.039
0.166
0.175
0.11
0.116
0.084
0.128
0.086
0.101
0.096
0.078
0.096
0.086
0.087
0.08
0.096
0.134
0.188
0.101
0.08
0.292
0.051
0.097
0.171
0.08
0.074
0.092
0.106
0.111
0.079
0.09
0.075
0.081
0.084
0.118
0.316
0.075
0.097
0.078
0.124
0.086
0.109
0.133
0.1
0.09
0.09
0.253
0.083
0.103
0.085
0.091
0.08
0.103
0.057
0.07
0.038
0.076
0.084
0.062
0.092
0.098
0.077
0.091
0.167
0.076
0.074
0.077
0.073
0.081
0.089
0.106
0.103
0.158
0.111
0.036
0.075
0.092
0.075
0.081
0.09
0.104
0.082
0.099
0.073
0.087
0.081
0.238
0.341
0.095
0.093
0.113
0.201
0.113
0.082
0.043
0.105
0.033
0.04
0.048
0.093
0.171
0.093
0.036
0.081
0.082
0.058
0.091
0.085
0.079
0.086
0.1
0.045
0.084
0.092
0.081
0.096
0.08
0.105
0.085
0.09
0.044
0.108
0.113
0.081
0.1
0.086
0.231
0.11
0.085
0.079
0.08
0.11
0.055
0.079
0.102
0.095
0.091
0.108
0.111
0.1
0.134
0.078
0.112
0.144
0.085
0.075
0.144
0.058
0.089
0.206
0.108
0.082
0.08
0.086
0.036
0.112
0.083
0.087
0.084
0.148
0.161
0.151
0.087
0.079
0.076
0.061
0.127
0.099
0.185
0.086
0.089
0.039
0.207
0.061
0.038
0.025
0.097
0.051
0.082
0.041
0.054
0.048
0.049
0.093
0.088
0.093
0.099
0.088
0.134
0.091
0.074
0.054
0.074
0.065
0.031
0.099
0.117
0.074
0.044
0.13
0.196
0.15
0.102
0.062
0.143
0.11
0.102
0.048
0.067
0.058
0.038
0.06
0.082
0.14
0.074
0.059
0.079
0.075
0.186
0.11
0.178
0.053
0.107
0.083
0.04
0.081
0.125
0.1
0.124
0.073
0.039
0.085
0.086
0.051
0.12
0.082
0.11
0.052
0.096
0.095
0.332
0.174
0.083
0.108
0.077
0.09
0.085
0.05
0.171
0.11
0.105
0.086
0.099
0.076
0.089
0.078
0.083
0.104
0.14
0.096
0.078
0.037
0.084
0.125
0.081
0.091
0.149
0.111
0.129
0.075
0.052
0.093
0.078
0.086
0.08
0.072
0.075
0.099
0.101
0.078
0.098
0.084
0.08
0.133
0.253
0.107
0.126
0.078
0.122
0.088
0.1
0.111
0.116
0.087
0.085
0.109
0.105
0.057
0.159
0.061
0.101
0.067
0.089
0.063
0.06
0.047
0.081
0.04
0.058
0.075
0.099
0.151
0.069
0.099
0.058
0.082
0.098
0.069
0.082
0.06
0.09
0.112
0.115
0.094
0.089
0.057
0.082
0.084
0.104
0.095
0.071
0.107
0.062
0.075
0.09
0.259
0.092
0.047
0.138
0.075
0.034
0.059
0.059
0.083
0.085
0.08
0.077
0.159
0.061
0.068
0.04
0.084
0.103
0.102
0.087
0.064
0.122
0.14
0.085
0.125
0.078
0.086
0.078
0.084
0.037
0.137
0.209
0.094
0.099
0.089
0.081
0.024
0.104
0.126
0.059
0.086
0.084
0.112
0.078
0.079
0.039
0.163
0.112
0.084
0.096
0.08
0.101
0.082
0.213
0.151
0.09
0.049
0.041
0.075
0.086
0.098
0.193
0.09
0.115
0.038
0.086
0.086
0.215
0.093
0.075
0.058
0.105
0.096
0.056
0.078
0.054
0.089
0.098
0.072
0.074
0.055
0.039
0.048
0.1
0.061
0.039
0.059
0.047
0.055
0.072
0.092
0.084
0.092
0.081
0.088
0.068
0.076
0.051
0.081
0.104
0.055
1070.735
0.079
0.045
0.044
0.086
0.091
0.084
0.047
0.089
0.104
0.044
0.09
0.082
0.091
0.089
0.078
0.081
0.089
0.084
0.087
0.08
0.083
0.076
0.037
0.087
0.175
0.1
0.041
0.075
0.085
0.126
0.092
0.084
0.075
0.105
0.075
2110.087
0.082
0.084
0.086
0.086
0.084
0.061
0.088
0.041
0.078
0.099
0.077
0.098
0.058
0.087
0.088
0.19
0.128
0.083
0.082
0.075
0.041
0.036
0.084
0.092
0.078
0.096
0.079
0.09
0.077
0.09
0.092
0.08
0.092
0.081
0.078
0.091
0.103
0.075
0.075
0.083
0.078
0.059
0.081
0.089
0.079
0.104
0.077
0.086
50.358
0.046
0.113
0.108
50.292
0.049
0.073
0.064
0.085
0.092
0.077
0.138
0.087
0.103
0.081
0.106
0.052
0.079
0.081
0.082
0.102
0.093
0.085
0.119
0.151
0.169
0.078
0.121
0.081
0.104
0.084
0.077
0.1
0.17
0.09
0.081
0.077
0.089
0.104
0.084
0.079
0.118
0.158
0.058
0.078
0.035
0.092
0.08
0.086
0.074
0.084
0.124
0.117
0.083
0.108
0.111
0.102
0.067
0.107
0.055
0.099
0.097
0.038
0.067
0.076
0.09
0.081
0.095
0.08
0.081
0.08
0.095
0.092
0.093
0.081
0.075
0.101
0.054
0.09
0.067
0.161
0.111
0.08
0.07
0.074
0.119
0.088
0.083
0.084
0.092
0.083
0.059
0.07
0.071
0.029
0.1
0.086
0.058
0.081
0.086
0.104
0.074
0.089
0.071
0.073
0.078
0.06
0.114
0.104
0.065
0.063
0.061
0.117
0.085
0.088
0.097
0.123
0.075
0.084
0.077
0.083
0.097
0.074
0.074
0.097
0.073
0.07
0.036
0.082
0.043
0.074
0.074
0.079
0.072
0.074
0.109
0.045
0.058
0.092
0.063
0.049
0.084
0.029
0.094
620.456
0.061
0.098
0.08
0.084
0.081
0.076
0.077
0.027
0.084
0.087
0.09
0.167
0.079
0.049
0.047
0.209
0.191
0.136
0.101
0.094
0.114
0.079
0.072
0.104
0.098
0.072
0.07
0.09
0.079
0.078
0.071
0.078
0.078
0.08
0.07
0.096
0.084
0.08
0.08
0.118
0.075
0.209
0.139
0.068
0.082
0.109
0.078
0.078
0.113
0.104
0.072
312.033
0.082
0.106
0.106
0.111
0.078
0.084
0.101
0.095
0.079
0.032
0.082
0.064
0.053
0.109
0.084
0.074
0.048
0.038
0.095
0.101
0.089
0.101
0.101
0.093
0.087
0.052
0.079
0.105
0.078
0.104
0.083
0.05
0.088
0.107
0.076
0.115
0.051
0.068
0.071
0.072
0.109
0.061
0.105
0.083
0.116
0.041
0.08
0.062
0.092
0.091
0.1
0.088
0.078
0.039
0.04
0.131
0.086
0.089
0.096
0.083
0.104
0.045
0.099
0.082
0.059
0.117
0.093
0.086
0.099
0.081
0.036
0.055
0.08
0.075
0.074
0.093
0.113
0.098
0.074
0.091
0.088
0.161
0.122
0.092
0.085
0.095
0.075
0.067
0.082
0.091
0.084
0.087
0.085
0.075
0.159
0.076
0.08
0.041
0.102
0.093
0.083
0.099
0.083
0.08
0.083
0.076
0.101
0.082
0.141
0.086
0.082
0.072
0.081
0.081
0.075
0.076
0.122
0.079
0.085
0.11
0.058
0.098
0.096
0.101
0.041
0.081
0.077
0.128
0.083
0.075
0.096
0.089
0.083
0.072
0.073
0.086
0.099
0.099
0.082
0.053
0.081
0.084
0.073
0.034
0.071
0.073
0.076
0.081
0.077
0.139
0.103
0.03
0.104
0.085
0.116
0.079
0.109
0.087
0.082
0.089
0.077
0.087
0.097
0.082
0.08
0.072
0.089
0.096
0.093
0.098
0.118
0.081
0.083
0.073
0.092
0.053
0.08
0.097
0.087
0.189
0.1
0.087
0.042
0.075
0.075
0.166
0.076
0.118
0.091
0.076
0.048
0.099
0.07
0.079
0.081
0.072
0.088
0.109
0.091
0.108
0.076
0.099
0.059
0.045
0.11
0.095
0.104
0.034
0.034
0.038
0.071
643.624
0.076
0.078
0.075
0.087
0.069
0.109
0.09
0.048
0.102
0.084
0.078
0.082
0.103
0.105
0.087
0.081
0.096
0.085
0.069
0.098
0.073
0.091
0.058
0.072
0.093
0.078
0.091
0.096
0.098
0.043
0.055
0.079
0.052
0.085
0.086
0.029
0.094
0.065
0.096
0.1
0.031
0.114
0.073
0.117
0.092
0.101
0.057
0.078
0.068
0.026
0.104
0.026
0.089
0.098
0.104
0.049
0.041
0.078
0.079
0.08
0.08
0.074
0.074
0.069
0.064
0.038
0.032
0.046
0.106
0.077
0.061
0.079
0.028
0.039
0.08
0.076
0.027
0.118
0.07
0.072
0.056
0.066
0.094
0.094
0.083
0.126
660.867
0.058
0.092
0.076
0.131
0.094
0.089
0.092
0.084
0.093
0.092
0.077
0.106
0.057
0.077
0.041
0.089
0.142
0.098
0.067
0.074
0.113
0.076
0.086
0.104
0.045
0.087
0.097
0.12
0.094
0.097
0.086
0.075
0.08
0.085
0.098
0.081
0.051
0.059
0.054
0.085
0.093
0.08
0.066
0.126
0.081
0.082
0.105
0.097
0.093
0.09
0.093
0.09
0.041
0.081
0.095
0.094
0.078
0.092
0.078
0.098
0.081
0.072
0.137
0.067
0.091
0.087
0.062
0.052
0.065
0.039
0.076
0.089
0.084
0.071
0.079
0.082
0.122
0.104
0.113
0.103
0.074
0.087
0.105
0.082
0.068
0.082
0.064
0.065
0.103
0.051
0.101
0.074
0.085
0.1
0.084
0.076
0.074
0.074
0.088
0.071
0.084
0.103
0.081
0.033
0.091
0.115
0.062
0.106
0.074
0.09
0.083
0.115
0.084
0.087
0.09
0.08
0.079
0.051
0.085
0.13
0.086
0.079
0.089
0.084
0.068
0.088
0.077
0.094
0.083
0.054
0.089
0.083
0.1
0.077
0.116
0.086
0.091
0.088
0.08
0.082
0.106
0.075
0.081
0.085
0.104
0.13
0.059
0.082
0.097
0.103
0.122
0.159
0.075
0.076
0.085
0.094
0.101
0.079
0.115
0.034
0.098
0.088
0.097
0.074
0.032
0.075
0.08
0.118
0.109
0.059
0.082
0.076
0.105
0.152
0.046
0.089
0.073
0.081
0.095
0.078
0.081
0.048
0.106
0.081
0.096
0.109
0.059
0.084
0.223
0.089
0.077
0.084
0.085
0.034
0.053
0.11
0.12
0.106
0.079
0.07
0.048
0.111
0.06
0.073
0.064
0.044
0.075
0.034
0.039
0.096
0.093
0.078
0.096
0.134
0.074
0.053
0.076
0.11
0.068
0.096
0.078
0.13
0.073
0.058
0.057
1694.603
0.084
0.095
0.101
0.074
0.093
0.085
0.099
0.079
0.083
0.09
0.079
0.093
0.075
0.102
0.069
0.059
0.084
0.054
0.061
0.068
0.087
0.085
0.112
0.099
0.083
0.093
0.077
0.042
0.106
0.077
0.086
0.075
0.059
0.061
0.066
0.169
0.071
0.088
0.049
0.074
0.089
0.046
0.045
0.033
0.068
0.069
0.081
0.048
0.08
0.07
0.1
0.083
0.076
0.073
0.074
0.085
0.084
0.08
0.09
0.081
1101.167
0.08
0.098
0.055
0.069
0.073
0.094
0.089
0.077
0.095
0.101
0.113
0.131
0.08
0.086
0.075
0.07
0.053
0.114
0.045
0.034
0.095
0.165
0.089
0.044
0.085
0.095
0.066
0.099
0.078
0.094
0.081
0.073
0.091
0.071
0.075
0.072
0.088
0.059
0.051
0.108
0.093
0.078
0.086
0.072
0.076
0.06
0.102
0.078
0.082
0.094
0.053
0.062
0.078
0.054
0.067
0.096
0.108
0.053
0.032
0.08
0.068
0.063
0.085
0.038
0.031
0.091
0.075
0.108
0.033
0.039
0.05
0.099
0.032
0.127
0.061
0.071
0.117
2.006
0.093
0.064
0.088
0.054
0.406
0.065
0.136
0.063
0.054
0.058
0.076
0.809
0.104
0.061
0.081
0.505
1556.975
2.27
0.194
0.573
0.146
0.102
0.134
0.122
0.054
0.068
0.107
0.13
0.145
0.068
0.107
0.118
0.089
0.035
0.148
0.072
0.094
0.106
0.06
0.092
0.284
0.061
0.062
0.122
0.084
2841.978
2115.198
0.109
0.082
0.072
0.079
0.099
0.099
0.065
0.062
0.114
0.089
0.094
0.078
0.421
0.103
0.103
0.125
4065.655
0.054
0.087
0.067
0.123
0.083
0.13
0.076
0.089
4248.995
4519.433
0.323
0.105
0.092
0.307
7065.697
0.087
0.036
0.08
0.06
0.327
0.111
4393.444
0.044
0.076
0.115
0.085
0.082
0.089
0.072
0.052
0.086
0.079
0.102
0.099
0.083
0.073
0.073
0.075
0.029
0.07
0.116
0.106
8708.414
0.083
0.062
0.049
0.063
6691.928
0.083
0.248
0.103
0.082
0.058
0.068
0.093
0.049
0.116
0.12
0.158
0.08
0.076
0.106
0.127
0.115
0.122
0.08
0.057
0.305
0.107
0.379
0.055
0.119
0.093
0.071
0.051
0.092
0.091
0.12
0.08
9266.431
0.076
0.376
0.073
9640.54
0.083
0.128
0.109
0.204
0.075
0.115
11945.639
0.081
0.17
0.087
0.039
0.074
0.074
0.067
0.087
0.103
0.099
0.304
0.072
0.107
0.083
0.055
0.062
0.089
0.062
0.069
0.057
0.077
0.059
0.101
0.084
0.123
12245.463
0.075
0.069
0.079
0.324
0.079
0.069
0.069
12482.647
12006.634
0.107
0.055
0.064
0.063
0.076
0.059
0.357
0.056
0.087
0.037
0.073
0.033
0.058
0.061
0.03
0.024
0.04
0.081
0.077
1110.685
1504.725
1454.291
2056.094
2156.477
2318.511
0.056
2320.244
0.079
1209.159
200.689
0.09
0.139
0.039
0.115
0.075
0.158
0.049
0.107
0.371
0.101
200.919
0.166
0.057
150.699
445.273
0.209
0.101
0.066
0.084
0.301
0.078
0.075
0.159
0.124
0.378
0.05
0.134
0.11
0.096
0.11
0.101
0.191
0.29
0.074
0.091
0.044
0.082
0.04
2618.288
0.104
0.433
0.054
0.072
0.059
0.066
0.087
0.026
0.34
0.078
0.057
0.092
0.084
0.091
0.071
0.105
0.127
0.301
0.053
0.097
0.075
0.048
0.048
0.106
0.034
0.041
0.032
0.179
0.104
0.034
0.079
0.047
0.096
0.245
0.192
0.077
0.074
0.075
0.04
0.032
0.079
0.073
0.072
0.04
0.058
0.089
0.111
0.038
0.065
0.045
340.587
0.043
0.058
0.085
0.062
0.064
0.092
0.069
0.09
0.066
0.135
0.192
0.077
0.069
0.061
0.092
0.082
0.046
0.028
0.353
0.065
50.207
103.602
0.144
0.079
0.045
0.1
0.383
0.084
0.1
0.066
0.063
0.079
0.085
0.081
0.386
0.115
0.083
0.056
0.117
0.117
0.12
0.058
0.192
3578.009
0.125
0.054
0.384
0.152
0.085
0.082
0.056
0.057
0.144
0.055
0.101
0.097
0.604
0.112
0.103
0.095
0.088
0.092
0.126
0.058
0.128
0.223
0.039
0.095
0.108
0.108
0.149
0.066
0.149
0.105
0.098
0.08
0.125
0.11
0.101
0.062
0.062
0.154
0.055
0.125
0.107
0.094
0.703
0.089
0.128
0.068
0.097
0.108
0.058
0.071
0.047
0.061
0.085
0.066
0.044
0.048
0.08
0.04
0.072
0.076
0.075
0.04
0.169
0.036
0.088
0.057
0.486
0.109
0.162
0.083
0.097
0.086
0.077
0.071
0.084
0.052
0.081
0.084
0.11
0.031
0.107
0.06
0.106
0.06
0.082
0.112
0.094
0.123
0.093
0.051
0.066
0.093
0.171
0.137
0.08
0.146
0.078
0.067
0.112
0.058
0.092
0.047
0.087
0.134
0.107
0.147
0.045
0.095
0.462
0.135
0.096
0.121
0.114
0.526
0.126
0.052
0.054
0.102
0.124
0.037
51.319
262.877
0.064
0.102
0.522
0.091
0.117
0.216
0.098
0.146
0.085
0.077
0.059
0.066
0.03
0.06
0.125
0.095
0.079
0.071
0.079
0.077
0.143
0.086
0.44
0.054
0.064
0.114
0.21
0.115
0.158
0.411
0.36
0.12
273.721
0.073
0.1
0.043
0.088
0.079
0.099
0.043
0.167
0.065
0.058
0.055
0.05
0.135
0.038
0.042
0.094
0.074
0.08
0.076
0.076
0.067
0.051
0.042
0.445
0.085
0.087
0.114
0.081
0.045
0.049
0.079
0.134
0.149
0.079
0.073
0.034
0.128
0.078
0.039
0.105
0.103
0.056
0.05
0.093
0.088
0.071
0.419
0.087
0.046
0.086
0.08
0.131
0.16
0.253
0.104
0.104
0.45
0.443
0.066
0.514
0.087
0.097
0.035
0.07
0.142
0.085
0.12
0.068
0.192
0.109
0.072
0.065
0.1
0.111
0.048
0.139
0.048
0.129
0.087
0.085
0.088
0.447
0.064
0.098
0.07
0.061
0.837
0.122
0.109
0.115
0.057
0.083
0.149
0.546
0.128
0.103
0.089
1.849
0.293
0.121
0.068
0.188
0.054
0.061
0.045
0.097
0.048
0.062
0.146
0.063
0.107
0.115
0.24
0.453
0.052
0.107
0.179
0.042
0.083
0.051
0.067
0.078
0.114
0.158
0.072
0.055
0.056
0.081
1003.818
0.101
0.136
0.079
0.065
0.05
0.106
0.047
0.104
0.102
0.127
0.116
0.046
0.135
0.059
0.089
0.121
0.099
0.076
0.066
0.103
0.04
0.056
0.629
2152.596
0.061
0.059
0.068
0.052
0.111
0.074
0.105
0.42
0.028
0.123
0.073
0.144
0.028
0.071
0.072
0.163
0.133
0.081
0.096
0.61
0.047
0.068
0.075
1321.757
0.072
0.071
150.951
0.042
0.024
204.62
0.082
401.64
453.937
0.083
0.091
1314.434
0.047
0.447
803.252
0.058
50.237
0.068
0.088
0.32
0.058
0.092
0.076
0.053
0.054
0.053
0.043
0.063
0.049
0.091
0.095
0.059
2238.255
0.036
0.035
0.093
0.048
0.085
0.045
0.373
0.058
0.042
0.091
0.073
0.049
0.068
0.083
0.062
0.052
0.055
51.321
0.025
0.034
0.044
102.708
152.61
200.798
0.064
0.037
0.038
0.064
0.058
0.054
0.045
0.063
0.055
0.081
0.079
0.05
2759.32
0.041
0.067
0.046
0.085
0.034
0.074
0.057
0.041
0.399
0.062
0.035
0.079
0.037
0.069
250.704
0.077
0.039
0.055
0.049
0.051
0.04
0.041
0.056
50.238
0.055
0.044
0.121
0.074
0.046
200.848
0.043
0.058
0.056
0.458
0.087
0.042
0.06
0.652
0.026
100.394
0.046
0.088
0.08
0.1
0.607
0.073
0.049
0.101
0.206
0.039
0.441
50.616
0.065
0.032
0.061
0.025
0.43
0.027
0.492
0.094
0.037
0.051
0.074
0.045
0.04
0.076
0.417
0.088
0.085
0.088
0.06
0.055
0.045
0.04
0.083
0.055
0.095
0.052
0.064
0.083
0.085
0.09
0.119
0.046
0.028
0.063
0.072
0.13
0.09
0.089
0.07
0.065
0.043
0.088
0.07
50.209
0.038
0.422
0.048
0.046
0.044
0.056
0.053
0.054
0.097
0.071
0.056
740.644
715.85
0.049
0.073
0.233
0.111
0.026
0.047
4259.142
0.619
0.102
0.093
0.066
0.052
0.098
0.042
0.028
0.026
0.055
0.136
0.097
0.078
0.12
0.061
0.107
0.354
0.083
0.111
0.055
0.05
0.042
0.056
0.048
0.034
0.192
50.396
0.839
0.071
0.056
0.054
0.095
0.03
0.14
0.075
0.123
0.074
0.072
0.054
0.066
0.092
0.091
654.708
0.04
0.074
0.076
0.582
0.143
0.048
0.086
0.061
0.095
0.084
0.119
0.039
0.107
0.05
0.042
0.099
0.06
0.069
0.086
0.106
0.078
0.073
0.109
0.043
0.343
0.063
0.039
0.105
0.113
0.169
0.111
0.048
0.118
0.084
0.078
0.083
0.24
0.103
0.087
0.068
0.057
0.114
0.055
0.06
0.091
0.087
0.085
0.056
0.081
0.083
0.087
0.045
0.064
0.509
0.087
0.129
0.058
0.123
0.096
0.144
0.08
0.048
0.086
0.031
0.088
0.096
0.062
0.117
0.092
0.032
0.101
0.086
0.106
0.055
0.132
0.077
0.039
0.08
0.049
0.12
0.106
0.179
0.045
0.034
0.097
0.063
0.233
0.079
0.093
0.083
0.092
0.175
0.275
0.102
0.099
0.06
0.088
0.049
0.121
0.057
0.092
0.247
0.071
0.216
0.16
0.074
0.097
0.075
0.081
0.161
0.114
0.054
0.087
0.06
0.077
0.045
0.062
0.192
0.12
0.094
0.056
0.093
0.114
0.153
0.032
0.041
0.083
0.083
0.071
0.105
0.095
0.104
0.043
0.082
0.055
0.092
0.089
0.129
0.066
0.122
0.158
0.097
0.097
0.086
0.128
0.049
0.127
0.062
0.102
0.07
0.098
0.046
0.085
0.129
0.106
0.097
0.103
0.132
0.156
0.235
0.115
0.129
0.096
0.063
0.099
0.088
0.1
0.068
0.113
0.16
0.112
0.116
0.098
0.1
0.381
0.096
0.14
0.144
0.203
0.123
0.088
0.083
0.096
0.098
0.128
0.128
0.165
0.103
0.106
0.082
0.047
0.051
0.071
0.084
0.037
0.118
0.09
0.112
0.138
0.156
0.048
0.107
0.102
0.081
0.118
0.413
0.12
0.078
0.252
0.275
0.168
0.087
0.075
0.835
0.127
0.102
0.183
0.089
0.056
0.108
0.047
0.061
0.096
0.121
0.062
0.07
0.047
0.085
0.058
0.094
0.074
0.08
0.071
0.03
0.454
0.082
0.067
0.456
0.048
0.35
0.028
0.09
0.1
0.116
1636.51
0.08
0.121
0.085
0.085
0.082
0.064
0.074
0.069
0.087
0.1
0.052
0.212
0.109
0.311
0.112
0.071
0.03
0.037
0.098
0.07
0.088
0.102
0.079
0.096
0.112
0.126
0.067
0.084
0.064
0.041
0.09
0.097
0.073
0.056
0.072
0.094
0.09
0.245
0.06
0.551
0.372
0.027
0.092
0.623
0.085
0.042
0.175
0.063
0.09
0.094
0.33
0.061
0.109
0.042
0.081
0.085
0.066
0.03
0.027
0.067
0.087
0.18
0.24
0.077
0.141
0.099
0.084
0.111
0.109
0.069
0.077
0.039
0.079
0.079
0.114
0.08
0.084
0.109
0.091
0.17
0.48
0.053
0.122
0.118
0.037
0.058
0.03
0.114
0.058
0.067
0.107
0.079
0.089
0.083
0.068
0.097
0.036
0.421
0.063
0.254
0.402
0.331
0.031
0.12
0.098
0.089
0.156
101.497
0.058
0.08
331.873
0.052
0.08
0.035
0.248
0.075
0.115
0.084
0.098
0.094
0.047
0.309
0.096
0.148
0.073
0.044
0.38
0.082
0.11
0.07
0.108
0.069
0.106
0.091
0.068
0.349
0.094
0.046
0.268
0.056
0.079
0.076
0.529
0.092
0.044
0.371
0.029
0.061
0.086
0.055
0.095
0.041
0.093
0.097
0.115
0.112
0.083
0.062
0.121
0.44
0.043
0.049
0.101
0.124
0.212
0.102
0.091
0.037
0.12
0.111
0.076
0.069
0.044
0.072
0.078
0.059
0.034
0.108
0.092
0.072
0.065
0.085
0.14
0.548
0.089
0.055
0.066
0.442
0.04
0.089
0.093
0.035
0.064
0.101
0.075
0.41
0.041
0.374
0.156
0.107
0.095
0.088
0.062
0.063
0.115
0.086
0.109
0.088
0.077
0.362
0.162
0.054
0.083
0.067
0.094
0.072
0.08
0.061
0.084
0.548
0.108
0.081
0.098
0.035
0.058
0.051
0.405
2662.173
0.061
0.297
0.061
0.054
0.055
0.047
0.086
0.38
0.089
0.078
0.106
0.075
0.075
0.07
0.391
0.089
0.071
0.032
0.063
0.074
0.048
0.063
0.092
0.086
0.06
0.037
0.087
0.069
0.083
0.075
0.073
0.066
0.045
0.414
0.119
0.238
0.06
0.095
0.073
0.044
0.076
0.094
0.075
0.07
0.099
0.092
0.073
0.048
0.094
0.425
0.073
0.068
0.052
0.065
0.158
0.114
0.071
0.088
0.287
0.1
0.085
0.071
0.071
2175.216
0.068
0.036
0.094
0.047
0.071
0.09
0.135
0.093
0.078
0.096
0.06
0.08
0.493
0.055
0.047
0.054
0.039
0.069
0.061
0.038
0.333
0.292
0.047
0.541
0.062
0.112
0.051
0.075
0.7
0.044
0.057
0.079
921.914
0.078
0.114
0.056
0.059
0.093
0.058
0.039
0.036
0.062
0.098
0.101
0.072
0.055
0.086
0.412
0.071
0.054
0.05
0.043
0.099
0.077
0.049
0.048
0.054
0.057
0.075
0.057
0.072
0.073
0.055
0.123
0.079
0.458
0.082
0.439
0.094
0.088
0.079
0.116
0.056
0.029
0.09
0.089
0.114
0.078
0.06
0.127
0.024
0.133
1299.909
718.441
0.071
0.102
0.099
0.098
0.082
0.055
0.105
0.238
0.048
0.079
0.101
0.331
0.053
0.109
0.466
0.085
0.051
0.13
0.084
0.087
0.056
0.091
0.119
0.099
0.097
0.122
0.097
0.086
0.144
0.079
0.118
0.074
0.048
0.35
0.12
0.11
0.098
0.101
0.075
0.091
0.066
0.082
0.204
0.059
0.23
0.204
0.05
0.1
0.102
0.111
0.098
0.545
0.091
0.101
0.029
0.04
0.037
0.187
0.033
0.487
0.065
0.08
0.098
0.067
0.085
0.06
0.075
0.04
0.716
0.07
0.105
0.113
0.1
0.103
0.089
0.077
0.056
0.144
0.112
0.062
0.096
0.067
0.115
0.063
0.113
0.057
0.124
0.07
0.112
0.132
0.109
0.123
0.133
0.08
0.137
0.064
0.045
0.095
0.075
0.538
0.031
0.034
0.104
0.062
0.068
0.066
0.081
0.095
0.035
0.057
0.065
0.308
0.087
0.086
0.083
0.078
0.095
0.029
0.171
0.096
0.133
0.108
0.107
0.807
0.079
0.184
0.077
0.066
0.06
0.072
0.113
0.058
0.069
0.05
0.513
0.095
0.083
0.137
0.026
0.028
0.104
0.058
0.088
0.092
0.128
0.056
0.107
0.423
0.065
0.075
0.088
0.031
0.064
0.086
0.062
0.058
0.058
0.047
0.058
0.164
0.172
0.062
0.082
0.047
0.077
0.087
0.054
0.049
0.097
0.074
0.12
0.093
0.081
0.073
0.058
0.041
0.084
0.06
0.042
0.073
0.117
0.076
0.06
0.076
0.084
0.05
0.313
0.093
0.104
0.094
0.057
0.052
0.124
0.087
0.106
0.067
0.096
0.051
0.123
0.099
0.079
0.068
0.103
0.11
0.05
0.117
0.351
0.087
0.024
0.072
0.043
0.069
0.041
0.03
0.085
0.034
0.082
0.089
0.077
0.053
0.092
0.084
0.117
0.084
0.036
0.053
0.137
0.1
0.083
0.054
0.025
0.018
0.053
0.039
0.043
0.047
0.056
0.03
0.033
0.061
0.025
0.027
0.051
0.079
0.091
0.078
0.067
0.116
0.081
0.095
0.078
0.536
0.143
0.078
1.885
0.064
0.086
0.062
0.044
0.043
0.15
0.069
0.06
0.049
0.056
1782.19
0.042
0.329
0.084
0.292
0.345
0.178
0.081
0.108
0.059
0.247
0.076
0.127
0.084
0.097
0.209
0.054
0.073
0.081
0.029
0.072
0.083
0.038
0.427
0.206
0.069
0.064
0.077
0.18
0.046
0.084
0.299
0.033
0.094
0.095
0.081
0.103
0.096
0.073
0.066
0.09
0.163
0.114
0.07
0.053
0.049
0.047
0.049
0.028
0.168
0.033
0.075
0.076
0.093
0.094
0.04
0.064
0.056
0.035
0.097
0.076
0.071
0.082
0.759
0.078
0.08
0.074
0.05
0.04
0.222
0.116
0.071
0.072
0.114
0.102
0.064
0.081
0.046
0.082
0.059
0.052
0.059
0.113
0.174
0.073
0.079
0.047
0.118
0.108
0.101
0.144
0.071
0.057
0.085
0.083
0.112
0.093
0.084
0.135
0.264
0.076
0.074
0.104
0.052
0.096
0.075
0.082
0.064
0.138
0.079
0.04
0.084
0.05
0.078
0.085
0.093
0.398
0.058
0.053
0.089
0.09
0.094
0.069
0.084
0.052
0.061
0.057
0.09
0.112
0.087
0.141
0.106
0.093
0.105
0.055
0.077
0.059
0.081
0.068
0.089
0.065
0.079
0.065
0.07
0.048
0.047
0.088
0.03
0.066
0.084
0.088
0.033
0.054
0.051
0.204
0.081
0.077
0.074
0.046
0.043
0.095
0.053
0.069
0.177
0.223
0.215
0.097
0.048
0.09
0.074
0.089
0.065
0.081
0.17
0.057
0.067
0.048
0.43
0.071
0.09
0.089
0.028
0.05
0.708
0.061
0.102
0.086
0.11
0.074
0.165
0.07
0.052
0.101
0.07
0.081
0.054
0.079
0.106
0.359
0.077
0.076
100.769
0.047
0.073
0.057
0.054
0.053
0.077
0.219
0.248
0.082
0.098
0.079
0.043
0.34
0.05
0.024
0.067
0.033
0.043
0.184
0.085
0.066
0.215
0.075
0.053
0.05
0.055
0.062
0.113
0.026
0.081
0.368
0.122
0.361
0.039
0.059
0.059
0.05
0.041
0.042
0.068
0.088
0.05
0.096
0.055
0.094
0.035
0.049
0.069
0.154
0.097
0.059
0.108
0.08
0.072
0.018
0.555
0.057
0.133
0.085
0.073
0.076
0.05
0.136
0.355
0.084
0.145
0.085
0.102
0.102
0.054
0.069
0.074
0.059
0.038
0.092
0.074
0.068
0.064
0.086
5.456
6.27
0.065
0.079
0.224
0.317
0.297
0.107
0.094
0.261
0.023
0.074
0.055
0.119
0.053
3377.245
0.082
0.138
0.088
0.105
0.134
0.177
0.089
0.317
0.066
0.062
0.047
50.363
0.455
0.052
0.081
0.062
0.059
0.05
0.078
0.106
0.072
0.093
0.057
0.068
0.124
0.078
0.053
0.436
0.049
0.119
0.069
0.072
0.098
0.045
0.082
0.048
0.273
0.082
0.079
0.064
0.042
0.489
0.065
0.07
0.022
0.211
0.067
0.076
0.032
0.073
0.109
0.05
0.071
0.032
0.287
0.071
0.045
0.113
0.02
0.043
0.037
0.049
0.065
0.032
0.058
0.032
0.055
0.048
0.036
0.083
0.062
0.089
0.025
0.062
0.042
0.04
0.024
0.044
709.693
0.049
0.071
0.07
0.053
0.08
0.042
0.029
0.066
0.102
0.071
0.051
0.304
0.093
0.308
0.332
0.067
0.064
0.045
0.159
0.03
0.07
0.065
0.028
0.053
0.097
0.064
0.031
0.092
0.374
0.031
0.066
0.062
0.03
0.035
0.044
0.08
0.084
0.122
0.032
0.051
0.045
0.053
0.132
0.045
0.05
0.175
0.085
0.06
0.042
0.059
0.049
0.056
0.069
0.048
0.075
0.065
0.032
0.159
1186.022
0.065
0.077
0.057
0.038
0.117
0.076
0.096
0.033
0.032
0.074
0.037
0.076
0.082
0.061
0.039
0.025
0.233
0.093
0.048
0.049
0.094
0.075
0.076
0.04
0.043
0.081
0.068
0.073
0.077
0.074
0.084
0.083
0.173
0.083
0.042
0.073
0.072
0.076
0.065
0.093
0.047
0.043
0.087
0.079
0.084
0.052
0.054
0.065
0.054
0.133
0.042
0.097
0.07
0.046
0.079
3461.06
0.077
0.062
0.071
0.07
0.077
0.081
0.024
0.074
0.178
0.064
0.09
0.078
0.08
0.094
0.056
0.058
0.07
0.05
0.09
0.058
0.086
0.314
0.086
0.107
0.091
0.059
0.087
0.107
0.062
0.087
0.264
0.079
0.052
0.04
0.52
0.421
0.179
0.169
0.297
0.13
0.282
0.082
0.099
0.082
0.079
0.17
0.16
0.15
0.062
0.106
0.07
0.182
0.1
0.111
0.077
0.033
0.159
0.082
0.098
0.051
0.069
0.104
0.069
0.061
0.147
0.088
0.031
0.04
0.08
0.114
0.183
0.091
0.042
0.076
0.221
0.364
0.098
0.093
0.077
0.065
0.05
0.078
0.044
0.139
0.091
0.054
0.1
0.077
0.037
0.035
0.07
0.074
0.134
0.059
0.053
0.074
0.08
0.1
0.112
0.063
0.072
0.09
0.074
0.122
0.038
0.046
0.245
0.037
0.051
0.069
0.152
0.083
0.592
0.051
0.096
0.098
0.421
0.067
0.356
0.151
0.136
0.077
0.07
0.07
0.075
0.04
0.062
0.063
0.09
0.082
0.44
0.091
0.067
0.07
0.082
0.068
0.046
0.045
0.069
0.087
0.086
0.077
0.051
0.154
0.102
0.075
0.056
0.067
0.088
0.035
0.037
0.079
0.097
0.075
0.08
0.076
0.077
0.054
0.051
0.074
0.051
0.247
0.104
0.112
0.12
0.075
0.064
0.072
0.045
0.045
0.097
0.047
0.111
0.076
0.219
0.042
0.099
0.079
0.217
0.08
0.063
0.053
0.077
0.071
0.058
0.215
0.047
0.029
0.07
0.04
0.098
0.077
0.058
0.088
0.05
0.07
0.113
0.036
0.027
0.045
0.075
0.082
0.042
704.531
0.043
0.061
0.031
0.064
0.047
0.071
0.081
0.083
0.097
0.054
0.116
0.06
0.093
3442.669
0.233
0.201
0.692
0.083
0.063
0.067
0.055
0.098
0.075
0.091
0.095
0.114
0.086
0.11
0.076
0.104
0.065
0.085
0.058
0.036
0.091
0.05
0.051
0.163
0.065
0.058
0.046
0.03
0.041
0.033
0.042
0.061
0.056
0.027
0.024
0.16
0.078
0.037
0.041
0.083
0.065
0.058
0.058
0.082
0.052
0.065
717.739
0.104
0.019
0.066
0.059
0.05
0.078
0.043
0.07
0.099
0.092
0.093
0.049
0.044
0.053
0.03
0.037
1755.31
0.031
0.052
0.092
0.044
0.047
0.072
0.071
0.114
0.08
0.096
0.146
0.06
0.08
0.03
0.062
0.092
0.057
0.044
0.021
0.297
0.053
0.066
0.044
0.217
0.272
0.181
0.066
0.06
0.055
0.057
0.055
0.072
0.068
0.198
0.072
0.118
0.069
0.055
0.079
0.019
0.075
0.024
0.073
0.032
0.057
0.02
0.056
0.083
0.043
0.111
0.051
0.057
0.053
0.045
0.059
0.028
4256.399
0.077
0.038
0.079
0.029
0.055
0.044
0.087
0.06
0.11
0.044
0.083
0.09
0.051
0.076
0.063
0.07
0.09
0.024
0.314
0.063
0.084
1209.011
0.057
0.06
0.077
0.054
0.066
0.049
0.174
0.15
0.074
0.064
0.3
0.087
0.051
0.044
0.08
0.052
0.044
0.06
0.048
0.057
0.044
0.103
0.141
0.109
0.041
0.231
0.084
0.072
0.084
0.067
0.064
0.043
0.06
0.085
0.051
0.058
0.092
0.344
0.04
0.041
0.039
0.063
0.101
0.076
0.113
0.047
0.104
0.075
0.051
0.112
0.116
0.088
0.043
0.256
0.051
0.069
2082.746
0.084
2233.824
0.049
0.076
0.041
0.079
0.052
0.047
0.094
0.072
0.079
0.064
0.088
0.057
0.071
0.079
0.051
0.32
0.042
0.088
0.073
0.049
0.082
0.039
0.055
0.043
0.059
0.041
0.074
0.082
0.088
0.071
0.075
0.062
0.389
0.068
0.074
0.042
0.054
0.119
0.072
1685.007
0.102
0.058
0.067
0.1
0.098
0.243
0.081
0.056
0.094
0.057
0.066
0.08
0.072
0.071
0.15
0.1
0.046
0.307
0.052
0.047
0.06
0.045
0.071
0.073
0.128
0.369
0.296
0.099
0.083
0.058
0.09
0.079
0.06
0.034
0.054
0.074
884.357
0.077
0.109
0.078
0.079
0.041
0.042
0.18
0.162
0.095
0.102
0.354
0.086
0.043
0.052
0.058
0.064
0.038
0.084
0.07
0.059
0.066
0.23
0.075
0.288
0.357
0.142
0.098
0.111
0.07
0.062
0.085
0.406
0.082
0.05
0.039
0.042
0.061
0.067
0.045
0.034
0.093
0.049
0.092
0.051
0.035
0.063
0.085
0.062
0.059
0.085
0.073
0.069
0.06
0.075
0.065
0.048
0.268
0.057
0.042
0.078
0.087
0.089
0.065
0.068
0.057
0.313
0.053
0.082
0.087
0.135
1795.363
0.054
0.075
0.075
0.072
0.428
0.08
0.075
0.075
0.09
0.07
0.096
0.053
0.074
0.115
0.076
0.082
0.063
0.091
0.048
0.057
0.061
0.062
0.073
0.08
0.085
0.067
0.06
0.058
0.084
0.122
0.092
0.117
0.261
0.061
0.075
0.19
0.089
0.087
0.436
0.067
0.05
0.092
0.043
0.047
0.209
0.501
0.163
0.092
0.097
0.108
0.152
0.465
0.127
0.469
0.393
0.088
0.151
0.398
0.376
0.101
0.059
0.094
0.375
0.055
0.06
0.024
0.101
0.089
0.057
0.062
0.07
0.079
0.079
0.062
0.048
0.098
0.06
0.081
0.196
0.055
0.121
0.115
0.36
0.102
0.098
0.089
0.175
0.073
0.093
0.077
0.087
0.128
0.137
0.094
0.088
0.045
0.109
0.114
0.108
0.108
0.078
0.061
0.077
0.153
0.075
0.049
0.074
0.089
0.068
0.082
0.114
0.1
0.079
0.08
0.167
0.036
0.084
0.064
0.081
0.094
0.094
0.117
0.123
0.05
0.08
0.067
0.054
0.112
0.128
0.055
0.029
0.069
0.126
0.054
0.094
0.104
0.038
0.076
0.11
0.089
0.079
0.046
0.05
0.127
0.029
0.093
0.034
0.065
0.078
0.119
0.059
0.19
0.118
0.12
0.045
0.109
0.129
0.097
0.046
0.051
0.035
0.084
0.052
0.076
0.094
0.12
0.063
0.071
0.092
0.075
0.106
0.073
0.132
0.07
0.088
0.077
0.088
0.088
0.083
0.09
0.053
0.065
0.085
0.079
0.087
0.029
0.052
0.078
0.038
0.071
0.094
0.083
0.077
0.088
0.136
0.101
0.1
0.178
0.165
0.212
0.073
0.131
0.064
0.058
0.149
0.086
0.091
0.105
0.109
0.154
0.105
0.223
0.227
0.08
0.064
0.084
0.065
0.102
0.061
0.047
0.1
0.1
0.064
0.116
0.062
0.053
0.089
0.057
0.08
0.073
0.079
0.038
0.121
0.092
0.058
0.07
0.087
0.067
0.065
0.07
0.047
0.083
0.327
0.456
0.044
0.086
0.077
0.092
0.086
0.07
0.316
0.084
0.055
0.066
0.085
0.099
0.088
0.091
0.091
0.074
0.094
0.103
0.12
0.147
0.076
0.053
0.084
0.073
0.098
0.095
0.152
0.116
0.1
0.091
0.052
0.107
0.235
0.071
0.043
0.039
0.077
0.036
0.126
0.058
0.134
0.103
0.095
0.19
0.07
0.07
0.068
0.08
0.05
0.092
0.053
0.171
0.062
0.292
0.057
0.079
0.065
0.087
0.053
0.058
0.073
0.093
0.077
0.043
0.089
0.049
0.187
0.196
0.095
0.068
0.104
0.071
0.072
0.194
0.08
0.105
0.034
0.04
0.071
0.052
0.086
0.072
0.04
0.052
0.081
0.04
0.125
0.095
0.064
0.1
0.108
0.141
0.058
0.068
0.307
1.045
0.086
0.207
0.097
0.203
0.108
0.094
0.056
0.072
0.078
0.044
0.118
0.054
0.145
0.295
0.07
0.095
0.106
0.101
0.064
0.078
0.497
0.073
0.038
0.081
0.071
0.044
0.054
0.101
0.046
0.091
0.358
0.037
0.081
0.05
0.032
0.093
0.05
0.21
0.083
0.088
0.091
0.09
0.078
0.27
0.147
0.321
0.065
0.086
0.036
0.091
0.071
0.043
0.125
0.091
0.092
0.062
0.069
0.112
0.067
0.122
0.103
0.025
0.057
0.036
0.044
0.07
0.066
0.052
0.202
0.047
0.047
0.083
0.097
0.044
0.143
0.063
0.078
0.092
0.053
0.101
0.096
0.113
0.08
0.104
0.076
0.039
0.085
0.028
0.061
0.12
0.092
0.017
0.078
0.115
0.077
0.064
0.045
0.059
0.057
0.039
0.075
0.065
0.07
0.049
0.046
0.047
0.079
0.059
0.07
0.342
0.036
0.275
0.025
0.042
0.035
0.093
0.069
0.098
0.046
0.031
0.07
0.06
0.026
0.107
0.307
0.059
0.164
0.075
0.039
0.046
0.061
0.057
0.075
0.049
0.051
0.287
0.038
0.069
0.064
0.07
0.049
0.32
0.043
0.054
0.078
0.046
0.067
0.57
0.032
1666.59
0.071
0.056
0.062
0.088
0.072
0.47
0.071
0.05
0.091
0.049
0.1
0.044
0.069
0.296
0.043
0.077
0.041
0.068
0.309
0.063
0.084
0.059
0.084
0.041
0.062
0.052
0.083
0.102
0.091
0.108
0.056
0.037
0.195
0.288
0.086
0.057
0.029
0.064
0.101
0.088
0.068
0.103
0.089
0.296
0.875
0.068
0.144
0.104
0.043
0.059
0.075
0.122
0.089
0.087
0.1
0.06
0.06
0.088
0.095
0.076
0.089
0.09
0.126
0.083
0.315
0.087
0.092
0.092
0.435
0.092
0.107
0.059
3320.371
0.068
0.114
0.064
0.069
0.036
0.098
0.092
0.118
0.04
0.23
0.188
0.114
0.179
0.068
0.069
0.115
0.063
0.068
0.421
0.09
0.049
0.061
0.355
0.04
0.058
0.051
0.347
0.055
0.075
0.074
0.05
0.069
0.051
0.066
0.042
0.06
0.092
0.065
0.115
0.129
0.04
0.11
0.075
0.028
0.35
0.056
0.05
0.04
0.025
0.126
0.235
0.027
0.039
0.12
0.339
0.108
0.09
0.195
0.062
0.068
0.08
0.113
0.05
0.134
0.091
0.486
0.03
0.089
0.08
0.12
0.037
0.046
0.059
0.075
0.1
0.101
0.07
0.116
0.076
0.281
0.135
0.063
0.09
0.089
0.087
0.043
0.087
0.091
0.036
0.034
0.08
0.054
0.089
0.045
0.403
0.101
0.097
0.076
0.092
0.05
0.039
0.048
0.067
0.106
0.045
0.079
0.063
0.057
0.264
0.055
0.098
0.036
0.05
0.038
0.035
0.097
0.08
0.046
0.066
0.044
0.039
0.063
0.278
0.055
0.066
0.069
0.239
0.139
0.106
0.106
0.063
0.029
0.117
0.102
0.056
0.139
0.085
0.029
0.105
0.185
0.034
0.225
0.07
0.051
0.07
0.093
0.179
0.049
0.067
0.094
0.064
0.146
0.175
0.065
0.06
0.027
0.07
0.042
0.086
0.089
0.089
0.104
0.192
0.086
0.065
0.074
0.077
0.066
0.096
0.074
0.099
0.092
0.073
0.228
0.105
0.201
0.172
0.132
0.099
0.079
0.061
0.041
0.06
0.089
0.179
0.069
0.056
0.359
0.09
0.063
0.035
0.137
0.109
0.061
0.058
0.079
0.074
0.151
0.07
0.082
0.048
0.075
0.084
0.109
0.059
0.079
0.046
0.106
0.122
0.099
0.098
0.075
0.101
0.074
0.085
0.07
0.164
0.058
0.095
0.069
0.069
0.097
0.046
0.135
0.064
0.052
0.098
0.076
0.055
0.085
0.064
0.043
0.064
0.236
0.182
0.218
0.128
0.126
0.095
0.038
0.074
0.114
0.048
0.044
0.116
0.084
0.024
0.071
0.089
0.034
0.069
0.058
0.073
0.05
0.08
0.071
0.053
0.032
0.093
0.085
0.101
0.126
0.086
0.094
0.098
0.101
0.098
0.091
0.047
0.096
0.029
0.045
0.018
0.084
0.087
0.096
0.047
0.077
0.019
0.042
0.195
0.041
0.062
0.085
0.047
0.064
0.044
0.084
0.045
0.079
0.137
0.082
0.037
0.114
0.059
0.041
0.042
0.045
0.028
0.043
0.055
0.073
0.086
0.094
0.087
0.059
0.11
0.122
0.082
0.106
0.082
0.11
0.121
0.109
0.097
0.202
0.058
0.04
0.132
0.178
0.048
0.3
0.063
0.09
0.159
0.256
0.049
0.082
0.076
0.266
0.113
0.177
0.177
0.164
0.076
0.072
0.08
0.111
0.022
0.113
0.087
0.044
0.041
0.044
0.091
0.093
0.111
0.098
0.088
0.048
0.124
0.06
0.051
0.241
0.076
0.089
0.096
0.165
0.315
0.071
0.067
0.069
0.053
0.022
0.087
0.037
0.121
0.064
0.097
0.116
0.089
0.053
0.049
0.041
0.105
0.053
0.046
0.11
0.088
0.173
0.075
0.095
0.203
0.088
0.124
0.048
0.069
0.051
0.081
0.083
0.073
0.071
0.077
0.075
0.074
0.085
0.117
0.092
0.049
0.207
0.055
0.034
0.081
0.312
0.048
0.231
0.054
0.139
0.069
0.09
0.02
0.046
0.079
0.317
0.04
0.043
0.058
0.03
0.096
0.047
0.056
0.062
0.213
0.077
0.048
0.095
0.116
0.092
0.112
0.048
0.046
0.13
0.064
0.096
0.057
0.055
0.074
0.089
0.088
0.049
0.081
0.066
0.054
0.08
0.049
0.097
0.13
0.087
0.309
0.055
0.074
0.086
0.073
0.328
0.057
0.073
0.044
0.097
0.054
0.193
0.123
0.051
0.09
0.073
0.045
0.045
0.077
0.147
0.072
0.047
0.077
0.092
0.044
0.097
0.068
0.09
0.095
0.114
0.102
0.044
0.116
0.065
0.126
0.085
0.037
0.048
0.289
0.065
0.076
0.063
0.047
0.116
0.072
0.328
0.072
0.103
0.048
0.104
0.109
0.083
0.089
0.092
0.069
0.08
0.112
0.065
0.245
0.075
0.05
0.123
0.542
0.074
0.066
0.128
0.067
0.035
0.262
0.09
0.081
0.067
0.04
0.072
0.06
0.091
0.057
0.164
0.068
0.1
0.054
0.034
0.049
0.087
0.118
0.055
0.1
0.061
0.045
0.091
0.095
0.07
0.069
0.044
0.11
0.065
0.067
0.048
0.113
0.041
0.075
0.045
0.084
0.09
0.076
0.073
0.031
0.04
0.059
0.071
0.031
0.041
0.044
0.08
0.066
0.057
0.058
0.016
0.429
0.07
0.093
0.441
0.102
0.158
0.044
0.101
0.021
0.036
0.029
0.028
0.41
0.073
0.041
289.158
0.199
0.093
0.037
0.089
0.076
0.213
0.098
0.073
0.071
0.04
0.078
0.279
0.206
0.08
0.065
0.11
0.064
0.053
0.115
0.033
0.059
0.062
0.048
0.05
0.078
0.043
0.075
0.06
0.048
0.065
0.05
0.035
0.205
0.065
0.085
0.037
0.063
0.071
0.06
0.146
0.031
0.029
0.109
0.089
0.273
0.063
0.054
0.082
0.07
0.09
0.326
0.071
0.052
0.05
0.079
0.182
0.062
0.064
0.044
0.075
0.093
0.04
0.054
0.056
0.071
0.05
0.086
0.052
0.043
0.068
0.087
0.043
0.052
0.104
0.065
0.068
0.036
0.057
0.096
0.059
0.097
0.053
0.08
0.037
0.11
0.071
0.309
0.101
0.026
0.067
0.059
0.027
0.022
0.045
0.027
0.279
0.075
0.044
0.084
0.042
0.053
0.034
0.041
0.087
0.11
0.161
0.771
0.269
0.092
0.209
0.203
0.065
0.043
0.067
0.087
0.046
0.085
0.056
0.057
0.058
0.038
0.066
0.051
0.043
0.044
0.046
0.056
0.055
0.032
0.038
0.057
0.094
0.032
0.046
0.07
0.055
0.065
0.096
0.084
0.044
0.054
0.085
0.031
0.083
0.049
0.032
0.116
0.056
0.074
0.119
0.096
0.046
0.442
0.105
0.054
0.08
0.074
0.045
0.05
0.047
0.045
0.039
0.226
0.067
0.061
0.113
0.051
0.067
0.067
0.049
0.079
0.04
0.055
0.052
0.07
0.083
0.06
0.1
0.104
0.286
0.04
0.061
0.047
0.067
0.062
0.057
0.21
0.059
0.084
17559.006
0.072
0.056
0.099
0.071
0.117
0.087
0.283
0.297
0.055
0.041
0.262
0.064
0.083
0.069
0.07
0.202
0.067
0.167
0.076
0.06
0.094
0.083
0.25
0.047
0.065
0.194
0.09
0.06
0.055
0.171
0.086
0.086
0.083
0.058
0.077
0.087
0.061
0.041
0.039
0.057
0.088
0.07
0.067
0.063
0.084
0.023
280.307
0.092
0.082
0.07
0.072
0.076
0.071
0.039
0.11
0.098
0.103
0.067
0.05
0.069
0.076
0.081
0.078
0.067
0.068
0.071
0.063
0.049
0.071
0.038
0.056
0.116
0.081
0.233
0.07
0.085
0.071
0.074
0.048
0.125
0.063
0.065
0.211
0.071
0.09
0.117
0.065
0.127
0.13
0.101
0.081
0.109
0.117
0.107
0.093
0.213
0.048
0.164
0.128
0.06
0.089
0.072
0.107
0.259
0.185
0.127
0.129
0.104
0.047
0.11
0.189
0.04
0.122
0.081
0.1
0.058
0.057
0.107
0.167
0.059
0.18
0.069
0.046
0.101
0.04
0.122
0.099
0.061
0.093
0.081
0.069
0.114
0.06
0.209
0.368
0.086
0.111
0.085
0.141
0.081
0.06
0.046
0.067
0.236
0.108
0.034
0.082
0.05
0.029
0.085
0.333
0.085
0.036
0.058
0.044
0.07
0.092
0.065
0.069
0.066
0.074
0.078
0.155
0.097
20064.857
0.109
0.11
0.11
0.088
0.054
0.038
0.052
0.076
0.074
0.071
0.055
0.1
0.054
0.095
0.093
0.176
0.082
0.173
0.294
0.24
0.093
0.102
0.085
0.062
0.098
0.078
0.081
0.078
0.038
0.042
0.054
0.102
0.093
0.084
0.072
0.021
0.098
0.066
0.11
0.048
0.075
0.047
0.075
0.052
0.15
0.09
0.093
0.278
0.094
0.102
0.062
0.117
0.05
0.077
0.142
0.1
0.164
0.078
0.051
0.057
0.352
0.072
0.153
0.087
0.067
0.098
0.045
0.142
0.198
0.078
0.49
0.331
0.04
0.115
0.234
0.078
0.041
0.043
0.094
0.041
0.087
0.053
0.199
0.036
0.067
0.05
0.054
0.066
0.05
0.221
0.112
0.071
0.054
0.074
0.03
0.076
0.217
0.078
0.119
0.075
1744.59
0.082
0.03
0.083
0.099
0.045
0.037
0.129
0.069
0.085
0.082
0.061
0.067
0.048
0.059
0.229
0.098
0.081
0.129
0.109
0.083
0.365
0.085
0.55
0.083
0.075
0.09
0.144
0.061
0.073
0.105
0.039
0.45
0.386
0.079
0.164
0.037
0.102
0.049
0.352
0.078
0.048
0.054
0.152
0.176
0.062
0.117
0.048
0.066
0.05
0.075
0.065
0.043
0.095
0.06
0.176
0.045
0.068
0.152
0.077
0.082
0.082
0.092
0.069
0.107
0.13
0.15
0.073
0.09
0.08
0.078
0.259
3.61
0.12
0.036
0.046
0.079
0.077
0.376
0.049
0.091
0.052
1844.445
0.056
0.054
0.066
0.215
0.095
0.05
0.092
0.073
0.071
0.105
0.085
0.04
0.087
0.07
0.11
0.075
0.07
0.048
0.08
0.068
0.08
0.053
0.052
0.194
0.089
0.098
0.084
0.067
0.061
0.334
0.087
0.083
0.226
0.082
0.114
0.058
0.051
0.147
0.078
0.079
0.134
0.097
0.084
0.165
0.09
0.136
0.108
0.069
0.085
0.092
0.085
0.113
0.139
0.077
0.072
0.078
0.065
0.103
0.094
0.177
0.127
0.265
0.13
0.249
0.099
0.126
0.127
0.134
0.075
0.066
0.056
0.051
0.072
0.112
0.204
0.102
0.093
0.094
0.122
0.096
0.066
0.142
0.063
0.112
0.093
0.113
0.077
0.058
0.082
0.053
0.118
0.393
0.1
0.101
0.084
0.075
0.138
0.517
0.047
0.071
0.344
0.394
0.104
0.112
0.036
0.09
0.069
0.086
0.156
0.067
0.103
0.102
0.039
0.098
0.095
0.103
0.079
0.134
0.085
0.113
0.118
0.105
0.113
0.109
0.128
0.102
0.14
0.052
0.071
0.045
0.084
0.095
0.094
0.07
0.08
0.05
0.111
0.102
0.08
0.041
0.077
0.087
0.105
0.052
0.058
0.073
0.1
0.094
0.084
0.058
0.046
0.096
0.061
0.156
0.081
0.062
0.05
0.103
0.05
0.063
0.203
0.407
0.033
0.06
0.057
0.077
0.074
0.071
0.188
0.1
0.047
0.067
0.049
0.072
0.059
0.049
0.045
0.103
0.114
0.111
0.145
0.087
0.098
0.117
0.071
0.098
0.109
0.046
0.071
0.1
0.092
0.103
0.092
0.103
0.084
0.08
0.088
0.054
0.089
0.092
0.044
0.058
0.03
0.08
0.146
0.083
0.076
0.083
0.186
0.075
0.109
0.067
0.182
0.143
0.034
0.086
0.09
0.085
0.042
0.031
0.127
0.028
0.06
0.083
0.035
0.087
0.035
0.082
0.099
0.089
0.038
0.075
0.094
0.144
0.093
0.025
0.092
0.094
0.094
0.09
0.108
0.086
0.068
0.091
0.193
0.094
0.097
0.114
0.134
0.091
0.13
0.098
0.152
0.072
0.111
0.094
0.16
0.093
0.094
0.056
0.101
0.16
0.309
0.156
0.084
0.095
0.228
0.123
0.064
0.025
0.053
0.071
0.077
0.092
0.07
0.076
0.086
0.044
0.074
0.072
0.077
0.085
0.126
0.097
0.162
0.091
0.13
0.105
0.138
0.137
0.064
0.114
0.045
0.112
0.106
0.332
0.055
0.034
0.082
0.094
0.081
0.112
0.082
0.106
0.091
0.089
0.064
0.089
0.378
0.141
0.096
0.067
0.079
0.032
0.079
0.067
0.044
0.084
0.045
0.048
0.061
0.125
0.087
0.073
0.191
0.034
0.018
0.085
0.13
0.053
0.062
0.058
0.049
0.202
0.108
0.079
0.057
0.372
0.115
0.074
0.088
0.069
0.071
0.073
0.032
0.027
0.104
0.068
0.193
1.513
0.053
0.049
0.069
0.083
0.131
0.074
0.074
0.025
0.088
0.093
0.071
0.091
0.082
0.07
0.062
0.067
0.085
0.105
0.034
0.052
0.112
0.063
0.021
0.489
0.09
0.075
0.093
0.09
0.112
0.082
0.077
0.071
0.084
0.09
0.065
0.079
0.08
0.052
0.089
0.066
0.035
0.086
0.088
0.103
0.169
0.085
0.045
0.047
0.072
0.223
0.101
0.056
0.098
0.099
0.11
0.102
0.066
0.072
0.059
0.606
0.079
0.044
0.055
0.106
0.308
0.081
0.061
0.058
0.057
0.04
0.081
0.045
0.093
0.072
0.04
0.066
0.063
0.422
0.06
0.086
0.098
0.056
0.063
0.404
0.407
0.046
0.046
0.056
0.042
0.08
0.044
0.063
0.059
0.06
0.23
0.078
0.384
0.069
0.1
0.056
0.715
0.645
0.073
0.039
0.064
0.041
0.056
0.094
0.037
0.521
0.038
0.054
0.062
0.046
0.066
0.14
0.04
0.072
0.093
0.047
0.025
0.087
0.029
0.047
0.059
0.345
0.036
0.072
0.438
0.066
0.07
0.082
0.142
0.097
0.083
0.053
0.047
0.02
0.034
0.063
0.052
0.069
0.108
0.099
0.071
0.056
0.408
0.084
0.062
0.031
0.058
0.385
0.18
0.121
0.059
0.062
0.112
0.042
0.063
0.071
0.12
0.147
0.034
0.052
0.056
0.072
0.095
0.101
0.083
0.184
0.125
0.067
0.076
0.107
0.053
0.044
0.088
0.098
0.101
0.107
0.351
0.083
0.074
0.053
0.06
0.069
0.059
0.087
0.04
0.051
0.065
0.074
0.042
0.058
0.043
0.067
0.053
0.043
0.105
0.076
0.047
0.058
0.066
0.027
0.045
0.063
0.067
0.04
0.095
0.06
0.046
0.087
0.141
0.054
0.046
0.102
0.044
0.049
0.045
0.033
0.066
0.121
0.048
0.14
0.049
0.041
0.044
0.157
0.04
0.104
2.766
0.074
0.113
4.009
0.319
0.054
0.04
0.089
0.041
0.065
0.071
0.081
0.056
0.047
0.065
0.09
0.072
0.051
0.137
0.08
0.075
0.102
0.066
0.081
0.055
0.071
0.046
0.101
0.417
0.079
0.072
0.304
0.064
0.226
0.131
0.064
0.054
0.181
0.105
0.09
0.201
0.062
0.109
0.048
0.075
0.065
0.422
0.085
0.074
0.062
0.077
0.027
0.093
0.057
0.095
0.071
0.076
0.04
0.054
0.101
0.053
0.079
0.047
0.091
0.059
0.063
0.048
0.058
0.277
0.051
0.086
0.131
0.073
0.051
0.12
0.123
0.161
0.039
0.047
0.081
0.31
0.088
0.071
0.081
0.112
0.406
0.071
0.154
0.083
0.423
1317.116
0.049
0.05
0.063
0.078
0.066
0.059
0.268
0.084
0.077
0.097
0.083
0.054
0.076
0.038
0.121
0.054
0.092
0.067
0.071
0.05
0.142
0.086
0.051
0.073
0.085
0.152
0.094
0.104
0.074
0.379
0.067
0.097
0.31
0.11
0.047
0.068
0.062
0.034
0.084
0.042
0.085
0.067
0.088
0.093
0.078
0.096
0.295
0.069
0.06
0.092
0.08
0.199
0.046
0.11
0.387
0.199
0.209
0.099
0.077
0.088
0.237
0.047
0.055
0.057
0.049
0.043
0.191
0.433
0.083
0.083
0.296
0.123
0.024
0.048
0.061
0.056
0.38
0.026
0.04
0.035
0.053
0.059
0.031
0.255
0.063
0.083
0.074
0.041
0.053
0.092
0.07
0.037
0.047
0.06
0.092
0.137
0.049
0.12
0.045
0.072
0.04
0.102
0.102
0.082
0.185
0.069
0.053
0.064
0.069
0.098
0.06
0.049
0.049
0.077
0.033
0.088
0.044
0.034
0.096
0.093
0.125
0.056
0.093
0.103
0.035
0.063
0.073
0.097
0.29
0.072
0.176
0.165
0.085
0.182
0.085
0.064
0.079
0.034
0.06
0.067
0.022
0.12
0.042
0.548
0.041
0.188
0.278
0.037
0.094
0.057
0.06
0.095
0.098
0.067
0.362
0.082
0.014
0.03
0.045
0.022
0.024
0.069
0.118
0.056
0.02
0.056
0.039
0.083
0.069
0.096
0.069
0.076
0.066
0.393
0.045
0.077
0.053
0.064
0.046
0.078
0.044
0.063
0.05
0.177
0.066
0.044
0.165
0.061
0.104
0.049
0.067
0.025
0.04
0.028
0.048
0.039
0.111
0.066
0.094
0.041
0.058
0.095
0.064
0.039
0.086
0.063
0.038
0.045
0.071
0.075
0.044
0.108
0.099
0.083
0.043
0.042
0.194
0.076
0.061
0.059
0.13
0.105
0.092
0.077
0.108
0.057
0.064
0.068
0.084
0.056
0.1
0.031
0.095
0.092
0.045
0.064
0.043
0.076
0.028
0.077
0.077
0.072
0.122
0.077
0.075
0.074
0.05
0.062
0.059
0.083
0.224
0.104
0.074
0.11
0.082
0.095
0.088
0.219
0.049
0.091
0.141
0.178
0.076
0.053
0.086
0.141
0.047
0.075
0.076
0.087
0.087
0.102
0.23
0.802
0.071
0.087
0.095
0.023
0.172
0.065
0.093
0.08
0.083
0.174
0.099
0.073
0.155
0.051
0.091
0.132
0.087
0.049
0.065
0.033
0.058
0.084
0.092
0.067
0.096
0.061
0.132
0.078
0.105
0.08
0.071
0.071
0.082
0.087
0.087
0.363
0.112
0.188
0.088
0.091
0.073
0.065
0.106
0.044
0.087
0.075
0.042
0.075
0.074
0.099
0.074
0.042
0.083
0.071
0.077
0.047
0.069
0.117
0.298
0.046
0.08
0.043
0.085
0.08
0.038
0.055
0.097
0.041
0.092
0.042
0.67
0.096
0.102
0.257
0.075
0.062
0.076
0.074
0.071
0.03
0.09
0.141
0.063
0.098
0.052
0.067
0.068
0.023
0.072
0.028
0.1
0.069
0.098
0.121
0.055
0.047
0.094
0.075
0.103
0.145
0.092
0.073
0.045
0.063
0.053
0.028
0.056
0.131
0.077
0.04
0.091
0.075
0.091
0.093
0.568
0.103
0.088
0.08
0.098
0.092
0.038
0.036
0.046
0.097
0.081
0.072
0.108
0.074
0.084
0.093
0.055
0.078
0.091
0.019
0.07
0.019
0.044
0.048
0.037
0.159
0.062
0.102
0.073
0.079
0.068
0.048
0.085
0.171
0.12
0.075
0.052
0.125
0.092
0.077
0.084
0.063
0.087
0.05
0.076
0.053
0.054
0.073
0.088
0.08
0.079
0.088
0.04
0.085
0.025
0.052
0.025
0.092
0.09
0.135
0.137
0.092
0.126
0.091
0.081
0.077
0.056
0.072
0.096
0.047
0.049
0.047
0.074
0.089
0.083
0.135
0.105
0.083
0.091
0.098
0.069
0.077
0.04
0.099
0.034
0.081
0.123
0.064
0.15
0.071
0.059
0.09
0.089
0.233
0.055
0.055
0.045
0.135
0.057
0.105
0.103
0.081
0.066
0.095
0.056
0.058
0.079
0.063
0.073
0.044
0.048
0.08
0.033
0.066
0.083
0.086
0.08
0.087
0.043
0.054
0.076
0.084
0.133
0.053
0.042
0.042
0.077
0.024
0.096
0.044
0.064
0.148
0.021
0.055
0.075
0.067
0.057
0.114
0.105
0.084
0.029
0.067
0.053
0.085
0.069
0.078
0.124
0.095
0.074
0.092
0.066
0.073
0.049
0.029
0.083
0.041
0.081
0.159
0.091
0.108
0.111
0.061
0.024
0.072
0.075
0.114
0.067
0.151
0.094
0.051
0.085
0.018
50.751
101.411
0.093
0.113
0.061
0.023
0.128
0.043
0.055
0.114
0.042
0.073
0.302
0.029
0.135
0.085
0.101
0.098
0.059
0.089
0.096
0.202
0.107
0.092
0.07
0.051
0.038
0.093
0.069
0.069
0.1
0.065
0.094
0.066
0.069
0.064
0.097
0.094
0.105
0.084
0.045
0.08
0.057
0.083
0.101
0.028
0.031
0.099
0.096
0.117
0.105
0.075
0.092
0.056
0.087
0.106
0.099
0.042
0.094
0.085
0.084
0.042
0.08
0.086
0.066
0.093
0.074
0.174
0.09
0.07
0.114
0.04
0.133
0.127
0.098
0.095
0.114
0.108
0.173
0.117
0.085
0.071
0.079
0.082
0.092
0.105
0.053
0.05
0.093
0.064
0.043
0.096
0.092
0.092
0.139
0.06
0.07
0.068
0.066
0.114
0.069
0.05
0.057
0.051
0.121
0.174
0.067
0.102
0.138
0.173
0.116
0.509
0.078
0.386
0.141
0.094
0.165
0.072
0.084
0.093
0.131
351.79
0.122
0.031
0.042
50.221
201.119
0.084
50.342
151.029
50.199
0.07
0.079
0.055
393.857
0.04
0.119
0.073
0.081
0.069
0.059
0.076
0.034
0.086
0.072
0.049
0.079
0.092
0.071
0.096
0.061
0.09
0.127
0.093
0.057
0.079
0.092
0.077
0.069
0.079
0.131
0.11
0.096
0.157
0.086
0.064
0.112
0.124
0.082
0.106
0.103
0.135
0.105
0.079
0.105
0.067
0.089
0.056
0.064
0.149
0.083
0.059
0.052
0.045
0.042
0.034
0.12
0.037
0.039
0.038
0.078
0.073
0.07
0.045
0.098
0.08
0.071
0.045
0.038
0.082
0.068
0.055
0.064
0.087
0.065
0.104
0.148
0.107
0.074
0.062
0.032
0.087
0.075
0.05
0.067
0.053
0.053
0.088
0.081
0.075
0.036
0.119
0.069
0.077
0.089
0.047
0.099
0.15
0.129
0.075
0.045
0.057
0.05
0.065
0.055
0.026
0.043
0.094
0.092
0.092
0.032
0.063
0.075
0.033
0.069
0.096
0.112
0.165
0.07
0.078
0.126
0.123
0.105
0.088
0.078
0.101
0.114
0.086
0.107
0.116
0.068
0.081
0.09
0.072
0.072
0.087
0.097
0.11
0.106
0.078
0.082
0.101
0.125
0.087
0.079
0.075
0.073
0.096
0.1
0.103
0.147
0.1
0.077
0.076
0.11
0.068
0.1
0.383
0.292
0.129
0.076
0.036
0.111
0.048
0.067
0.057
0.082
0.042
0.049
0.093
0.119
0.071
0.065
0.126
0.031
0.078
0.065
0.096
0.08
0.089
0.05
0.056
0.038
0.075
0.068
0.074
0.074
0.078
0.069
0.098
0.078
0.129
0.122
0.043
0.071
0.052
0.108
0.054
0.064
0.039
0.034
0.071
0.241
0.044
0.093
0.097
0.096
0.124
0.081
0.118
0.071
0.072
0.092
0.08
0.102
0.078
0.076
0.15
0.09
0.206
0.194
0.116
0.073
0.082
0.09
0.088
0.051
0.12
0.056
0.057
0.045
0.113
0.061
0.078
0.077
0.037
0.091
0.114
0.087
0.052
0.107
0.145
0.095
0.073
0.07
0.078
0.071
0.138
0.062
0.076
0.114
0.09
0.083
0.066
0.085
0.091
0.1
0.094
0.386
0.07
0.127
0.102
0.085
0.052
0.116
0.124
0.057
0.049
0.03
300.426
0.105
0.079
0.041
0.096
0.082
0.076
0.038
0.076
0.108
0.083
0.111
0.102
0.075
0.086
0.046
0.055
0.134
0.076
0.087
0.061
0.061
0.089
0.095
0.065
0.04
0.063
0.043
0.036
0.094
0.042
0.077
0.108
0.089
0.061
0.065
0.03
0.079
0.04
0.055
0.069
0.084
0.083
0.065
0.052
0.086
0.075
0.057
0.187
0.065
0.071
0.07
0.067
0.092
0.098
0.067
0.082
0.09
0.062
0.085
0.048
0.075
0.066
0.083
0.077
0.064
0.056
0.071
0.066
0.111
0.062
0.034
0.063
0.102
0.073
0.053
0.063
0.067
0.102
0.07
0.061
0.159
0.065
0.093
0.062
0.068
0.092
0.052
0.056
0.064
0.089
0.057
0.064
0.068
0.1
0.074
0.075
0.089
0.049
0.071
0.07
0.08
0.075
0.087
0.075
0.071
0.068
0.04
0.096
0.086
0.101
0.063
0.076
0.07
0.07
0.1
0.072
0.066
0.046
0.076
0.075
0.062
0.112
0.039
0.066
0.076
0.07
0.047
0.085
0.089
0.022
0.089
0.064
0.052
0.065
0.103
0.084
0.051
0.063
0.118
0.076
0.048
0.074
0.059
0.067
0.052
0.078
0.076
0.069
0.067
0.071
0.1
0.069
0.085
0.086
0.071
0.098
0.07
0.083
0.066
0.172
0.081
0.063
0.029
0.103
0.102
0.092
0.072
0.039
0.063
0.076
0.073
0.071
0.043
0.041
0.031
0.07
0.078
0.056
0.096
0.078
0.06
0.087
0.086
0.069
0.042
0.064
0.084
0.075
0.048
0.069
0.075
0.051
0.061
0.106
0.045
0.078
0.044
0.043
0.069
0.092
0.094
0.086
0.075
0.079
0.077
0.072
0.046
0.166
0.065
0.068
0.059
0.094
0.07
0.092
0.077
0.033
0.068
0.042
0.036
0.046
0.075
0.076
0.066
0.077
0.068
0.077
0.067
0.042
0.041
0.081
0.106
0.042
0.073
0.098
0.093
0.049
0.033
0.081
0.042
0.046
0.071
0.067
0.071
0.084
0.036
0.068
0.08
0.081
0.073
0.071
0.19
0.073
0.06
0.071
0.071
0.104
0.145
0.1
0.126
0.078
0.08
0.069
0.066
0.071
0.113
0.099
0.053
0.071
0.075
0.059
0.066
0.08
0.078
0.055
0.061
0.053
0.068
0.119
0.086
0.076
0.078
0.07
0.084
0.079
0.045
0.104
0.09
0.082
0.126
0.072
0.041
0.086
0.137
0.07
0.071
0.075
0.046
0.074
0.084
0.04
0.044
0.068
0.083
0.088
0.082
0.071
0.023
0.037
0.072
0.119
0.084
0.093
0.072
0.072
0.073
0.089
0.087
0.064
0.065
0.073
0.097
0.064
0.036
0.106
0.031
0.021
0.033
0.043
0.063
0.072
0.136
0.072
0.035
0.086
0.054
0.084
0.081
0.08
0.095
0.08
0.075
0.022
0.073
0.042
0.119
0.103
0.153
0.077
0.092
0.072
0.077
0.079
0.077
0.089
0.094
0.066
0.061
0.178
0.096
0.066
0.071
0.095
0.095
0.076
0.026
0.051
0.033
0.066
0.07
0.071
0.074
0.121
0.077
0.088
0.107
0.096
0.116
0.088
0.035
0.123
0.048
0.053
0.059
0.042
0.062
0.077
0.094
0.067
0.092
0.078
0.131
0.077
0.089
0.066
0.067
0.084
0.034
0.038
0.072
0.081
0.076
0.087
0.047
0.073
0.065
0.098
0.096
0.173
0.106
0.086
0.065
0.074
0.072
0.123
0.08
0.081
0.085
0.07
0.092
0.076
0.068
0.069
0.082
0.029
0.071
0.06
0.069
0.212
0.075
0.045
0.065
0.167
0.081
0.032
0.073
0.072
0.081
0.066
0.07
0.05
0.073
0.077
0.075
0.074
0.07
0.061
0.061
0.066
0.035
0.079
0.089
0.091
0.064
0.071
0.098
0.14
0.111
0.064
0.038
0.046
0.07
0.144
0.079
0.057
0.154
0.131
0.085
0.101
0.135
0.035
0.074
0.036
0.021
0.083
0.071
0.143
0.077
0.08
0.113
0.137
0.135
0.09
0.199
0.128
0.078
0.084
0.077
0.097
0.29
0.469
0.102
0.121
0.05
0.04
0.072
0.126
0.114
0.093
0.128
100.671
0.103
0.066
100.454
0.095
0.088
0.035
0.077
0.079
0.156
0.081
0.058
0.159
0.168
0.084
0.1
0.028
0.063
0.106
0.184
0.121
0.142
0.21
0.132
0.28
0.28
0.145
0.08
0.075
0.07
0.078
0.075
0.07
0.085
0.111
0.035
0.039
0.066
0.069
0.072
0.066
0.077
0.047
0.065
0.066
0.083
0.077
0.184
0.067
0.181
0.108
0.115
0.095
0.076
0.07
0.086
0.097
0.072
0.212
0.065
0.041
0.112
0.027
0.077
0.088
0.088
0.043
0.069
0.064
0.066
0.095
0.252
0.069
0.053
0.107
0.078
0.084
0.081
0.036
0.033
0.07
0.074
0.088
0.032
0.085
0.047
0.085
0.076
0.046
0.049
0.085
0.126
0.079
0.069
0.072
0.036
0.07
0.045
0.056
0.038
0.082
0.077
0.055
0.048
0.021
0.086
0.085
0.071
0.083
0.065
0.104
0.075
0.071
0.043
0.179
0.073
0.07
0.088
0.071
0.059
0.128
0.064
0.052
0.094
0.047
0.067
0.032
0.096
0.031
0.073
0.038
0.095
0.049
0.2
0.094
0.134
0.135
0.046
0.071
0.075
0.053
0.07
0.122
0.094
0.073
0.045
0.104
0.568
0.115
0.036
0.078
0.075
0.048
0.05
0.118
0.03
0.048
0.055
0.049
0.063
0.046
0.065
0.08
0.078
0.051
0.049
0.044
0.064
0.071
0.042
0.067
0.082
0.041
0.093
0.069
0.04
0.082
0.103
0.079
0.084
0.103
0.07
0.097
0.045
0.101
0.057
0.113
0.045
0.066
0.105
0.115
0.06
0.107
0.142
2164.502
0.107
0.084
0.095
0.133
0.09
0.072
0.102
0.083
0.074
0.075
0.023
0.09
0.094
0.062
0.07
0.077
0.069
0.061
0.091
0.068
0.066
0.042
0.079
0.085
0.046
0.077
0.075
0.096
0.031
0.036
0.069
0.092
0.06
0.1
0.094
0.072
0.093
0.13
0.077
0.091
0.228
0.079
0.073
0.046
0.069
0.08
0.071
0.086
0.149
0.114
0.076
0.074
0.158
0.188
0.089
0.069
0.072
0.127
0.116
0.108
0.085
0.051
0.086
0.045
0.078
0.045
0.121
0.087
0.066
0.088
0.077
0.077
0.073
0.069
0.082
0.045
0.079
0.034
0.041
0.05
0.026
0.082
0.049
0.075
0.092
0.092
0.051
0.052
0.067
0.076
0.055
0.08
0.06
0.103
0.071
0.123
0.111
0.089
0.083
0.089
0.076
0.086
0.074
0.073
0.068
0.068
0.085
0.082
0.039
0.073
0.042
0.113
0.023
0.036
0.039
0.078
0.038
0.043
0.049
0.036
0.042
0.106
0.043
0.131
0.13
0.089
0.043
0.172
0.104
0.141
0.049
0.078
0.101
0.076
0.202
0.068
0.077
0.087
0.124
0.084
0.138
0.037
0.031
0.078
0.043
0.043
0.047
3290.982
0.034
0.068
0.077
0.048
0.057
0.075
0.091
0.038
0.041
0.065
0.066
0.076
0.037
0.081
0.026
0.079
0.037
0.065
0.065
0.077
0.078
0.083
0.077
0.095
0.096
0.088
0.081
0.071
0.05
0.107
0.12
0.088
0.091
0.084
0.08
0.073
0.07
0.134
34.149
0.073
0.096
0.081
0.13
0.098
0.08
0.068
0.079
0.131
0.067
0.15
0.083
0.081
0.07
0.076
0.088
0.084
0.046
0.083
0.08
0.072
0.068
0.075
0.04
0.069
0.087
0.141
0.092
0.108
0.056
0.065
0.07
0.078
0.053
0.047
0.238
0.095
0.042
0.064
0.043
0.1
0.067
0.086
0.064
0.038
0.067
0.017
0.077
0.107
0.086
0.059
0.154
0.077
0.084
0.286
0.091
0.079
0.075
0.044
0.097
0.15
0.181
0.068
0.067
0.061
0.054
0.05
0.1
0.067
0.1
0.143
276.552
0.113
0.091
0.034
0.084
0.072
818.412
0.078
0.088
0.12
0.067
0.065
0.087
0.128
0.067
0.111
0.121
0.09
0.065
0.077
0.069
0.078
0.058
0.045
0.037
0.073
0.082
0.062
0.09
0.08
0.146
0.13
0.091
0.082
0.086
0.139
0.065
0.081
0.071
0.069
0.073
0.088
0.064
0.033
0.096
0.124
0.072
0.057
0.063
0.15
0.084
0.066
0.109
0.044
0.121
0.114
0.096
0.074
0.102
0.065
0.097
0.058
0.095
0.052
0.08
0.022
0.075
0.046
0.036
0.029
0.076
0.08
0.084
0.085
0.042
0.05
0.053
0.082
0.069
0.097
0.037
0.089
0.042
0.041
0.05
0.128
0.043
0.113
0.068
0.037
0.04
0.086
0.088
0.113
0.085
0.118
0.108
0.072
0.078
0.08
0.116
0.098
0.107
0.106
0.077
0.075
0.099
0.066
0.075
0.036
0.09
0.13
0.048
0.054
50.661
100.821
0.047
0.076
0.096
100.312
0.047
0.092
0.051
321.632
0.052
0.05
0.073
0.042
0.093
0.072
0.041
0.088
0.077
0.069
0.085
0.107
0.059
0.071
0.043
0.04
0.083
0.039
0.078
0.057
0.037
0.081
0.067
0.032
0.076
0.093
0.071
0.053
0.084
0.113
0.076
0.075
0.059
0.069
0.069
0.071
0.106
0.105
0.255
0.047
0.065
0.078
0.065
0.052
0.076
0.091
0.031
0.082
0.065
0.07
0.1
0.089
0.068
0.045
0.052
0.069
0.041
0.055
0.082
0.071
0.047
0.046
0.032
0.056
0.074
0.109
0.08
0.067
0.11
0.084
0.096
0.057
0.057
0.062
0.071
0.087
0.071
0.05
0.063
0.101
0.05
0.07
0.082
0.047
0.072
0.063
0.036
0.082
0.106
0.072
0.036
0.081
0.064
0.095
0.085
0.083
0.11
0.099
0.104
0.113
0.077
0.112
0.071
0.093
0.098
0.172
0.104
0.07
0.069
0.078
0.085
0.09
0.081
0.068
0.126
0.077
0.04
0.054
0.061
0.088
0.05
0.068
0.044
0.066
0.077
0.047
0.095
0.059
0.055
0.085
0.072
0.067
0.077
0.11
0.073
0.094
0.085
0.088
0.083
0.099
0.093
0.207
0.102
0.103
0.14
0.053
0.116
0.086
0.1
0.097
0.088
0.049
0.055
0.057
0.12
0.02
0.083
0.048
0.106
0.071
0.077
0.089
0.08
0.071
0.026
0.05
0.042
0.044
0.074
0.05
0.072
0.093
0.075
0.025
0.075
0.104
0.095
0.065
0.1
0.068
0.041
0.071
0.083
0.04
0.072
0.281
0.233
0.096
0.085
0.121
0.079
0.077
0.08
0.067
0.034
0.088
0.048
0.095
0.088
0.079
0.095
0.075
0.088
0.079
0.085
0.055
0.086
0.08
0.118
0.078
0.036
0.042
0.039
0.09
0.074
0.075
0.07
0.032
0.073
0.02
0.09
0.054
0.178
0.039
0.075
0.041
0.062
0.066
0.063
0.024
0.058
0.133
0.048
0.076
0.078
0.077
0.078
0.087
0.05
0.046
0.088
0.085
0.067
0.076
0.074
0.177
0.126
0.065
0.073
0.081
0.076
0.096
0.076
0.093
0.066
0.079
0.162
0.1
0.086
0.045
0.071
0.06
0.087
0.14
0.11
0.074
0.08
0.046
0.084
0.14
0.096
0.079
0.089
0.029
0.068
0.069
0.093
0.068
0.078
0.131
0.127
0.157
0.045
0.227
0.101
0.037
0.09
0.08
0.079
0.106
0.096
0.097
0.051
0.067
0.042
0.089
0.094
0.028
0.048
0.133
0.092
0.069
0.109
0.1
0.105
0.036
0.079
0.092
0.076
0.07
0.073
0.097
0.066
0.098
0.073
0.09
0.072
0.085
0.1
0.077
0.058
0.077
0.07
0.089
0.076
0.102
0.074
0.077
0.074
0.076
0.104
0.043
0.18
0.313
0.084
0.099
0.038
0.085
0.036
0.06
0.067
0.04
0.046
0.073
0.094
0.099
0.103
0.082
0.085
0.09
0.045
0.119
0.083
0.049
0.087
0.101
0.055
0.071
0.074
0.07
0.061
0.072
0.069
0.097
0.047
0.033
0.063
0.057
0.059
0.145
0.079
0.04
0.083
0.06
0.054
0.068
0.064
0.051
0.072
0.072
0.095
0.049
0.079
0.071
0.068
0.063
0.075
0.05
0.058
0.076
0.095
0.063
0.076
0.076
0.089
0.071
0.082
0.083
0.082
0.071
0.051
0.053
0.038
0.062
0.082
0.066
0.052
0.034
0.085
0.087
0.076
0.024
0.028
0.082
0.067
0.091
0.082
0.098
0.049
0.09
0.089
0.083
0.067
0.117
0.113
0.102
0.102
0.089
0.087
0.076
0.134
0.066
0.078
0.141
0.143
0.095
0.105
0.085
0.084
0.121
0.083
0.078
0.034
0.062
0.062
0.265
0.072
0.099
0.14
0.082
0.287
0.074
0.069
0.084
0.118
0.052
0.071
0.049
0.069
0.03
0.087
0.084
0.074
0.085
0.1
0.085
0.073
0.076
0.092
0.068
0.063
0.072
0.051
0.139
0.034
0.042
0.064
0.067
0.069
0.036
0.047
0.085
0.175
0.067
0.075
0.1
0.075
0.076
0.038
0.072
0.081
0.098
0.2
0.111
0.178
0.08
0.119
0.101
0.097
0.075
0.073
0.072
0.065
0.073
0.089
0.053
0.078
0.042
0.074
0.079
0.091
0.071
0.068
0.085
0.044
0.043
0.069
0.074
0.246
0.073
0.068
0.091
0.073
0.042
0.076
0.065
0.099
0.071
0.076
0.095
0.134
0.067
0.086
0.017
0.016
0.083
0.059
0.048
0.039
0.078
0.051
0.065
0.086
0.035
0.123
0.112
0.244
0.159
0.082
0.039
0.053
0.098
0.1
0.112
0.068
0.045
0.044
0.08
0.05
0.078
0.074
0.163
0.165
0.181
1061.069
0.061
0.224
0.047
0.152
0.065
0.064
0.064
0.083
0.125
0.086
0.187
0.076
0.16
0.068
0.1
0.071
0.107
0.122
0.09
0.082
0.128
0.139
0.07
0.042
0.093
0.047
0.022
0.089
0.088
0.044
0.066
0.026
0.043
0.064
0.079
0.073
0.062
0.085
0.069
0.029
0.096
0.052
0.094
0.091
0.084
0.186
0.153
0.072
0.079
0.036
0.037
0.06
0.083
0.07
0.071
0.107
0.086
0.055
0.071
0.096
0.059
0.094
0.077
0.054
0.068
0.095
0.075
0.099
0.056
0.084
0.076
0.07
0.075
0.075
0.042
0.034
0.073
1152.559
0.072
0.023
0.076
0.065
0.074
0.068
0.058
0.077
0.075
0.064
0.082
0.069
0.077
0.08
0.022
0.091
0.055
0.092
0.07
0.158
0.073
0.071
0.074
0.087
0.105
0.069
0.092
0.066
0.071
0.089
0.128
0.074
0.09
0.101
0.086
0.073
0.101
0.08
0.106
0.06
0.074
0.097
0.11
0.099
0.066
0.062
0.095
0.146
0.038
0.1
0.033
0.05
0.079
0.079
0.065
0.085
0.08
0.081
0.092
0.087
0.091
0.123
0.085
0.065
0.069
0.092
0.094
0.087
0.08
0.068
0.07
0.09
0.092
0.108
0.067
0.091
0.078
0.092
0.103
0.077
0.054
0.073
0.205
0.027
0.081
0.116
0.077
0.076
0.083
0.07
0.231
0.073
0.077
0.073
0.153
0.077
0.091
0.142
0.067
0.131
0.099
0.087
0.027
0.083
0.084
0.04
0.045
0.065
0.068
0.046
0.208
0.075
0.089
0.075
0.064
0.033
0.095
0.064
0.107
0.042
0.081
0.073
0.081
0.063
0.101
0.165
0.043
0.069
0.087
0.074
0.081
0.036
0.06
0.091
0.08
0.125
0.069
0.084
0.103
0.05
0.042
0.088
0.057
0.025
50.595
0.066
0.02
0.051
0.032
0.072
0.066
0.058
0.102
0.066
0.203
0.09
0.295
0.035
0.042
0.181
0.121
0.062
0.061
0.055
0.04
0.077
0.078
0.083
0.075
0.034
0.066
0.044
0.069
0.075
0.067
0.079
0.076
0.049
0.042
0.038
0.046
0.066
0.073
0.072
0.05
0.089
0.083
0.068
0.065
0.073
0.064
0.069
0.071
0.074
0.072
0.095
0.088
0.079
0.068
0.044
0.078
0.085
0.084
0.042
0.068
0.082
0.111
0.096
0.041
0.077
0.079
0.051
0.054
0.04
0.071
0.05
0.071
0.084
0.053
0.063
0.062
0.079
0.061
0.077
0.093
0.071
0.042
0.037
0.042
0.074
0.034
0.062
0.069
0.066
0.079
0.063
0.087
0.065
0.045
0.074
0.077
0.074
0.042
0.152
0.095
0.094
0.071
0.121
0.058
0.073
0.078
0.045
0.107
0.119
0.079
0.08
0.064
0.07
0.042
