0.999 0
1.998 0
2.998 0
3.998 0
4.998 0
5.998 0
6.998 0
7.998 0
8.998 0
9.998 0
10.998 0
11.998 5
12.998 2
13.998 0
14.998 0
15.998 0
16.998 3
17.998 1
18.998 1
19.998 5
20.998 5
21.998 0
22.998 1
23.998 2
24.998 1
25.998 4
26.998 1
27.998 2
28.998 1
29.998 1
30.998 1
31.998 2
32.998 2
33.998 3
34.998 2
35.998 2
36.998 0
37.998 2
38.998 1
39.998 3
40.998 3
41.998 1
42.998 2
43.998 2
44.998 2
45.998 2
46.998 4
47.998 1
48.998 0
49.998 3
50.998 0
51.998 1
52.998 0
53.998 3
54.998 2
55.998 3
56.998 1
57.998 3
58.998 4
59.998 2
60.998 4
61.998 3
62.998 3
63.998 1
64.998 2
65.998 6
66.998 5
67.998 3
68.998 2
69.998 3
70.998 1
71.998 3
72.998 4
73.998 4
74.998 2
75.998 3
76.998 2
77.998 3
78.998 5
79.998 4
80.998 1
81.998 6
82.998 1
83.998 4
84.998 3
85.998 5
86.998 4
87.998 12
88.998 4
89.998 2
90.998 7
91.998 5
92.998 6
93.998 1
94.998 3
95.998 3
96.998 1
97.998 2
98.998 1
99.998 3
100.998 2
101.998 2
102.998 4
103.998 2
104.998 0
105.998 4
106.998 3
107.998 2
108.998 2
109.998 2
110.998 2
111.998 1
112.998 3
113.998 4
114.998 3
115.998 3
116.998 3
117.998 5
118.998 5
119.998 1
120.998 3
121.998 3
122.998 1
123.998 5
124.998 2
125.998 1
126.998 2
127.998 1
128.998 1
129.998 0
130.998 4
131.998 2
132.998 3
133.998 1
134.998 0
135.998 2
136.998 1
137.998 0
138.998 2
139.998 1
140.998 2
141.998 7
142.998 2
143.998 0
144.998 1
145.998 2
146.998 3
147.998 1
148.998 0
149.998 1
150.998 0
151.998 2
152.998 2
153.998 1
154.998 3
155.998 5
156.998 4
157.998 1
158.998 2
159.998 2
160.998 2
161.998 1
162.998 0
163.998 3
164.998 3
165.998 3
166.998 0
167.998 1
168.998 5
169.998 2
170.998 1
171.998 2
172.998 0
173.998 0
174.998 4
175.998 2
176.998 3
177.998 0
178.998 2
179.998 1
180.998 1
181.998 1
182.998 0
183.998 1
184.998 3
185.998 8
186.998 0
187.998 6
188.998 3
189.998 0
190.998 3
191.998 0
192.998 3
193.998 1
194.998 5
195.998 0
196.998 1
197.998 3
198.998 3
199.998 3
200.998 1
201.998 1
202.998 3
203.998 2
204.998 3
205.998 2
206.998 1
207.998 1
208.998 3
209.998 2
210.998 0
211.998 0
212.998 4
213.998 2
214.998 2
215.998 5
216.998 7
217.998 8
218.998 9
219.998 10
220.998 11
221.998 12
222.998 12
223.998 15
224.998 16
225.998 16
226.998 16
227.998 16
228.998 16
229.998 16
230.998 16
231.998 16
232.998 16
233.998 16
234.998 16
235.998 16
236.998 16
237.998 17
238.998 17
239.998 17
240.998 20
241.998 18
242.998 17
243.998 18
244.998 17
245.998 16
246.998 14
247.998 13
248.998 12
249.998 17
250.998 14
251.998 14
252.998 14
253.998 14
254.998 16
255.998 14
256.998 17
257.998 14
258.998 15
259.998 15
260.998 21
261.998 17
262.998 17
263.998 18
264.998 18
265.998 21
266.998 18
267.998 18
268.998 21
269.998 21
270.998 20
271.998 21
272.998 21
273.998 22
274.998 19
275.998 23
276.998 17
277.998 18
278.998 18
279.998 17
280.998 18
281.998 14
282.998 14
283.998 14
284.998 14
285.998 16
286.998 18
287.998 16
288.998 21
289.998 18
290.998 16
291.998 16
292.998 17
293.998 21
294.998 18
295.998 18
296.998 17
297.998 18
298.998 21
299.998 18
301.186 16
301.998 18
302.998 17
303.998 15
304.998 18
305.998 13
306.998 16
307.998 14
308.998 17
309.998 22
310.998 15
311.998 15
312.998 17
313.998 14
314.998 12
315.998 14
316.998 14
317.998 9
318.998 10
319.998 8
320.998 12
321.998 13
322.998 15
323.998 17
324.998 10
325.998 11
326.998 11
327.998 10
328.998 10
329.998 12
330.998 14
331.998 13
332.998 13
333.998 15
334.998 16
335.998 16
336.998 14
337.998 16
338.998 18
339.998 16
340.998 15
341.998 13
342.998 12
343.998 13
344.998 14
345.998 15
346.998 16
347.998 14
348.998 14
349.998 15
350.998 19
351.998 16
352.998 17
353.998 15
354.998 14
355.998 13
356.998 10
357.998 20
358.998 15
359.998 13
360.998 13
361.998 13
362.998 14
363.998 11
364.998 10
365.998 13
366.998 16
367.998 11
368.998 13
369.998 14
370.998 15
371.998 16
372.998 15
373.998 13
374.998 15
375.998 15
376.998 15
377.998 15
378.998 14
379.998 14
380.998 14
381.998 18
382.998 15
383.998 16
384.998 15
385.998 19
386.998 16
387.998 16
388.998 12
389.998 13
390.998 17
391.998 16
392.998 15
393.998 14
394.998 11
395.998 11
396.998 14
397.998 11
398.998 12
399.998 9
400.998 17
401.998 15
402.998 14
403.998 16
404.998 16
405.998 12
406.998 12
407.998 18
408.998 16
409.998 16
410.998 15
411.998 14
412.998 15
413.998 20
414.998 19
415.998 17
416.998 15
417.998 14
418.998 22
419.998 15
420.998 14
421.998 16
422.998 15
423.998 14
424.998 13
425.998 12
426.998 11
427.998 11
428.998 11
429.998 10
430.998 11
431.998 11
432.998 11
433.998 7
434.998 10
435.998 7
436.998 13
437.998 11
438.998 11
439.998 11
440.998 11
441.998 17
442.998 13
443.998 13
444.998 14
445.998 15
446.998 15
447.998 15
448.998 15
449.998 13
450.998 14
451.998 18
452.998 19
453.998 14
454.998 15
455.998 16
456.998 16
457.998 16
458.998 16
459.998 18
460.998 19
461.998 18
462.998 15
463.998 14
464.998 15
465.998 12
466.998 11
467.998 15
468.998 18
469.998 11
470.998 11
471.998 13
472.998 20
473.998 14
474.998 16
475.998 14
476.998 12
477.998 15
478.998 18
479.998 19
480.998 14
481.998 16
482.998 14
483.998 15
484.998 18
485.998 16
486.998 16
487.998 20
488.998 17
489.998 19
490.998 21
491.998 17
492.998 19
493.998 18
494.998 15
495.998 15
496.998 16
497.998 14
498.998 13
499.998 14
500.998 13
501.998 10
502.998 17
503.998 13
504.998 14
505.998 11
506.998 19
507.998 14
508.998 11
509.998 11
510.998 13
511.998 9
512.998 15
513.998 12
514.998 9
515.998 17
516.998 11
517.998 10
518.998 10
519.998 7
520.998 8
521.998 7
522.998 10
523.998 15
524.998 15
525.998 14
526.998 13
527.998 15
528.998 13
529.998 14
530.998 18
531.998 14
532.998 17
533.998 17
534.998 18
535.998 16
536.998 16
537.998 20
538.999 14
539.998 19
540.998 20
541.998 14
542.998 14
543.998 17
544.998 19
545.998 17
546.998 15
547.998 13
548.998 14
549.998 13
550.998 16
551.998 14
552.998 17
553.998 14
554.998 16
555.998 14
556.998 13
557.998 17
558.998 11
559.998 9
560.998 10
561.998 6
562.998 6
563.998 10
564.998 11
565.998 6
566.998 5
567.998 10
568.998 5
569.998 6
570.998 4
571.998 5
572.998 4
573.998 7
574.998 8
575.998 3
576.998 3
577.998 5
578.998 2
579.998 4
580.998 3
581.998 1
582.998 4
583.998 1
584.998 3
585.998 3
586.998 3
587.998 0
588.998 1
589.998 2
590.998 4
591.998 0
592.998 0
593.998 5
594.998 2
595.998 0
596.998 1
597.998 2
598.998 2
599.998 1
600.998 0
601.998 5
602.998 3
603.998 4
604.998 1
605.998 10
606.998 11
607.998 2
608.998 9
609.998 2
610.998 0
611.998 7
612.998 1
613.998 2
614.998 2
615.998 2
617.002 2
617.998 2
618.998 1
619.998 1
620.998 7
621.998 4
622.998 0
623.998 3
624.998 2
625.998 2
626.998 6
627.998 0
628.998 0
629.998 4
630.998 0
631.998 0
632.998 1
633.998 4
634.998 2
635.998 0
636.998 0
637.998 4
638.998 2
639.998 2
640.998 6
641.998 4
642.998 1
643.998 6
644.998 0
645.998 1
646.998 1
647.998 1
648.998 4
649.998 0
650.998 4
651.998 3
652.998 3
653.998 3
654.998 2
655.998 9
656.998 1
657.998 2
658.998 4
659.998 2
660.998 1
661.998 6
662.998 3
663.998 1
664.998 2
665.998 3
666.998 6
667.998 4
668.998 6
669.998 3
670.998 0
671.998 0
672.998 0
673.998 0
674.998 0
675.998 0
676.998 0
677.998 0
678.998 0
679.998 0
680.998 0
681.998 0
682.998 0
683.998 0
684.998 0
685.998 0
686.998 0
687.998 0
688.998 0
689.998 0
690.998 0
691.998 0
692.998 0
693.998 0
694.998 0
695.998 0
696.998 0
697.998 0
699.388 0
700.031 0
