0
0
0
0
0
0
0
0
0
0
0
5
29
13
14
16
9
19
16
19
15
23
15
26
7
11
29
12
23
14
21
19
13
18
16
20
12
14
17
16
22
22
12
14
22
22
15
19
20
19
20
14
13
10
23
17
13
10
12
17
14
16
19
13
13
12
10
12
27
24
14
27
20
16
23
14
16
17
12
19
17
19
26
14
21
20
25
11
23
25
17
31
18
22
23
13
27
23
10
18
22
17
22
20
31
13
20
16
20
21
18
14
22
15
19
23
13
16
16
19
20
18
20
15
14
17
20
20
12
20
8
22
27
24
29
15
22
25
15
18
19
13
22
22
15
24
16
29
22
15
21
16
18
19
22
16
27
11
22
15
15
23
17
12
27
13
21
13
17
22
18
15
16
25
23
17
13
21
15
19
16
13
17
10
13
23
24
13
24
32
9
13
13
21
17
25
23
12
14
18
19
15
15
21
15
19
14
12
18
29
14
14
14
6
0
0
0
0
0
0
0
0
0
0
0
0
0
0
0
0
0
0
0
0
9
8
0
0
4
0
1
13
19
6
17
1
15
19
16
4
19
1
1
0
11
7
20
4
0
0
2
13
4
7
11
13
17
1
7
18
8
0
0
17
14
18
17
0
0
9
15
22
17
16
0
10
18
22
16
19
19
16
13
19
16
21
18
15
17
26
9
11
19
18
20
22
18
21
17
23
20
22
22
23
22
23
23
17
20
22
17
16
16
18
24
21
20
22
24
11
23
22
24
19
19
20
21
17
19
24
20
25
20
22
18
16
6
2
0
5
17
16
16
23
21
33
29
12
22
21
26
22
24
20
24
14
21
23
17
22
18
21
23
22
8
0
0
0
1
0
0
13
23
22
19
19
22
20
27
19
20
22
26
21
21
16
18
17
19
24
14
23
20
15
20
20
21
14
14
19
15
17
20
15
23
22
25
22
17
21
16
10
1
1
1
1
1
0
0
1
10
19
18
25
16
22
24
22
24
20
26
16
30
23
15
26
14
20
23
25
12
19
19
23
9
0
0
0
8
12
20
22
21
19
21
28
29
14
23
23
20
24
17
27
20
25
20
26
23
19
22
18
23
22
24
22
19
14
20
26
15
22
18
21
20
17
26
18
25
22
22
22
21
19
21
27
22
22
27
22
22
22
18
22
34
20
28
20
18
28
16
22
15
16
26
19
16
16
21
16
21
24
20
19
21
21
22
20
30
16
23
25
21
22
19
22
20
23
16
21
17
20
16
25
22
25
18
22
31
21
15
23
17
21
26
23
23
28
31
24
22
15
18
33
19
33
18
24
26
10
21
26
19
28
15
21
20
21
22
28
22
31
13
23
23
20
23
34
27
20
26
21
27
19
19
23
28
34
18
33
23
28
20
17
20
20
20
25
18
27
17
21
25
20
21
24
26
22
19
22
32
35
13
20
27
25
17
19
28
25
24
27
23
17
32
15
23
20
20
18
26
32
24
23
20
24
25
28
26
27
24
14
17
29
26
22
16
26
35
27
16
0
0
0
0
0
0
0
0
0
0
0
0
0
0
0
0
0
0
0
0
0
0
0
0
0
0
0
0
0
