0
0
0
0
0
0
1
3
4
5
6
7
8
9
10
11
12
13
14
15
16
17
18
19
20
21
22
23
24
25
26
27
28
29
30
31
32
34
35
36
37
38
39
40
41
42
43
44
45
46
47
48
49
50
51
52
53
54
55
56
57
59
60
61
62
63
64
65
66
67
68
69
70
71
72
73
74
75
76
77
78
79
81
82
83
84
85
86
86
88
89
90
91
92
93
93
95
96
96
98
99
100
102
103
104
105
105
107
108
109
110
111
112
113
114
115
116
116
118
119
120
122
123
124
124
125
126
127
129
130
131
131
133
134
135
136
137
138
140
141
142
143
144
145
145
147
148
149
149
150
151
153
154
155
156
158
159
160
160
162
162
163
163
163
163
164
165
166
166
166
165
164
164
164
164
164
164
166
166
168
171
168
168
168
168
168
168
170
172
172
172
174
174
175
176
176
175
175
175
174
174
174
174
175
175
174
176
176
176
177
178
177
178
178
177
177
177
174
174
174
173
174
173
171
170
170
170
170
169
170
169
169
169
168
166
167
166
167
166
164
164
163
163
164
163
165
165
164
164
163
160
160
159
160
160
161
161
161
161
162
162
159
158
158
158
158
160
159
160
160
159
158
156
156
157
157
158
157
158
156
156
154
153
150
151
151
152
151
151
151
152
152
153
153
155
157
156
156
156
155
152
152
152
152
151
151
151
152
151
151
149
150
149
148
148
149
148
149
148
149
150
149
147
148
148
149
148
147
147
149
148
146
146
147
148
148
148
149
153
152
152
150
150
152
152
152
152
152
152
152
153
153
153
153
153
152
152
152
151
151
151
152
152
154
152
152
154
155
154
153
153
153
155
155
155
156
155
154
155
155
155
154
154
154
155
156
156
157
155
155
155
155
155
155
155
154
153
156
157
157
155
156
157
159
158
158
158
163
163
163
163
166
167
168
168
168
167
166
167
168
168
168
168
169
168
168
171
171
171
171
172
174
176
175
175
175
173
173
173
173
174
172
172
176
176
175
175
174
174
173
171
170
169
169
169
170
171
172
174
176
176
176
177
178
177
178
176
176
174
174
174
173
173
173
174
174
174
175
176
176
175
175
175
176
176
176
176
179
180
179
181
181
181
181
179
179
179
178
178
177
177
177
176
176
177
176
177
177
176
176
175
176
177
177
176
175
175
175
173
172
172
173
173
173
172
170
170
169
168
166
167
167
168
167
167
166
165
165
165
164
164
164
165
165
164
165
165
166
165
165
165
165
165
165
167
166
166
165
166
167
167
167
164
163
163
163
162
161
161
161
161
161
159
157
156
156
155
155
154
153
152
151
149
148
144
142
142
141
140
140
140
140
140
139
138
137
136
136
132
132
132
132
130
129
129
129
129
128
128
125
125
124
124
124
123
122
121
121
121
121
121
119
121
122
120
119
119
120
119
119
117
118
119
118
117
119
119
119
118
117
117
116
116
116
116
115
115
114
114
116
115
117
117
117
117
116
117
117
118
120
120
122
124
123
123
123
123
123
122
123
123
122
122
121
121
120
120
120
121
120
120
119
118
117
117
118
116
116
116
116
117
117
117
118
118
117
116
113
115
113
113
113
113
113
113
113
113
113
113
113
113
114
114
114
113
114
114
113
113
113
113
116
115
115
114
114
114
114
114
113
113
113
113
112
112
112
113
112
112
112
111
111
111
112
115
115
115
118
118
118
116
116
117
117
118
117
117
118
121
120
120
120
120
120
120
119
120
122
123
123
123
123
124
123
123
123
123
122
122
122
122
121
121
121
121
123
124
123
126
126
125
125
126
127
127
127
127
128
129
130
130
128
128
127
127
127
128
129
129
126
127
128
128
128
128
128
129
130
132
132
132
132
134
132
130
130
132
132
132
131
131
130
131
133
133
132
132
131
132
132
132
132
132
131
132
132
131
131
130
130
131
131
132
132
133
133
133
132
132
131
131
131
131
131
130
130
130
130
129
129
128
128
127
127
127
128
128
128
128
131
131
131
131
130
131
131
131
130
130
129
132
132
132
132
131
131
131
131
131
131
131
133
133
133
132
131
131
130
132
132
133
133
134
134
134
134
133
133
133
133
133
132
132
132
132
132
132
132
134
134
137
138
138
138
137
137
136
136
136
136
135
135
134
133
134
133
133
135
133
135
135
134
134
134
133
133
132
131
131
131
131
132
132
133
133
132
131
131
133
133
133
133
134
134
133
133
133
133
133
132
131
130
127
127
127
127
126
126
126
127
126
126
125
125
125
124
123
123
122
122
121
120
121
121
121
121
121
120
121
120
119
119
117
117
117
117
117
118
118
118
120
120
120
120
120
119
118
118
118
118
117
116
117
117
117
117
116
117
118
117
117
117
116
118
118
118
121
120
120
120
120
120
119
119
119
119
119
118
118
120
119
119
119
119
119
119
119
119
119
119
119
119
119
119
118
118
118
117
117
116
116
116
116
116
116
116
116
116
115
115
112
111
111
110
109
109
108
108
108
107
107
107
107
107
105
105
106
105
106
106
105
108
108
110
110
109
108
110
110
110
109
108
109
110
109
111
111
113
116
116
115
117
120
120
120
120
119
121
121
121
121
120
121
122
124
125
125
126
130
131
131
133
133
132
132
129
129
128
128
129
128
127
128
127
126
127
126
126
127
127
127
129
129
130
130
130
132
132
132
132
133
134
134
135
138
138
138
138
141
140
140
140
140
139
140
139
139
138
139
139
141
141
142
143
144
146
147
148
148
148
148
150
151
152
152
152
153
152
152
151
151
151
151
150
152
152
154
154
153
155
160
160
160
160
162
164
164
164
162
163
163
163
163
162
162
163
163
163
162
162
162
162
162
162
162
161
161
161
160
160
159
159
158
157
156
156
156
156
156
155
153
152
152
152
151
150
150
150
150
148
148
148
148
149
149
149
149
149
148
148
146
146
145
146
146
146
145
146
146
146
148
148
149
149
150
148
147
147
147
147
146
146
147
146
146
146
143
143
143
142
141
141
141
140
142
141
141
142
141
140
142
141
143
142
142
142
144
143
143
142
143
142
144
144
144
145
144
144
148
147
147
146
147
149
149
148
149
150
150
149
148
148
149
149
150
149
149
151
151
151
151
151
151
151
151
149
150
151
150
150
150
149
151
151
151
151
150
150
150
150
151
149
148
148
147
147
145
143
143
143
143
145
145
145
145
146
148
148
147
146
146
146
146
146
146
146
147
148
149
150
150
150
149
149
149
148
148
148
148
147
146
145
148
148
148
148
147
147
146
145
145
145
146
146
146
145
146
146
146
144
144
146
146
149
149
148
149
154
154
153
152
152
155
154
153
153
154
154
151
150
151
152
151
153
152
153
153
153
151
153
153
153
152
150
150
153
150
149
150
150
149
149
149
149
149
146
145
144
144
142
141
141
142
142
141
140
139
140
139
138
137
135
136
136
136
137
138
138
136
134
134
134
133
132
133
132
134
133
133
133
135
135
135
133
132
132
132
127
127
126
126
125
124
124
124
123
123
122
122
121
121
120
120
119
117
117
117
116
115
115
114
113
113
113
112
112
110
109
107
107
107
106
106
106
106
105
105
104
104
104
103
103
102
101
99
98
