0
0
0
0
0
0
5706
2925
6614
5599
9197
5670
6837
4264
9635
11145
13506
14867
16169
17292
5730
6914
8156
17579
0
14979
16336
16545
8159
9389
22796
24288
12851
26814
27983
12997
26929
19857
7856
9432
31594
12978
33706
11040
17351
30382
19750
20956
22112
23482
24889
26492
32503
43070
33149
36628
16951
4926
54301
40724
45246
46609
48731
50440
7130
18475
33724
11953
13545
14711
16295
18361
17144
21774
0
44368
30930
33038
5863
2839
37576
55889
41633
42730
44451
47228
27518
51099
52862
0
56027
34225
20971
81169
0
32733
10272
11773
0
16334
19964
45015
22993
58683
100168
62194
30454
0
33813
32935
17207
39990
68158
13012
46760
49107
50377
0
54284
57920
60394
61677
62849
64331
65520
0
7655
11905
20214
40577
19885
60015
84412
30496
39097
41111
113432
47085
52677
51976
140172
81434
11755
94641
33653
0
42122
22030
23354
26434
28741
93115
6651
89902
9999
0
82196
6735
10103
0
9452
0
59308
0
0
5573
97508
6179
0
0
0
0
108679
0
0
0
0
10556
9675
0
32938
0
0
0
0
0
0
0
11595
6629
0
0
6650
0
93440
5708
0
0
0
0
0
0
0
7540
10567
0
0
9715
0
8636
12553
0
0
9710
0
0
0
0
0
0
11619
10652
0
0
0
0
0
10751
0
10672
0
0
0
0
10559
3126
0
745
0
0
0
10654
0
10583
0
18782
2768
0
0
8616
0
0
10688
0
9650
0
11265
0
0
0
6634
0
0
0
0
0
0
10663
0
10565
0
0
0
0
8649
11606
0
11487
0
10652
0
7683
0
0
0
10571
11229
0
11166
0
9527
0
0
10674
0
12523
10740
6595
7115
0
0
0
0
0
0
0
0
9691
7631
0
0
0
10570
0
0
9655
0
0
10704
11765
10844
0
0
12478
0
0
10695
0
0
10632
11169
0
0
10751
1517
12168
0
10717
10643
10661
0
0
0
10862
10893
0
8662
0
0
0
10602
12513
3339
0
0
0
0
8645
0
0
10657
0
17780
10645
0
11905
7623
17682
11222
0
0
0
12876
0
0
0
4165
0
0
6546
0
0
0
0
11368
22516
0
0
10697
0
0
10663
0
0
0
0
10594
11284
11542
0
0
0
12518
11817
11865
0
0
9861
11647
0
0
0
14494
11876
7761
0
0
0
14112
13140
0
0
0
11595
10615
0
11373
0
0
0
0
10728
10646
5660
0
0
6731
0
0
0
10881
0
0
10693
8641
0
0
0
11192
0
0
0
16757
0
0
10614
0
10717
12161
12389
5729
0
9191
6484
0
5663
0
0
0
0
0
0
0
10581
11494
0
10698
0
10859
12104
0
0
0
10663
0
0
0
0
7619
5682
0
6606
0
0
0
0
0
0
0
0
0
0
0
0
9659
0
8665
0
0
0
9586
0
10096
12086
9715
0
10678
0
0
0
0
0
16854
10646
0
0
0
0
0
0
0
20566
11580
0
11850
10589
0
0
9579
0
10745
15378
11227
12009
0
10740
9664
0
11265
0
10686
25035
0
9679
0
21183
0
0
0
10767
11379
0
0
0
20864
0
0
0
0
0
0
0
0
0
0
0
0
0
0
0
0
0
0
0
0
10627
0
0
0
0
0
0
0
0
0
0
0
0
0
0
0
0
0
0
0
0
0
0
0
0
0
0
0
0
0
0
0
0
0
0
0
0
0
10580
8364
0
0
0
10377
11609
0
0
10646
0
0
11135
12075
0
10765
0
0
0
0
10612
0
0
0
0
0
10610
0
0
12144
0
0
12388
9613
0
10987
10871
0
0
16010
8719
0
0
0
0
0
0
6593
7515
0
0
0
0
0
0
10143
11692
0
0
10731
0
0
0
10673
0
0
0
0
10731
10523
11841
0
0
0
0
9622
0
9828
9965
0
0
0
0
0
0
0
0
0
0
6708
0
0
5540
0
0
0
0
0
0
10596
0
0
0
0
0
0
0
0
0
0
0
0
0
8665
11595
0
0
0
0
0
10560
11194
0
0
0
8894
7816
0
0
11186
0
0
10663
0
19797
15455
0
0
0
9664
0
0
0
10687
0
10540
0
0
0
8681
6719
0
0
0
0
0
0
10647
0
0
0
0
10594
11400
11382
7648
11879
0
9705
9711
0
9648
0
0
9628
0
11088
0
5657
0
0
0
0
0
10711
10553
0
7658
11728
0
0
0
0
11002
10647
9861
12220
0
0
0
10679
0
9618
13125
0
0
0
0
0
0
10636
10660
0
9531
0
7663
9564
0
0
0
10700
10742
0
0
0
0
0
0
9609
0
10287
0
9651
0
0
0
0
0
0
0
0
0
0
0
0
0
0
0
0
0
0
0
9576
0
0
10736
10704
0
0
0
0
6643
0
0
0
0
0
0
10617
0
0
0
0
0
0
0
0
0
6661
10613
0
0
0
0
0
9152
0
0
9713
0
10899
10695
0
0
0
0
0
0
0
0
10669
0
0
0
0
0
10642
11853
0
5646
5703
0
0
0
0
0
0
0
0
0
0
10534
0
0
10676
0
10698
9676
0
0
9695
0
0
0
0
0
10638
0
0
10707
0
11875
0
0
0
0
10609
0
0
0
7543
14482
0
0
0
0
0
0
0
0
0
0
0
0
0
0
7676
0
0
0
10558
0
0
0
0
0
0
0
0
0
8653
0
0
11227
10681
0
8636
0
0
0
0
10736
0
0
10658
0
10724
7584
0
0
0
0
0
5575
0
0
0
0
0
10619
0
0
0
0
0
10538
11202
0
0
0
11818
11307
0
5245
11676
0
7659
0
0
0
10865
0
0
0
0
0
9593
9733
0
0
0
0
0
0
0
0
0
0
0
0
0
0
0
0
0
0
0
0
0
0
0
0
0
0
0
0
0
0
0
0
0
0
0
0
0
0
0
0
0
10595
0
9601
0
0
10660
9648
0
0
11562
0
0
9636
0
0
0
11246
11068
0
0
14295
13656
0
16340
0
15363
0
14064
0
0
12030
12174
0
0
0
10639
6607
0
0
0
10867
850
10969
12062
0
0
11342
726
0
5629
5666
6455
0
0
0
0
0
28137
16910
0
0
10678
0
0
10665
23172
0
11509
9700
0
11268
0
12186
0
0
20045
0
0
0
11791
0
10743
38760
0
0
0
8721
13170
0
0
4687
0
0
10569
0
0
0
10706
0
10715
0
11256
5553
7554
6931
6039
5722
0
0
0
70241
6014
5568
0
30979
5765
0
0
0
0
0
0
10713
33529
0
10575
0
0
11930
71440
0
0
0
10986
16770
0
0
5551
0
0
0
0
0
0
10657
0
0
0
0
0
0
0
0
0
0
0
0
0
0
0
0
0
0
0
0
0
0
0
0
0
0
0
0
0
0
0
0
0
0
0
0
10576
0
0
11274
11820
9672
0
0
0
0
0
10579
10686
0
0
11705
0
0
10690
0
11316
6698
8766
0
0
0
0
0
10743
11342
0
0
0
0
0
0
0
8582
0
0
11158
9674
0
0
0
10708
11042
0
10828
0
11829
0
0
11624
12391
11291
0
13020
0
0
10545
0
10727
0
0
6666
10718
0
0
0
20475
12090
0
0
10691
9595
0
0
0
27203
11496
0
9662
0
0
12256
0
10709
0
0
0
0
0
0
10568
0
0
0
0
0
10711
9713
0
9645
0
0
0
9605
0
0
19855
0
0
0
0
0
0
10606
0
10848
0
0
0
10666
16848
0
0
0
0
0
0
0
0
11562
5559
0
5667
5689
6095
6908
0
0
0
0
0
0
0
0
0
0
10687
0
0
0
0
0
0
0
0
0
10551
0
0
9684
0
0
0
0
0
10659
0
12288
0
10796
15545
0
0
0
0
0
16219
0
0
0
9554
0
0
10665
38887
0
9668
10669
11382
0
0
0
8685
1934
7653
0
0
0
10803
9754
0
0
10668
0
0
0
10720
0
0
0
0
0
0
0
0
10663
0
0
0
0
0
8555
0
0
0
9554
0
0
0
10762
10714
9712
0
0
0
0
0
10692
0
12462
9706
0
0
10921
11162
0
0
0
0
0
0
0
0
0
0
0
0
0
0
0
0
0
0
0
0
0
0
0
0
0
0
0
0
0
0
0
0
0
0
0
0
0
0
0
0
0
0
0
0
0
0
0
0
0
0
0
0
0
0
