5043
5919
6133
7468
8644
9737
6244
7909
9119
10623
12932
14317
15558
16763
17948
6343
7567
9848
11482
12639
14399
15800
17011
19148
21110
22248
23758
24981
26292
27406
28543
30115
31510
7302
8842
10957
12417
13888
15272
16811
18007
19170
20283
21577
22867
24296
25894
27007
28408
30960
32532
36057
37667
38811
39958
42015
44682
46098
48215
49877
6573
7949
9934
11285
12958
14094
15728
17776
18916
20055
21204
26675
27972
30313
32462
33637
35957
37056
39940
41058
42176
43877
46606
47830
50471
52256
54876
55424
56968
58995
60913
62933
64962
9630
7495
11182
13898
15703
19439
20947
22452
23912
25947
27957
29825
33235
32822
34983
37413
39415
41002
42984
43991
46180
48502
49750
52483
53675
57310
59801
61057
62283
63767
64946
7067
11256
15976
17968
72278
19324
21898
24927
25929
29883
38498
42927
44979
46509
48976
51420
52958
8965
11216
14927
15953
19616
18947
21390
22788
25801
28095
31972
30013
6106
7985
9341
15943
12965
8243
9509
8879
6765
8973
5012
5056
5548
6012
10015
9060
9443
10531
8048
8767
11021
9474
11016
10599
6012
9059
6052
5053
5041
5118
7013
10017
9056
8942
8061
11993
9066
7054
11017
10058
10046
10050
10017
9064
9048
10039
10015
11018
10014
9067
8038
10066
9015
10579
6064
5010
10053
9057
10016
7068
8058
11018
10925
10058
7047
10016
10621
9039
10627
10060
10055
11861
11506
8041
10169
6011
6517
9050
7013
10015
9067
10041
9393
11227
9822
10294
9311
11874
10039
10041
7154
8330
10030
10569
10195
10781
11564
10047
10048
9777
8255
10055
7514
10265
10120
10299
8235
8058
11016
9976
11885
7051
8060
9170
10062
10037
9379
10057
11242
7034
10017
7888
10616
12328
10049
9052
6011
10020
10771
9040
9700
10046
9497
10048
10016
10667
10977
10001
8644
8798
11938
11189
11251
8038
9279
9763
11014
9103
10067
11381
11710
7631
13926
9564
11293
7163
13471
12597
11951
11016
10015
9014
9193
10732
6047
10106
6038
5697
10060
5049
6059
10320
10043
8014
7012
6094
10593
9014
10017
10058
10927
11638
10469
11820
5056
5062
5826
5041
10016
10861
10060
9065
10240
9801
11512
10067
7012
5404
6728
5058
6011
5488
9066
7369
8060
9014
9476
11515
9048
10042
10018
10017
11017
10015
10988
10616
11266
10016
9012
10134
10532
10702
11387
10057
10546
9060
10688
10041
10565
9046
9988
10053
10061
10160
10763
10064
10018
7035
10030
7790
9748
11016
10065
8049
10440
10322
11525
9811
10154
10015
10012
9425
9249
10581
10457
11554
11784
9055
10429
9012
10317
10015
9013
8044
6033
6010
6912
9529
11055
9458
10064
10058
9228
10070
9886
8057
11298
8650
9015
9222
9360
6040
5009
10016
9518
8739
8011
11016
10014
10596
9250
8109
8318
9044
7965
8121
7215
10597
10046
10068
9898
10083
10515
8744
9045
10074
10015
9138
7050
8061
6056
10072
10014
10524
10771
10826
7055
11235
9949
9051
9060
9061
9042
7043
5051
9522
10525
5036
10036
10025
7056
6050
11051
10338
10096
9288
8063
7010
11577
9147
10054
9004
10014
9873
8115
10019
8016
10107
9014
7058
9015
10055
10125
9014
10454
9051
9014
10053
9770
9909
10055
6064
10017
9920
8607
6038
5091
10016
9015
8567
9066
9043
10286
10060
10051
10012
9938
11292
10624
8157
5034
5038
10015
9015
10065
10038
9053
9063
10059
9893
10053
11323
10017
8062
7013
5012
7049
10018
8017
10550
10055
8063
10064
10063
10061
7010
6837
5009
10043
10015
10561
6826
7067
10656
11232
8590
10651
8811
11063
7044
10271
9013
7064
9122
10016
9014
10064
9046
11015
10037
9661
9048
7050
10648
8060
10454
9296
10281
13681
13093
12028
11257
15695
14534
14778
13475
12204
10836
8263
11447
6060
11597
8924
10043
8059
6060
10316
11470
10399
8046
11495
10810
7700
8045
5108
6193
5332
5042
5041
5891
10910
10876
10052
10044
9058
10879
9046
10719
10001
11632
8058
10217
8061
10169
10297
7065
10441
11182
9712
10183
9712
10056
10537
7985
8125
11021
12582
8287
8043
10013
10062
9449
10067
10712
5008
7012
5387
6353
5432
5072
6012
5037
5497
5010
5060
5163
10062
9015
9799
10013
11415
10513
12689
12030
12971
7009
6597
9814
10391
6051
6538
5010
10017
10016
8064
10713
11185
9060
10014
10063
11042
10925
10043
9663
10707
6056
9047
8057
10045
10685
8012
10616
8119
9059
10054
8061
10382
9825
10176
11232
9289
9693
10951
11822
9534
10664
12387
11938
10704
10014
9927
10038
6061
9096
8688
10054
10973
8065
11442
10059
8886
9014
10015
10895
9053
11289
11573
10759
10067
6058
10015
7379
10055
9058
9047
9014
10041
10016
9049
10308
9884
8045
10052
7035
11017
5011
5044
5054
5475
6310
10047
9345
8054
10015
7034
9064
9787
10065
11181
11066
11684
10196
13615
10157
8915
14958
11932
15596
9962
10902
8224
9013
10057
9048
9097
10045
10753
8043
10046
7037
10204
8421
9052
10050
10053
10084
8013
9014
10066
10133
9059
10056
11868
11093
9053
10081
10331
10581
