0.000
0.000
0.000
0.000
0.000
0.000
0.000
0.000
0.000
0.000
5473.555
10974.027
25774.406
26470.020
28256.102
28705.488
30204.234
31074.648
32360.688
33663.430
34738.719
35183.504
35587.277
37442.102
37680.703
37680.930
37892.828
38538.316
38760.523
39182.523
39815.492
39834.406
40259.137
40479.688
41117.008
41766.094
41982.551
41989.289
42620.488
42632.973
42840.320
43469.070
43702.313
43922.727
44131.012
44137.336
45188.793
45843.719
46064.043
46483.805
46706.809
46929.508
47155.305
47155.668
47370.566
47586.293
47801.074
48010.051
48016.879
48232.418
48445.887
48446.152
48876.047
49714.020
49714.965
50162.883
50371.438
51017.945
51654.902
51670.414
52087.336
52305.453
52730.313
53578.258
54022.141
54449.539
54457.867
54674.457
55091.305
55107.707
55320.934
55321.406
55744.000
55969.371
55969.777
55969.797
55969.926
56388.352
57036.496
57665.051
57679.672
57894.285
57901.699
58111.102
58760.430
59392.664
60450.250
60693.398
60700.820
60702.406
60917.094
61122.094
61345.102
61767.547
62187.770
62625.488
63021.734
63244.980
63466.484
63897.637
64112.949
64533.625
64747.031
64355.539
0.000
64848.301
65690.449
65733.859
0.000
66207.035
65810.180
66009.316
66847.949
0.000
66678.074
66887.016
66909.668
66295.434
0.000
0.000
0.000
0.000
0.000
65378.328
65588.648
0.000
0.000
0.000
0.000
0.000
0.000
0.000
0.000
0.000
0.000
63940.500
63756.863
63757.234
63768.430
64370.777
64338.715
0.000
0.000
0.000
0.000
63847.195
64256.910
63833.719
63888.250
64340.219
63769.801
63761.180
0.000
63367.086
63150.961
62937.578
62905.680
62319.414
62329.813
62114.910
61929.016
0.000
61515.125
60880.066
60297.230
59929.027
59561.422
59376.199
59178.266
0.000
58748.914
58808.125
58841.836
58878.176
0.000
58077.539
58283.191
0.000
0.000
58352.348
58162.297
0.000
57183.520
0.000
56998.359
0.000
56382.930
0.000
55582.773
55365.785
54995.883
54620.113
54434.531
54034.000
54247.484
54247.859
53604.805
0.000
0.000
53811.195
53777.184
53764.824
53584.895
53796.238
54008.160
53585.043
53585.258
53369.555
0.000
53543.586
53548.223
53299.395
0.000
0.000
0.000
53085.641
52870.777
53511.094
53511.359
53720.711
53723.953
53723.965
53931.313
54145.793
54359.191
54561.000
54140.988
0.000
0.000
0.000
53941.023
54165.809
53948.129
0.000
54188.723
54177.578
53941.578
53508.477
53931.238
54118.664
53898.727
53902.566
54325.230
54507.398
54907.402
0.000
55293.742
55279.102
55860.605
56072.504
56074.441
0.000
56281.824
56494.117
56272.613
0.000
0.000
55820.422
56239.875
56244.449
0.000
56626.496
56775.004
57202.680
57414.145
56984.340
56947.488
57576.227
57148.367
56724.816
56934.637
57327.613
57300.070
57089.070
57089.449
56874.461
57295.559
57263.934
56837.340
56862.289
56654.750
0.000
57203.582
56991.043
56991.523
0.000
57142.879
56714.137
57129.617
0.000
57500.715
57712.414
57676.348
57640.602
57642.953
57643.152
57214.855
56999.898
0.000
56969.496
56754.453
56754.629
56508.375
56511.043
0.000
0.000
56484.652
57493.426
57702.625
57914.133
58092.910
58738.520
59168.188
59345.359
59354.660
59350.809
59567.105
59746.063
59681.215
0.000
59626.887
59599.730
59171.781
0.000
58956.414
58956.785
58556.969
58130.871
58314.785
58315.059
58310.879
58521.277
58735.434
58523.418
58921.211
59105.145
59108.445
58645.313
0.000
58622.414
58620.984
0.000
58570.137
58786.133
58993.578
59216.238
59186.531
59408.293
59622.340
59835.922
60045.117
60048.176
60050.824
59192.422
59377.734
59797.254
0.000
60363.352
60365.625
0.000
59083.254
0.000
59701.008
59667.719
59872.543
59872.637
59803.320
60436.535
60451.699
60290.215
60289.059
60318.184
60748.285
60538.297
60507.645
60509.090
61044.434
60846.391
60447.996
0.000
59638.156
59651.852
59652.520
59467.883
0.000
0.000
59201.520
58990.090
0.000
58779.348
58569.047
58357.945
57934.430
57966.375
58181.785
58394.844
58776.641
58782.543
0.000
0.000
0.000
58153.023
58555.473
57971.559
57976.438
57976.574
58183.555
58806.266
58394.137
58181.379
57752.543
57540.633
57165.281
56963.090
57146.043
57732.539
57937.156
0.000
57591.871
57005.375
56823.020
0.000
56609.977
57004.406
57198.930
57206.809
57415.344
57630.195
57423.090
58029.734
58395.805
58575.668
58735.906
58956.949
59179.363
59570.855
0.000
59578.758
59587.473
59588.051
59407.883
59383.324
58987.559
58986.059
58773.598
0.000
0.000
0.000
58107.000
58504.430
0.000
58094.285
58279.699
0.000
57863.402
58070.453
58072.664
58077.504
58051.664
0.000
58242.367
58451.379
58668.090
58878.375
0.000
58511.668
58730.707
59314.355
0.000
59290.141
59507.824
59469.691
0.000
59288.297
0.000
0.000
59074.352
58863.391
58860.820
58614.668
58826.109
59003.766
58952.258
58710.645
58717.605
58901.238
59294.402
59297.328
59287.219
59090.785
60058.520
59864.574
59437.301
0.000
59652.527
60031.957
59970.047
59989.676
59778.977
59779.082
59961.188
60354.059
59963.340
60364.273
60364.430
59935.477
59535.090
59534.313
59536.039
59536.047
0.000
0.000
59106.277
59532.301
59536.668
59933.824
59719.406
59686.949
0.000
59688.773
0.000
0.000
59290.801
59287.832
59502.168
59281.320
59463.148
59245.355
59208.512
59423.730
59417.246
59376.402
59376.508
0.000
59158.688
59343.594
0.000
0.000
59544.402
59146.707
59146.723
59146.848
59146.930
59077.805
58009.379
0.000
58657.082
59024.324
59027.109
59044.883
59211.434
0.000
59427.000
59432.227
59432.902
59642.500
60014.355
60014.535
60238.676
0.000
59949.180
59711.348
60098.047
0.000
0.000
0.000
0.000
0.000
0.000
61863.781
0.000
61822.430
0.000
60974.996
0.000
60508.027
0.000
60467.180
0.000
60077.910
60043.402
59618.789
59811.594
0.000
59831.672
60435.188
60448.648
60820.738
61224.539
60985.848
0.000
60586.281
60156.313
60975.230
60962.391
0.000
61216.129
0.000
0.000
62034.898
61411.637
0.000
61618.152
61988.797
61596.668
61811.930
61407.402
61221.570
61221.813
60821.246
60606.262
0.000
0.000
60369.418
60211.629
60172.352
60183.555
60368.914
59943.547
0.000
60347.781
0.000
59936.352
60548.520
60715.270
0.000
0.000
0.000
60877.473
60476.703
60693.457
60661.039
60472.109
60478.453
60246.113
60614.473
60393.801
60555.211
60508.145
0.000
0.000
0.000
60489.465
0.000
60055.551
60089.617
59871.273
0.000
59468.805
0.000
59199.539
58984.434
59385.785
59552.957
59525.617
59498.441
59710.516
59281.090
0.000
0.000
59410.227
59410.574
0.000
58762.203
58762.520
58576.223
59008.359
58631.004
58823.352
58790.949
58424.066
58238.930
0.000
58363.488
0.000
0.000
0.000
57742.434
57767.480
57344.371
57129.684
57522.152
57729.230
57913.996
58070.805
58283.773
0.000
58251.133
58818.852
59224.531
59177.746
59395.098
59033.270
59035.047
59231.605
59014.340
59441.973
0.000
0.000
59233.434
59632.465
0.000
0.000
59057.766
59060.742
58629.102
58412.598
0.000
57930.012
57719.059
57735.086
58154.656
0.000
57984.223
58020.477
58030.234
58213.277
58609.961
58813.508
58615.438
58215.008
58029.152
57996.473
0.000
0.000
0.000
58259.504
0.000
58403.918
58206.730
58362.758
57933.695
0.000
57529.914
57281.813
57101.711
56701.941
56695.613
0.000
56698.754
56697.016
56697.109
56512.961
56083.102
56083.398
56083.414
55869.496
55439.129
55252.691
55436.930
56017.289
56229.781
56816.645
57009.125
57023.371
57022.453
57399.969
0.000
56848.461
0.000
0.000
58057.992
57640.898
0.000
57448.035
58030.262
58228.922
57617.328
57803.820
58421.109
58026.652
57812.355
0.000
56826.781
56238.973
55837.660
55859.762
55435.832
55619.180
55978.672
56172.281
55807.328
55622.082
56024.230
56207.605
55986.828
55986.848
55986.891
55987.098
55987.121
56157.426
56169.816
56169.746
56323.285
56075.063
56081.082
55670.371
55680.469
55679.504
0.000
55281.480
55233.551
0.000
0.000
0.000
54621.176
54805.066
54992.484
54989.086
54198.699
0.000
53799.781
53822.574
53856.313
53649.688
0.000
0.000
53026.570
53026.965
53234.836
53673.180
53496.336
53475.250
53259.621
53472.586
53279.051
53279.180
53272.191
53457.902
53846.656
54196.516
54013.016
53828.395
53454.691
53857.996
0.000
53885.793
54068.246
53854.816
53854.938
53633.422
52868.691
52863.254
0.000
52080.688
52086.199
52268.887
51836.488
0.000
51862.301
51250.676
51038.121
0.000
50645.059
50271.461
50269.152
50639.719
51033.191
51040.590
50674.289
50239.605
50206.727
49968.348
0.000
0.000
48961.984
49144.305
49331.445
49356.363
49545.520
49544.168
49544.344
49727.961
49908.641
49728.516
49357.145
48276.984
0.000
0.000
0.000
47781.184
47568.246
0.000
46996.305
47205.426
46996.965
46996.965
47011.945
47221.844
47227.160
47227.406
47227.422
47224.906
47206.992
47020.684
47015.523
47018.824
46862.125
0.000
0.000
46249.133
45481.480
0.000
45230.906
45021.742
44435.820
44004.531
44397.160
44590.375
44776.004
44561.020
43788.609
43573.176
43356.867
43356.871
43538.715
0.000
42983.570
43008.047
42829.641
42826.070
42829.688
42425.883
0.000
42394.438
42030.883
41599.953
41599.984
41599.984
41600.031
41377.656
40573.348
40570.098
0.000
40198.367
0.000
39433.047
39433.262
39061.160
39269.324
38858.328
39250.422
39467.566
39280.512
39276.992
38878.863
38878.863
39096.102
38479.996
38291.824
38291.879
38289.750
38660.371
38849.164
0.000
38045.867
0.000
38014.660
38014.895
38014.945
38386.211
38565.555
39554.660
39752.820
40318.590
40686.680
40480.230
40873.230
40913.699
41709.457
42126.863
42337.152
0.000
42527.008
42712.313
42695.375
42492.512
42491.277
0.000
42852.352
42673.398
42824.980
42828.082
42828.117
0.000
42055.598
42054.094
42427.652
42239.898
42241.926
42026.070
41840.469
41651.750
41651.762
0.000
42210.703
42025.043
41623.926
41833.945
41839.953
41840.207
41651.465
41651.539
41836.637
42016.480
42443.375
42449.758
42475.059
0.000
43097.371
42891.414
42891.633
43470.883
42626.664
42626.832
42225.363
0.000
0.000
0.000
0.000
0.000
0.000
0.000
0.000
0.000
0.000
44830.813
44839.531
45374.496
45958.246
46124.559
46495.699
48085.750
49103.684
49508.742
49460.086
49029.867
49400.422
49405.898
49744.984
0.000
49363.516
49544.750
0.000
0.000
49339.535
49539.875
0.000
0.000
50695.230
50856.871
51074.949
51259.484
51257.328
51442.887
51421.563
51421.621
51442.879
51444.730
51634.605
51635.582
51867.570
51502.242
51710.777
51721.770
51537.723
51323.492
51323.492
51103.801
51477.223
51687.184
51871.051
52056.016
52056.168
51818.859
52225.523
52408.684
52224.281
52008.957
51635.184
0.000
0.000
0.000
0.000
51426.734
51426.910
51261.043
51079.055
51038.633
51626.652
51655.230
51872.070
51863.789
51864.008
51494.039
51494.074
51302.570
51250.863
51253.934
0.000
51647.934
52016.383
52211.527
52584.766
52586.492
52588.098
52588.332
52770.285
52400.449
52183.520
51747.820
52518.418
52727.523
53344.426
52735.836
0.000
0.000
0.000
53920.969
53734.793
54291.746
54289.168
54021.703
54212.914
0.000
54762.375
54581.383
54393.914
54390.676
0.000
53771.164
53953.027
54137.711
54103.434
54105.043
54105.496
54077.625
53704.715
53509.668
53328.488
53295.184
0.000
0.000
0.000
52682.477
52714.488
52491.879
52303.512
51933.422
51912.293
52079.543
52473.352
52236.984
52050.688
52050.859
51864.277
0.000
0.000
0.000
0.000
0.000
0.000
0.000
0.000
50969.480
0.000
50593.699
50129.902
50130.164
49906.953
0.000
49904.617
49912.535
49725.031
49538.926
49730.723
49507.176
49321.168
49715.160
0.000
0.000
0.000
49137.750
49134.426
48917.398
48917.805
0.000
48670.270
49095.621
49291.625
49867.781
49865.379
49212.188
0.000
0.000
48799.129
48618.777
48621.113
0.000
0.000
48285.133
0.000
49056.680
49050.887
0.000
49875.063
49740.801
50264.141
50661.082
50477.383
50446.859
50449.480
50665.527
0.000
0.000
50827.512
51065.984
50893.508
51080.379
51080.730
51048.691
51263.223
51471.531
51470.199
51258.430
51045.223
51230.707
51225.219
51042.527
51033.387
50931.309
51092.320
51866.551
0.000
0.000
0.000
0.000
0.000
50518.695
50518.773
50332.492
49957.258
50170.426
50167.914
49970.996
50156.453
50154.102
50141.824
50328.301
49923.578
49736.664
49731.855
49917.320
49731.672
49940.059
50125.215
50521.922
50343.648
50344.352
50343.289
50343.680
50310.281
0.000
49924.742
50289.539
50291.500
50461.734
0.000
50063.438
0.000
0.000
0.000
0.000
0.000
50189.637
50570.840
50573.719
50965.523
50755.258
50939.875
50760.281
50759.129
50167.984
0.000
50165.781
50166.305
50129.156
49915.543
49324.207
49140.922
48553.980
48367.242
48367.328
48551.625
48153.957
47966.000
47977.016
47977.340
47910.621
47891.121
47475.785
0.000
47113.371
47113.414
47086.215
46527.656
46527.668
46154.594
45969.711
46153.109
46127.508
45941.539
45941.641
45384.332
45197.219
45010.227
0.000
44721.398
45095.258
45308.766
0.000
45341.648
45323.117
45510.398
0.000
45820.914
45420.805
45858.137
45829.234
46038.707
45613.402
45613.996
45984.102
45424.113
0.000
45208.141
45393.258
45394.656
45763.723
45765.270
45766.383
45579.605
45788.246
45798.930
45614.563
46226.215
46611.656
47215.605
47235.367
47046.734
47422.758
47850.879
47426.711
47211.141
0.000
0.000
0.000
48141.691
48142.637
48328.672
48296.695
48296.734
47862.211
47645.664
0.000
47827.305
48040.578
47833.012
48194.422
0.000
0.000
0.000
49195.980
49390.324
49781.203
0.000
49793.195
49612.059
49273.781
49274.090
0.000
48932.465
48729.914
49091.059
48907.531
0.000
0.000
0.000
0.000
48617.289
48216.254
0.000
48589.496
48981.418
49363.328
49176.375
49199.488
48644.211
49035.758
49211.719
0.000
49250.211
49268.176
49104.246
49116.410
48924.633
48930.020
49115.113
49118.059
0.000
48713.734
48343.711
48527.695
48529.902
48529.906
48529.906
48901.238
48527.688
48715.746
48152.918
47964.984
47778.695
47962.742
48362.012
48739.273
0.000
48766.438
48404.926
48405.184
47441.910
47070.016
46884.961
46887.129
0.000
0.000
46295.238
46295.395
45924.492
0.000
0.000
44159.680
44159.961
43788.516
0.000
0.000
42452.496
42263.676
42264.594
0.000
42045.977
41859.785
41859.785
41672.871
0.000
41076.078
41076.242
41076.262
41076.434
40888.535
40888.586
40888.586
40888.590
40702.234
40331.031
40331.031
39929.816
39745.355
39558.906
0.000
39558.941
0.000
0.000
38386.668
38386.809
38386.887
38170.121
37984.977
37366.309
37179.289
37179.301
36776.094
36587.063
36217.461
35841.926
35404.453
34845.152
34659.520
34286.250
33883.371
33697.289
33326.586
32581.941
32177.277
32177.285
32177.285
31773.668
0.000
0.000
30964.855
30964.855
30964.910
0.000
29939.785
29756.918
28979.000
0.000
0.000
0.000
28421.480
28236.469
27705.703
27705.703
27520.691
27335.359
27149.133
26646.344
0.000
25348.434
25158.699
24787.668
24787.695
0.000
0.000
0.000
0.000
0.000
0.000
21894.758
21709.859
0.000
20908.520
20317.367
20014.199
19826.879
19826.883
19021.094
19021.094
18646.793
18462.785
17928.234
17157.566
0.000
16024.668
16024.672
0.000
0.000
0.000
0.000
13888.793
13687.465
13501.359
0.000
13098.797
0.000
12512.453
12512.359
12512.359
0.000
11549.348
11549.352
10709.250
10123.910
9717.570
9532.563
9002.078
8624.988
0.000
0.000
0.000
0.000
6583.941
6148.453
6148.453
0.000
5561.684
0.000
4770.863
4585.512
4585.516
4185.504
4000.336
4000.336
3813.301
3627.172
0.000
3038.289
3038.289
2852.758
2852.758
2451.875
2236.664
2236.664
2050.211
1865.305
1865.094
1865.094
1863.473
1863.477
1645.770
0.000
1645.770
1645.770
1458.895
1458.895
1272.379
1145.145
1145.145
1145.145
1145.145
957.539
754.945
754.945
754.945
552.305
434.516
215.578
215.578
215.578
0.000
0.000
0.000
0.000
0.000
0.000
0.000
0.000
0.000
0.000
0.000
0.000
0.000
0.000
0.000
0.000
0.000
0.000
0.000
0.000
0.000
0.000
0.000
0.000
0.000
0.000
0.000
0.000
0.000
0.000
0.000
0.000
0.000
0.000
0.000
0.000
0.000
0.000
0.000
0.000
0.000
0.000
0.000
0.000
0.000
0.000
0.000
0.000
0.000
0.000
0.000
0.000
0.000
0.000
0.000
0.000
0.000
0.000
0.000
0.000
0.000
0.000
0.000
0.000
0.000
0.000
0.000
0.000
0.000
0.000
0.000
0.000
0.000
0.000
0.000
0.000
0.000
0.000
0.000
0.000
0.000
0.000
0.000
0.000
0.000
0.000
0.000
0.000
0.000
0.000
0.000
0.000
0.000
0.000
0.000
0.000
0.000
0.000
0.000
0.000
0.000
0.000
0.000
0.000
0.000
0.000
0.000
0.000
0.000
0.000
0.000
0.000
0.000
0.000
0.000
0.000
0.000
0.000
0.000
0.000
0.000
0.000
0.000
0.000
0.000
0.000
0.000
0.000
0.000
0.000
0.000
0.000
0.000
0.000
0.000
0.000
0.000
0.000
0.000
0.000
0.000
0.000
0.000
0.000
0.000
0.000
0.000
0.000
0.000
0.000
0.000
0.000
0.000
0.000
0.000
0.000
0.000
0.000
0.000
0.000
0.000
0.000
0.000
0.000
0.000
0.000
0.000
0.000
0.000
0.000
0.000
0.000
0.000
0.000
0.000
0.000
0.000
0.000
0.000
0.000
0.000
0.000
0.000
0.000
0.000
0.000
0.000
0.000
0.000
0.000
0.000
0.000
0.000
0.000
0.000
0.000
0.000
0.000
0.000
0.000
0.000
0.000
0.000
0.000
0.000
0.000
0.000
0.000
0.000
0.000
0.000
0.000
0.000
0.000
0.000
0.000
0.000
0.000
0.000
0.000
0.000
0.000
0.000
0.000
0.000
0.000
0.000
0.000
0.000
0.000
0.000
0.000
0.000
0.000
0.000
0.000
0.000
0.000
0.000
0.000
0.000
0.000
0.000
0.000
0.000
0.000
0.000
0.000
0.000
0.000
0.000
0.000
0.000
0.000
0.000
0.000
0.000
0.000
0.000
0.000
0.000
0.000
0.000
0.000
0.000
0.000
0.000
0.000
0.000
0.000
0.000
0.000
0.000
0.000
0.000
0.000
0.000
0.000
0.000
0.000
0.000
0.000
0.000
0.000
0.000
0.000
0.000
0.000
0.000
0.000
0.000
0.000
0.000
0.000
0.000
0.000
0.000
0.000
0.000
0.000
0.000
0.000
0.000
0.000
0.000
0.000
0.000
0.000
0.000
0.000
0.000
0.000
0.000
0.000
0.000
0.000
0.000
0.000
0.000
0.000
0.000
0.000
0.000
0.000
0.000
0.000
0.000
0.000
0.000
0.000
0.000
0.000
0.000
0.000
0.000
0.000
0.000
0.000
0.000
0.000
0.000
0.000
0.000
0.000
0.000
0.000
0.000
0.000
0.000
0.000
0.000
0.000
0.000
0.000
0.000
0.000
0.000
0.000
0.000
0.000
0.000
0.000
0.000
0.000
0.000
0.000
0.000
0.000
0.000
0.000
0.000
0.000
0.000
0.000
0.000
0.000
0.000
0.000
0.000
0.000
0.000
0.000
0.000
0.000
0.000
0.000
0.000
0.000
0.000
0.000
0.000
0.000
0.000
0.000
0.000
0.000
0.000
0.000
0.000
0.000
0.000
0.000
0.000
0.000
0.000
0.000
0.000
0.000
0.000
0.000
0.000
0.000
0.000
0.000
0.000
0.000
0.000
0.000
0.000
0.000
0.000
0.000
0.000
0.000
0.000
0.000
0.000
0.000
0.000
0.000
0.000
0.000
0.000
0.000
0.000
0.000
0.000
0.000
0.000
0.000
0.000
0.000
0.000
0.000
0.000
0.000
0.000
0.000
0.000
0.000
0.000
0.000
0.000
0.000
0.000
0.000
0.000
0.000
0.000
0.000
0.000
0.000
0.000
0.000
0.000
0.000
0.000
0.000
0.000
0.000
0.000
0.000
0.000
0.000
0.000
0.000
0.000
0.000
0.000
0.000
0.000
0.000
0.000
0.000
0.000
0.000
0.000
0.000
0.000
0.000
0.000
0.000
0.000
0.000
0.000
0.000
0.000
0.000
0.000
0.000
0.000
0.000
0.000
0.000
0.000
0.000
0.000
0.000
0.000
0.000
0.000
0.000
0.000
0.000
0.000
0.000
0.000
0.000
0.000
0.000
0.000
0.000
0.000
0.000
0.000
0.000
0.000
0.000
0.000
0.000
0.000
0.000
0.000
0.000
0.000
0.000
0.000
0.000
0.000
0.000
0.000
0.000
0.000
0.000
0.000
0.000
0.000
0.000
0.000
0.000
0.000
0.000
0.000
0.000
0.000
0.000
0.000
0.000
0.000
0.000
0.000
0.000
0.000
0.000
0.000
0.000
0.000
0.000
0.000
0.000
0.000
0.000
0.000
0.000
0.000
0.000
0.000
0.000
0.000
0.000
0.000
0.000
0.000
0.000
0.000
0.000
0.000
0.000
0.000
0.000
0.000
0.000
0.000
0.000
0.000
0.000
0.000
0.000
0.000
0.000
0.000
0.000
0.000
0.000
0.000
0.000
0.000
0.000
0.000
0.000
0.000
0.000
0.000
0.000
0.000
0.000
0.000
0.000
0.000
0.000
0.000
0.000
0.000
0.000
0.000
0.000
0.000
0.000
0.000
0.000
0.000
0.000
0.000
0.000
0.000
0.000
0.000
0.000
0.000
0.000
0.000
0.000
0.000
0.000
0.000
0.000
0.000
0.000
0.000
0.000
0.000
0.000
0.000
0.000
0.000
0.000
0.000
0.000
0.000
0.000
0.000
0.000
0.000
0.000
0.000
0.000
0.000
0.000
0.000
0.000
0.000
0.000
0.000
0.000
0.000
0.000
0.000
0.000
0.000
0.000
0.000
0.000
0.000
0.000
0.000
0.000
0.000
0.000
0.000
0.000
0.000
0.000
0.000
0.000
0.000
0.000
0.000
0.000
0.000
0.000
0.000
0.000
0.000
0.000
0.000
0.000
0.000
0.000
0.000
0.000
0.000
0.000
0.000
0.000
0.000
0.000
0.000
0.000
0.000
0.000
0.000
0.000
0.000
0.000
0.000
0.000
0.000
0.000
0.000
0.000
0.000
0.000
0.000
0.000
0.000
0.000
0.000
0.000
0.000
0.000
0.000
0.000
0.000
0.000
0.000
0.000
0.000
0.000
0.000
0.000
0.000
0.000
0.000
0.000
0.000
0.000
0.000
0.000
0.000
0.000
0.000
0.000
0.000
0.000
0.000
0.000
0.000
0.000
0.000
0.000
0.000
0.000
0.000
0.000
0.000
0.000
0.000
0.000
0.000
0.000
0.000
0.000
0.000
0.000
0.000
0.000
0.000
0.000
0.000
0.000
0.000
0.000
0.000
0.000
0.000
0.000
0.000
0.000
0.000
0.000
0.000
0.000
0.000
0.000
0.000
0.000
0.000
0.000
0.000
0.000
0.000
0.000
0.000
0.000
0.000
0.000
0.000
0.000
0.000
0.000
0.000
0.000
0.000
0.000
0.000
0.000
0.000
0.000
0.000
0.000
0.000
0.000
0.000
0.000
0.000
0.000
0.000
0.000
0.000
0.000
0.000
0.000
0.000
0.000
0.000
0.000
0.000
0.000
0.000
0.000
0.000
0.000
0.000
0.000
0.000
0.000
0.000
0.000
0.000
0.000
0.000
0.000
0.000
0.000
0.000
0.000
0.000
0.000
0.000
0.000
0.000
0.000
0.000
0.000
0.000
0.000
0.000
0.000
0.000
0.000
0.000
0.000
0.000
0.000
0.000
0.000
0.000
0.000
0.000
0.000
0.000
0.000
0.000
0.000
0.000
0.000
0.000
0.000
0.000
0.000
0.000
0.000
0.000
0.000
0.000
0.000
0.000
0.000
0.000
0.000
0.000
0.000
0.000
0.000
0.000
0.000
0.000
0.000
0.000
0.000
0.000
0.000
0.000
0.000
0.000
0.000
0.000
0.000
0.000
0.000
0.000
0.000
0.000
0.000
0.000
0.000
0.000
0.000
0.000
0.000
0.000
0.000
0.000
0.000
0.000
0.000
0.000
0.000
0.000
0.000
0.000
0.000
0.000
0.000
0.000
0.000
0.000
0.000
0.000
0.000
0.000
0.000
0.000
0.000
0.000
0.000
0.000
0.000
0.000
0.000
0.000
0.000
0.000
0.000
0.000
0.000
0.000
0.000
0.000
0.000
0.000
0.000
0.000
0.000
0.000
0.000
0.000
0.000
0.000
0.000
0.000
0.000
0.000
0.000
0.000
0.000
0.000
0.000
0.000
0.000
0.000
0.000
0.000
0.000
0.000
0.000
0.000
0.000
0.000
0.000
0.000
0.000
0.000
0.000
0.000
0.000
0.000
0.000
0.000
0.000
0.000
0.000
0.000
0.000
0.000
0.000
0.000
0.000
0.000
0.000
0.000
0.000
0.000
0.000
0.000
0.000
0.000
0.000
0.000
0.000
0.000
0.000
0.000
0.000
0.000
0.000
0.000
0.000
0.000
0.000
0.000
0.000
0.000
0.000
0.000
0.000
0.000
0.000
0.000
0.000
0.000
0.000
0.000
0.000
0.000
0.000
0.000
0.000
0.000
0.000
0.000
0.000
0.000
0.000
0.000
0.000
0.000
0.000
0.000
0.000
0.000
0.000
0.000
0.000
0.000
0.000
0.000
0.000
0.000
0.000
0.000
0.000
0.000
0.000
0.000
0.000
0.000
0.000
0.000
0.000
0.000
0.000
0.000
0.000
0.000
0.000
0.000
0.000
0.000
0.000
0.000
0.000
0.000
0.000
0.000
0.000
0.000
0.000
0.000
0.000
0.000
0.000
0.000
0.000
0.000
0.000
0.000
0.000
0.000
0.000
0.000
0.000
0.000
0.000
0.000
0.000
0.000
0.000
0.000
0.000
0.000
0.000
0.000
0.000
0.000
0.000
0.000
0.000
0.000
0.000
0.000
0.000
0.000
0.000
0.000
0.000
0.000
0.000
0.000
0.000
0.000
0.000
0.000
0.000
0.000
0.000
0.000
0.000
0.000
0.000
0.000
0.000
0.000
0.000
0.000
0.000
0.000
0.000
0.000
0.000
0.000
0.000
0.000
0.000
0.000
0.000
0.000
0.000
0.000
0.000
0.000
0.000
0.000
0.000
0.000
0.000
0.000
0.000
0.000
0.000
0.000
0.000
0.000
0.000
0.000
0.000
0.000
0.000
0.000
0.000
0.000
0.000
0.000
0.000
0.000
0.000
0.000
0.000
