0
0
0
0
0
1
2
3
4
5
6
7
8
9
10
11
11
13
14
15
15
17
19
20
21
22
23
24
25
26
27
28
29
30
31
32
33
34
36
37
38
39
40
41
42
43
44
44
46
47
48
49
50
51
53
54
55
55
56
58
59
60
61
62
63
64
65
66
67
68
70
71
72
73
74
75
76
77
78
79
80
81
82
83
85
86
86
88
89
90
91
92
93
94
95
96
97
98
100
101
102
103
104
105
106
107
107
109
110
110
112
113
115
115
116
118
119
119
121
122
123
124
125
126
127
129
129
131
132
133
134
134
136
137
138
139
139
141
143
144
145
146
147
148
149
149
150
151
152
154
156
157
158
159
160
160
162
162
163
163
163
163
163
163
164
163
166
168
168
167
167
167
170
170
170
171
175
176
175
175
175
175
174
175
175
179
179
178
178
179
182
181
180
181
184
186
186
186
187
187
190
191
191
191
191
191
194
196
198
198
198
198
197
199
201
201
201
201
201
202
201
204
203
202
202
205
205
204
204
203
203
201
201
202
202
202
202
201
204
204
204
204
204
203
204
206
204
202
201
201
203
201
202
202
203
204
206
206
206
205
207
207
207
207
207
205
208
208
211
210
210
209
213
212
210
210
208
207
206
206
206
205
204
206
206
208
208
209
209
209
210
211
211
210
209
210
212
212
212
211
212
212
212
214
214
214
216
215
216
217
217
218
217
217
216
216
216
216
217
218
217
217
216
218
218
218
217
217
216
215
216
215
214
213
211
210
211
210
210
207
207
207
207
207
206
206
204
204
205
203
204
204
205
204
202
201
202
203
203
203
203
202
204
203
204
201
199
197
197
197
196
196
196
195
194
194
193
191
190
190
189
189
188
188
187
187
183
182
180
180
179
179
177
176
174
173
173
170
169
168
168
168
167
166
165
165
165
164
162
161
159
157
157
