0.000
0.000
0.000
0.000
0.000
0.000
2997.000
6282.000
6658.000
7770.000
8142.000
7893.500
6798.000
7486.000
8376.000
6675.000
0.000
13232.000
11267.000
15774.000
0.000
10820.000
20190.000
15998.000
4497.000
5028.000
12714.000
8455.000
11045.500
22402.000
14860.000
16190.000
11471.000
18846.000
19953.000
31935.000
22322.000
23511.000
23121.000
26563.000
27653.000
28912.000
11683.000
31380.000
24355.500
2943.000
40007.000
0.000
41257.500
35559.000
45407.000
46581.000
48107.000
49321.000
7184.000
9298.000
8460.000
12902.000
0.000
14946.000
16812.000
18712.000
24802.000
27808.000
26907.000
30518.000
33635.000
34799.000
35886.000
37233.000
0.000
49492.000
53084.000
39055.000
46165.000
29549.000
50137.500
52854.000
55339.000
57215.000
66412.000
36624.000
62792.000
62287.000
7671.000
8951.000
17176.000
0.000
20448.000
22571.000
25304.500
28639.000
29947.000
83194.000
32919.000
39372.000
40896.000
42855.000
44080.000
45261.000
46449.000
39991.000
53157.000
59387.000
58425.500
6661.000
0.000
11554.000
9963.000
0.000
7296.000
14381.000
2659.000
20351.000
0.000
9301.000
36789.000
29925.000
35398.000
116192.000
115077.000
3903.000
1655.000
10197.000
12663.000
14657.000
33159.000
0.000
20748.000
21024.000
25772.000
0.000
57779.500
133222.000
35215.000
37636.000
0.000
24945.500
13592.000
15196.000
16893.000
112591.000
142518.000
9755.500
101601.000
0.000
30729.000
32138.000
369.000
9912.500
0.000
19659.500
81416.000
22732.000
7689.000
11191.000
69098.500
136510.000
10208.000
33072.000
0.000
0.000
0.000
0.000
0.000
10517.500
22252.000
24209.750
0.000
0.000
0.000
0.000
15189.333
0.000
0.000
0.000
52826.500
8207.500
0.000
0.000
0.000
0.000
0.000
13638.000
0.000
0.000
12690.000
13886.000
0.000
15080.000
12212.667
0.000
0.000
12785.000
16545.000
13743.500
0.000
0.000
0.000
15345.000
7072.500
6464.000
6485.000
0.000
0.000
0.000
10377.750
6641.000
7803.000
7307.000
0.000
0.000
0.000
9818.667
9866.333
0.000
0.000
0.000
0.000
11209.000
0.000
12011.000
17037.000
0.000
0.000
11983.667
0.000
0.000
0.000
0.000
25371.000
0.000
0.000
0.000
18554.000
0.000
0.000
0.000
4725.333
0.000
0.000
0.000
0.000
0.000
10358.500
30858.000
0.000
0.000
0.000
0.000
10507.000
10794.500
0.000
12233.000
46214.500
10676.000
10694.000
0.000
0.000
0.000
14055.000
7707.000
0.000
0.000
0.000
0.000
0.000
10931.333
7365.000
12811.000
0.000
0.000
7961.000
10475.000
0.000
0.000
0.000
9467.000
8107.000
0.000
0.000
13304.500
0.000
0.000
11543.000
12661.000
0.000
12414.000
11494.000
15501.500
9514.000
7433.000
0.000
0.000
0.000
10478.000
8059.500
4093.000
0.000
0.000
11388.000
10076.333
0.000
0.000
10454.000
11825.000
11828.500
0.000
0.000
9951.667
0.000
0.000
9187.000
0.000
11857.000
10055.500
1716.000
0.000
11586.000
12826.500
0.000
12275.000
13437.000
12498.500
0.000
0.000
22932.000
23515.000
0.000
0.000
8529.000
0.000
0.000
0.000
0.000
0.000
10371.000
0.000
10562.000
0.000
0.000
7880.000
0.000
0.000
0.000
0.000
0.000
0.000
13556.000
11486.000
0.000
10359.000
0.000
10399.000
0.000
0.000
10493.000
4823.000
0.000
0.000
0.000
0.000
0.000
12512.500
16458.500
0.000
0.000
0.000
11449.000
0.000
0.000
0.000
0.000
0.000
0.000
0.000
0.000
0.000
0.000
0.000
0.000
0.000
0.000
0.000
0.000
0.000
0.000
0.000
0.000
0.000
0.000
0.000
0.000
0.000
0.000
0.000
0.000
0.000
0.000
0.000
0.000
0.000
0.000
0.000
0.000
0.000
0.000
0.000
0.000
0.000
0.000
0.000
0.000
