0.000
0.000
0.000
0.000
0.000
202.922
418.074
632.832
848.367
1066.512
1280.891
1498.012
1710.277
1926.000
2142.676
2355.695
2355.750
2784.906
2999.461
3212.836
3212.980
3641.500
4057.605
4275.484
4489.707
4706.004
4921.820
5135.766
5351.020
5566.133
5781.336
5995.270
6209.828
6424.715
6639.410
6852.973
7066.480
7280.570
7696.766
7911.262
8123.980
8339.785
8556.996
8769.840
8988.344
9203.789
9416.582
9418.359
9846.281
10059.578
10274.160
10490.258
10703.539
10921.137
11337.789
11550.559
11768.418
11778.750
11989.480
12414.086
12634.734
12851.320
13067.602
13280.223
13495.816
13708.598
13923.211
14137.832
14351.527
14565.695
14972.129
15197.352
15410.949
15627.926
15843.547
16059.945
16278.164
16491.633
16706.879
16920.875
17135.531
17349.883
17562.656
17777.004
18193.813
18408.152
18418.457
18828.379
19055.188
19270.199
19485.945
19700.438
19913.766
20129.008
20343.008
20556.457
20772.688
20985.141
21199.078
21619.555
21832.934
22049.762
22268.852
22482.336
22697.902
22912.879
22914.008
23342.246
23557.438
23557.770
23986.539
24199.219
24615.160
24626.418
24832.547
25250.594
25474.910
25480.160
25906.207
26123.270
26336.914
26552.184
26764.902
26978.535
27191.781
27608.590
27621.277
28033.008
28259.734
28475.238
28689.402
28691.559
29119.242
29334.094
29547.023
29761.746
29761.867
30193.484
30612.473
30826.004
31043.680
31258.762
31475.719
31690.699
31904.367
31904.676
32119.914
32335.227
32549.988
32976.633
33380.086
33608.344
33824.844
34041.930
34258.590
34261.102
34690.797
34688.770
34905.266
34905.734
34906.012
34906.305
34908.074
34908.465
35102.164
34902.281
35535.883
35965.023
35966.086
35753.801
35753.859
35753.863
36385.336
36385.973
36386.223
36579.777
37406.602
37656.207
37445.168
37445.492
37445.746
37446.141
37231.934
37436.555
37436.559
38245.086
38271.680
38067.809
38068.406
38276.320
38914.996
38701.543
38487.930
38696.820
39327.629
39755.000
39755.691
39756.234
39957.484
39937.910
40582.883
40801.086
40807.316
40807.527
40808.000
40808.348
41442.039
41871.051
42290.434
42301.242
42301.398
42301.566
42087.367
42509.766
42934.258
42934.449
42935.086
42935.512
42919.336
43137.996
42908.227
43522.996
43333.297
43118.875
43119.180
43743.676
43744.492
43530.785
43531.215
43315.188
43312.613
42885.570
42885.570
43085.063
43095.719
43095.902
43095.918
42881.133
43518.516
43520.152
43520.383
43520.465
43520.848
43308.383
43512.293
43937.320
43506.242
43079.133
42865.371
42849.289
43257.887
42853.676
43057.223
43055.840
43268.012
43478.043
43897.406
43897.719
43897.914
43685.738
44110.652
44117.527
44118.082
44118.527
44118.527
43691.551
44285.027
44316.777
44931.160
44737.270
44737.723
44524.547
45365.965
45162.215
44733.309
44733.688
44297.082
44086.543
43871.461
43871.652
43639.957
43647.262
43434.441
43836.691
43850.348
44269.141
44272.449
44482.289
44477.082
44466.707
44678.641
44893.543
44894.070
44679.637
44466.793
44676.543
45086.410
45098.055
45098.105
44884.926
45094.875
45086.266
45086.547
45492.891
45510.820
45503.684
45926.410
45711.734
45911.215
46135.625
46136.797
46329.383
46131.395
46131.473
45914.527
45905.371
45899.703
45900.090
46109.078
46311.813
46080.777
46080.332
45865.082
46293.918
46296.578
46297.672
46077.496
46073.484
45860.426
45644.313
45857.563
45646.070
45437.246
45228.711
44801.426
44587.379
44796.383
44582.496
44576.559
43941.680
43941.953
43936.445
43937.199
43937.203
43724.820
43724.898
43296.781
43284.945
43499.762
43074.504
43280.707
43283.371
43482.703
43276.898
42847.820
42633.055
42840.813
43056.504
43056.504
43057.258
43057.508
42848.402
43243.727
43046.723
43266.711
42633.406
42209.316
41787.691
41786.883
41788.055
41578.891
41579.047
41579.047
41370.305
41160.629
41160.629
40950.922
40531.859
40315.902
40316.000
40106.930
40106.930
39898.039
39898.039
39687.148
39687.148
38834.602
38625.582
38197.070
38197.207
37981.383
37981.383
37554.148
37345.688
36922.105
36713.164
36713.340
36082.469
35874.387
35665.520
35665.590
35665.590
35457.492
35243.445
35029.145
35029.145
35029.238
34814.539
34391.285
34177.949
33754.641
33335.070
33335.070
