0
0
0
0
0
0
2997
6282
6658
7770
8142
11167
6798
7486
8376
6675
0
13273
11267
15774
0
18498
20190
15998
4497
5028
12714
8455
12257
22402
14860
16190
11471
18846
19953
31935
22322
23511
23121
26563
27653
28912
11683
31380
25720
2943
40007
0
42779
35559
45407
46581
48107
49321
7184
9298
8460
12902
0
14946
17618
18712
24802
27808
26907
30518
33635
34799
35886
37233
0
59091
53084
39055
46165
29549
50832
52854
55339
57215
66412
36624
62792
62287
7671
8951
17176
0
21393
22571
26201
28639
29947
83194
32919
39372
40896
42855
44080
45261
46449
39991
53157
59387
60341
6661
0
13749
9963
0
12680
14381
2659
20351
0
9301
48164
29925
35957
116192
115077
3903
1655
10197
12663
14657
33159
0
21196
21024
27027
0
84844
133222
35215
37636
0
41432
13592
15196
16893
112591
142518
15926
101601
0
30729
32138
369
16749
0
19734
81416
22732
7689
11191
122377
136510
10208
33072
0
0
0
0
0
11906
22252
48091
0
0
0
0
17994
0
0
0
97555
11539
0
0
0
0
0
13893
0
0
14888
13886
0
15080
17037
0
0
12785
17324
17904
0
0
0
15345
9617
6464
6485
0
0
0
11279
8624
7803
7307
0
0
0
11960
11722
0
0
0
0
11408
0
12011
27030
0
0
12259
0
0
0
0
25371
0
0
0
18554
0
0
0
7480
0
0
0
0
0
10464
77124
0
0
0
0
10507
11272
0
12233
80235
10676
11597
0
0
0
14055
7896
0
0
0
0
0
12080
7365
24046
0
0
8801
10475
0
0
0
9467
8107
0
0
16117
0
0
12516
12909
0
12414
11494
21435
9514
7433
0
0
0
10478
8514
4093
0
0
11388
10863
0
0
10693
11825
13074
0
0
13453
0
0
9474
0
11857
10996
1716
0
11586
12922
0
12275
13437
14417
0
0
22932
23515
0
0
8529
0
0
0
0
0
10371
0
10562
0
0
7880
0
0
0
0
0
0
17607
11486
0
10359
0
10399
0
0
10493
7481
0
0
0
0
0
14160
21206
0
0
0
11449
0
0
0
0
0
0
0
0
0
0
0
0
0
0
0
0
0
0
0
0
0
0
0
0
0
0
0
0
0
0
0
0
0
0
0
0
0
0
0
0
0
0
0
0
