0
0
0
0
0
1
6
3
2
3
4
4
3
3
2
2
4
5
3
4
5
3
5
29
25
23
20
16
12
11
9
8
4
3
3
3
2
1
1
3
1
2
3
1
2
11
3
0
1
6
2
1
1
0
2
3
1
1
1
3
1
1
1
2
1
2
3
0
0
1
1
2
2
2
3
3
2
4
2
1
1
43
28
17
5
2
2
4
4
4
4
4
3
4
2
3
3
4
4
4
7
6
7
6
7
5
3
4
3
3
4
5
5
5
4
5
3
1
2
6
12
6
2
2
3
3
3
4
2
2
5
2
2
1
2
1
1
2
2
1
3
4
4
9
8
8
4
5
5
5
5
7
6
7
6
5
9
8
8
8
7
7
7
7
10
6
11
10
8
7
7
7
4
5
5
6
9
5
3
2
4
2
3
4
1
6
4
3
3
3
3
2
1
1
3
0
1
2
3
4
4
3
0
2
1
1
2
2
1
1
1
1
1
3
4
3
4
3
4
4
5
8
5
4
4
5
2
3
3
3
3
3
3
5
4
3
3
2
4
2
2
2
2
2
3
3
2
1
2
3
5
4
2
2
3
3
4
2
3
1
4
2
1
0
0
3
4
3
7
5
4
5
5
4
3
2
3
3
4
4
3
3
3
5
6
6
5
4
5
5
4
5
5
5
3
3
7
4
6
4
4
4
5
5
2
4
4
4
5
3
4
6
3
0
3
4
4
3
2
5
4
5
3
7
3
5
5
4
4
5
5
5
5
5
5
5
5
4
5
4
5
6
4
4
4
4
3
4
6
3
5
3
4
3
2
3
4
3
2
2
2
2
2
3
3
2
2
2
3
3
3
3
3
3
3
3
2
2
1
1
1
1
1
1
1
1
1
1
1
1
1
1
1
1
1
1
0
0
0
0
0
0
0
0
0
0
0
0
0
0
0
0
0
