5326 5036
6334 5963
7330 6296
8317 7415
9310 8511
10335 9720
11329 10810
12324 6383
13310 7919
14334 9447
15330 10555
17310 12930
17318 12828
18334 14164
19325 15683
21309 18118
21318 17929
22333 19803
23326 20947
24321 22599
25309 23713
26350 24899
27345 8118
28317 9434
29310 11839
30334 12996
31325 14492
32317 15794
33309 17207
34333 18434
35325 19695
36322 20910
37310 21967
38279 23156
39325 24930
40318 25937
41310 27208
42335 28498
43326 30000
44318 31003
45310 32289
46334 34312
47325 36953
48322 39525
50310 41726
50334 42407
51325 43736
52322 44977
53310 46158
54334 47718
55327 48902
56317 6755
57310 8850
58333 10835
59326 12452
61318 14607
62310 15844
62333 16168
63326 17261
64318 18361
65310 24404
66333 27412
67326 28997
68318 30119
69280 33236
70334 34422
71327 35509
72280 36813
74310 38933
74333 40355
75327 41966
76318 44344
77310 45744
78342 47931
79325 49043
80317 50505
81310 52438
82333 54971
83325 56803
84317 58960
85310 60971
86333 62388
87326 63994
88318 7277
89309 8532
90333 16748
92317 20956
92326 19054
93310 22150
94338 24012
95326 25841
96318 28196
97309 29570
98333 30936
99326 32556
100317 38977
101310 40516
102334 42419
103325 43730
104318 44913
105309 46061
106338 47916
107326 52778
108317 53908
109310 56089
110334 59945
111325 6230
113310 8967
113318 8926
114333 10091
116318 14968
116326 12247
117310 16763
118335 18775
119325 19924
121318 23136
122311 25007
122334 25925
123331 29492
125310 35547
125319 34392
126333 38987
127326 42012
128317 43974
129282 46863
130334 9766
131281 12262
132317 14245
133310 15922
135330 20814
135334 19918
136317 21950
137310 24152
138337 26631
140317 30931
140326 30304
141310 32950
142334 34880
143326 37227
145310 8989
145318 8042
146333 13149
147281 14770
148317 16490
149311 19974
150339 22009
151326 23994
152318 25651
153315 26975
155335 30348
156327 31751
157318 8652
158315 12912
158333 16327
160319 19286
160327 19152
161310 20924
162337 22376
163329 7311
164318 10778
166310 12956
166338 15407
167325 16980
168316 9747
169311 10942
175327 11523
175339 17951
177319 10927
177321 14772
177327 10225
178316 15931
178337 10941
183287 17173
183330 9546
183337 17590
187290 8860
187303 7717
188280 8839
188285 7694
188298 10381
188299 7618
188311 11064
189279 6867
195304 13474
195311 13024
198259 10568
198284 13751
198297 10373
198305 14536
199263 13458
202313 14722
203292 9307
203298 16999
203305 16600
206315 12413
207260 15772
207308 15690
207344 16898
208299 17519
208308 9164
212300 14905
213387 10036
213410 9194
213839 7050
214403 9195
214406 6044
215465 6056
220451 10313
220457 10869
220463 8144
220472 10562
221420 7932
221455 8155
222470 7414
223463 6839
228459 11565
228466 8892
228482 9440
229447 7933
229452 11295
229454 9960
234424 10609
234478 11028
236459 11604
237429 12653
237473 10625
237561 8037
241571 11784
241579 11087
241587 11897
246629 9062
250722 9051
255473 7045
255745 9045
255807 5047
262307 9859
262316 10053
263033 8041
263047 6623
263056 7217
268361 10047
269354 10912
269377 9909
271371 11803
272362 11808
273358 10292
274379 10298
275329 9381
275376 11157
280007 6595
280020 7068
280999 7509
286997 11669
287010 9260
287019 10596
288789 7013
289005 10378
289096 9014
292593 8152
292600 8361
293160 6037
293579 10039
297635 9059
299427 9059
302382 10041
302401 9725
305389 11869
305396 12095
306396 9417
307380 12535
307402 11993
309392 12009
310386 11100
311397 9213
311405 11906
312387 9039
313842 7041
317936 10064
319471 7134
319480 8062
319788 10050
323471 10956
324460 10490
324474 8520
324482 10042
327463 9793
327477 10282
329432 11394
330433 12648
330465 10200
332925 8045
332945 7502
333459 12973
336248 8479
336257 9042
339275 11388
340265 10629
340285 8716
341257 11142
343274 11186
344258 12472
344266 12295
346254 11857
347275 12955
348270 12315
349251 10724
349261 13957
349271 11417
352271 11935
353259 11964
356795 8058
363125 10018
365356 10038
369004 10044
376143 7044
376418 9056
376917 11058
379139 9969
381482 10035
385261 10055
386050 9039
386076 7063
392555 10451
392564 11058
393547 11259
394203 8062
398683 11018
