5036
5963
6296
7415
8511
9720
10810
6383
7919
9447
10555
12930
12828
14164
15683
18118
17929
19803
20947
22599
23713
24899
8118
9434
11839
12996
14492
15794
17207
18434
19695
20910
21967
23156
24930
25937
27208
28498
30000
31003
32289
34312
36953
39525
41726
42407
43736
44977
46158
47718
48902
6755
8850
10835
12452
14607
15844
16168
17261
18361
24404
27412
28997
30119
33236
34422
35509
36813
38933
40355
41966
44344
45744
47931
49043
50505
52438
54971
56803
58960
60971
62388
63994
7277
8532
16748
20956
19054
22150
24012
25841
28196
29570
30936
32556
38977
40516
42419
43730
44913
46061
47916
52778
53908
56089
59945
6230
8967
8926
10091
14968
12247
16763
18775
19924
23136
25007
25925
29492
35547
34392
38987
42012
43974
46863
9766
12262
14245
15922
20814
19918
21950
24152
26631
30931
30304
32950
34880
37227
8989
8042
13149
14770
16490
19974
22009
23994
25651
26975
30348
31751
8652
12912
16327
19286
19152
20924
22376
7311
10778
12956
15407
16980
9747
10942
11523
17951
10927
14772
10225
15931
10941
17173
9546
17590
8860
7717
8839
7694
10381
7618
11064
6867
13474
13024
10568
13751
10373
14536
13458
14722
9307
16999
16600
12413
15772
15690
16898
17519
9164
14905
10036
9194
7050
9195
6044
6056
10313
10869
8144
10562
7932
8155
7414
6839
11565
8892
9440
7933
11295
9960
10609
11028
11604
12653
10625
8037
11784
11087
11897
9062
9051
7045
9045
5047
9859
10053
8041
6623
7217
10047
10912
9909
11803
11808
10292
10298
9381
11157
6595
7068
7509
11669
9260
10596
7013
10378
9014
8152
8361
6037
10039
9059
9059
10041
9725
11869
12095
9417
12535
11993
12009
11100
9213
11906
9039
7041
10064
7134
8062
10050
10956
10490
8520
10042
9793
10282
11394
12648
10200
8045
7502
12973
8479
9042
11388
10629
8716
11142
11186
12472
12295
11857
12955
12315
10724
13957
11417
11935
11964
8058
10018
10038
10044
7044
9056
11058
9969
10035
10055
9039
7063
10451
11058
11259
8062
11018
