0
0
0
0
0
0
5424
3530
6536
4492
6610
7920
9284
10127
6017
10321
6480
7677
9587
13127
14838
16215
17868
20313
6913
8369
9662
13053
14025
16584
18943
19877
22234
23914
7573
11286
13060
15470
18260
19716
22028
6412
0
10880
12290
13821
15057
17585
19807
21413
8278
10603
17712
6805
9628
10791
6813
9764
10879
7964
9254
6873
0
136
0
125
135
0
6241
5464
0
145
152
5191
6162
0
156
8183
0
0
0
5383
118
5263
5188
148
152
153
0
5188
5770
11029
150
0
5282
5280
0
5180
135
141
5281
5696
0
159
5192
0
0
5299
0
0
0
0
56170
0
55412
56311
0
0
137
5296
0
142
128
56741
57074
0
57245
0
55478
154
5249
0
0
128
0
5183
0
0
0
0
0
5273
5820
6017
0
11025
5308
0
0
0
0
0
0
0
0
0
0
0
0
0
5269
0
5212
0
0
0
0
0
9306
7225
0
161
0
0
0
0
0
0
172
0
0
165
10298
0
0
0
0
0
0
8285
10200
0
10303
9302
0
0
118
0
0
128
5279
0
145
0
0
0
9287
154
0
140
139
0
0
0
0
0
0
0
0
0
10278
0
121
0
8284
10983
0
0
9310
0
0
0
0
0
0
0
0
7155
5166
0
0
133
144
0
0
0
0
0
0
0
0
143
0
0
10222
168
0
173
0
168
0
0
0
0
0
0
0
0
149
9311
0
168
0
157
136
0
0
147
9342
160
0
0
0
0
0
0
0
0
0
8295
9117
0
0
0
10200
0
0
0
0
0
10178
10779
9288
0
123
0
10173
0
0
0
0
0
0
0
7204
0
0
153
0
132
0
0
0
0
0
0
0
0
0
151
0
0
9286
0
0
0
11395
0
5276
0
163
0
6205
0
5193
0
147
159
0
154
9310
9692
143
9271
8293
0
142
0
145
10295
0
0
9283
5141
5158
0
0
0
118
0
6388
0
0
148
5217
0
150
123
5255
6085
0
0
115
136
5154
5432
0
0
0
0
0
0
0
0
0
0
126
0
0
0
0
9171
0
0
0
0
8175
0
135
0
9217
0
239
0
0
0
9302
0
143
10245
7296
150
146
0
0
0
0
0
0
5170
5305
5186
0
5257
5290
0
154
127
0
0
0
0
8176
5276
0
0
0
0
0
0
0
9321
157
0
5271
0
5166
0
136
0
0
0
0
0
0
10181
8305
0
0
138
131
0
0
5290
5247
5312
5895
0
0
0
0
0
5178
0
0
0
0
0
6187
160
0
5179
5998
0
0
0
0
0
8294
0
0
0
0
0
182
0
0
145
0
5275
0
0
0
0
9199
0
0
0
0
159
0
0
0
143
0
0
125
0
0
0
8201
145
0
0
0
0
10301
0
137
0
0
0
0
0
0
0
135
146
0
0
0
157
0
150
0
135
0
142
10176
0
0
0
0
0
0
10290
6180
0
0
0
0
0
10273
0
0
9270
0
0
0
10180
8301
0
0
0
0
10278
0
0
0
0
0
0
0
0
0
0
0
0
0
0
0
0
0
0
0
0
0
0
0
0
0
0
0
0
0
0
0
0
0
0
0
0
0
0
0
0
0
0
0
0
0
0
0
0
0
0
0
0
0
0
0
0
0
0
0
153
0
5165
0
0
0
0
7304
10907
0
0
130
0
0
0
0
0
10315
0
11992
0
0
7294
157
147
0
0
0
0
5194
164
5175
0
0
0
0
0
11715
0
9298
8336
5267
0
0
0
0
0
145
0
0
10299
0
0
0
0
0
162
0
11236
0
0
0
0
0
0
0
0
0
0
0
0
0
0
9210
5296
0
139
0
0
0
0
0
0
0
9213
0
0
0
0
0
0
0
0
0
0
0
0
0
0
0
0
0
0
10201
8201
0
0
0
0
0
0
0
0
0
0
5191
0
0
0
138
0
0
0
130
6258
5275
115
0
121
5188
5955
6765
127
0
130
0
10381
0
0
0
0
0
10237
0
0
0
0
0
10305
8338
0
0
0
10306
10296
0
0
0
0
0
0
0
0
0
0
0
0
0
8310
7280
0
0
5295
0
0
0
0
7282
10301
0
161
0
8312
172
0
0
0
5198
0
5265
0
5168
143
0
0
0
0
0
0
10197
6281
5266
0
5200
5254
5384
0
0
0
0
0
0
0
0
5199
5263
0
5164
0
0
0
0
0
0
6291
0
0
0
0
0
16228
0
0
0
0
0
0
0
9165
0
0
0
0
0
0
0
0
0
0
0
0
0
0
0
0
0
0
160
0
0
0
0
7188
0
0
0
0
0
0
0
0
0
0
0
0
9180
0
9194
0
0
0
0
0
0
0
5221
0
0
5277
0
146
133
0
0
0
0
0
0
0
6194
0
0
0
0
0
0
0
0
0
0
0
9193
0
0
0
0
0
10314
9921
0
0
10303
0
0
0
8217
0
0
0
0
0
0
8690
0
0
9306
0
0
5324
5802
0
0
0
5165
0
0
0
0
131
8194
154
0
0
0
0
0
6196
0
0
0
0
0
0
0
0
0
0
0
0
0
0
0
141
0
0
0
0
0
5170
0
0
0
0
0
0
0
0
0
0
0
0
0
0
0
136
10173
9292
0
0
0
9331
0
0
0
5166
0
0
0
0
5278
0
0
0
0
0
0
0
5166
133
148
0
0
0
0
0
0
0
5175
5944
6358
6765
0
5302
5763
2060
0
0
0
0
0
0
133
0
0
0
0
0
0
0
0
0
0
0
0
0
0
0
0
0
0
0
0
0
0
0
0
0
0
0
0
0
0
0
0
0
0
0
0
0
0
0
0
0
0
0
0
0
0
0
0
0
5201
141
0
0
0
0
0
0
0
7199
170
163
0
10830
0
0
11207
0
0
10202
9983
0
0
131
5579
11026
0
0
145
7270
0
0
0
0
0
10267
0
0
5288
123
0
5158
6176
0
0
149
143
0
6163
0
142
133
0
9378
0
0
0
0
10296
10187
0
0
0
0
0
135
0
0
0
0
1446
10389
0
10297
5251
5593
0
5286
0
0
148
153
0
10423
0
0
9205
0
5218
5279
0
0
0
5301
0
0
0
5304
0
0
0
0
0
0
9209
0
0
5196
0
0
5159
5282
0
0
0
0
5569
0
0
0
0
0
10183
147
0
0
0
9187
157
0
9285
0
0
0
11069
6264
0
0
0
0
0
0
9175
0
0
5282
0
0
0
0
0
0
0
0
0
0
0
0
0
0
0
0
0
0
0
0
0
0
0
0
0
0
0
0
0
0
0
0
0
0
0
0
0
0
0
0
0
9310
0
0
5271
0
0
0
0
5178
0
5179
0
0
0
150
6189
10989
0
0
0
0
0
0
0
8173
5302
0
0
0
0
0
0
0
0
0
0
0
0
0
5171
5186
180
0
159
0
0
0
10325
9314
0
0
0
0
9237
0
0
9229
0
0
11494
135
9288
141
0
0
0
0
0
5170
0
5157
0
5266
5241
0
0
138
163
0
10276
0
8304
0
0
0
0
0
10298
0
0
0
0
0
0
0
0
0
118
0
0
9174
8266
0
0
0
10285
0
0
6273
0
0
133
133
0
0
0
0
125
0
6180
0
143
0
0
0
0
0
0
0
0
0
0
0
8272
0
0
0
10186
0
5220
0
5273
0
0
0
0
0
0
0
5173
5365
0
5184
0
0
0
0
0
0
0
166
145
0
0
0
147
0
0
0
5181
0
0
0
0
0
10018
11922
0
0
0
11201
0
0
0
0
0
6186
0
5324
0
0
5334
5295
5872
0
0
0
116
0
0
147
0
8293
0
0
0
0
135
0
0
0
0
0
0
0
0
139
0
0
0
0
0
0
0
0
0
0
131
0
0
0
0
0
0
5155
0
5173
0
0
135
0
0
0
0
6267
0
0
0
0
0
0
9275
0
9291
0
0
0
0
0
0
0
0
0
0
0
0
0
0
0
0
0
0
0
0
0
0
0
0
0
0
0
0
0
0
0
0
0
0
0
0
0
0
0
0
0
0
0
0
0
0
0
0
0
0
0
0
