5040
5812
6279
7538
6417
7730
9082
10376
11734
13049
6275
7493
9381
10922
12901
14643
15985
17625
19919
6647
8187
9476
12679
13823
16269
18750
20840
22060
23732
7362
11102
12763
15236
18021
19543
21805
6121
9628
10563
12114
13584
14769
16099
17435
19626
21190
8095
10341
17534
6564
9350
10571
6481
9559
10709
7766
8975
6671
6044
5255
5008
5824
7960
5172
5060
5010
5008
5583
5388
5054
5061
5009
5047
5472
5009
5058
5046
5791
5009
5034
5054
5057
5021
5009
5039
5065
5008
5050
5542
5789
5061
5063
5010
8741
9048
7011
5010
10056
8066
10015
10047
9057
5052
9062
10067
6009
9012
8063
10663
9067
7012
5010
7013
10014
5061
9069
9039
8055
8846
10015
10014
7512
10542
9046
10015
6663
7049
7011
6438
9068
7911
8066
11187
8534
9064
5056
6010
5447
5009
9042
8678
9485
6066
9054
8059
10049
9014
9070
5010
5007
6049
5010
5062
5868
5009
5247
9013
8013
8013
9014
8350
9063
10013
9336
7037
5009
5059
5009
5051
5052
8013
5046
5041
7012
9048
5061
5010
10016
6434
8045
7047
5059
5009
5038
5642
5010
6010
5009
5796
8037
6042
5053
6012
9015
8014
5061
7051
10043
10017
8042
10050
7011
6010
10045
9721
9059
10015
9014
9337
10048
5009
7050
10664
10049
11803
9013
7065
5007
5008
11523
9044
8053
5052
10067
11018
6067
6061
9015
5041
9015
6158
10017
8011
5010
6053
5055
5008
5757
6545
10188
10014
9459
10063
8045
10046
10132
8064
7066
5052
5063
7060
9688
10067
7476
8044
5009
5060
5007
10014
8062
6051
5035
5010
5056
5148
5007
5032
5009
6063
16022
9024
10052
5032
9014
8417
7012
5066
9013
9015
5010
5057
6011
9014
9897
10055
9671
10049
8014
9037
5045
9043
8038
7040
5038
5581
5010
7214
8011
7930
6012
5010
10016
9050
9064
5008
5056
5010
5008
5807
6205
6611
5060
5610
5617
5009
7011
10577
8035
11015
10013
9855
5044
9416
9737
5406
9448
10243
10803
7650
7051
6041
10070
5061
5009
5926
6011
5719
9178
10060
10016
10031
6049
9256
10060
5057
5337
5031
10136
9014
5008
5061
5058
5039
9015
5007
5009
5053
5058
5354
6036
10015
9015
7919
8824
9055
10909
10371
6042
9011
5052
7012
9013
5054
5009
5009
6010
10802
8014
5061
5010
5009
9356
10059
7038
9049
9041
8775
9063
9997
11295
6041
9039
5010
5008
5054
5060
10076
8051
10054
7041
9012
7071
8054
9413
10054
6066
6010
5545
8053
10016
5007
5060
5008
5207
5008
5009
9792
8506
10948
11684
5063
9049
11016
5171
6010
5058
5046
5080
5682
9052
8049
5009
5015
6060
9058
9055
