0
0
0
0
0
0
2
3
4
5
6
7
8
9
10
11
12
13
14
15
16
17
18
19
20
22
23
24
25
26
27
28
29
30
31
32
33
34
35
36
37
38
39
41
42
43
44
45
46
47
48
49
50
51
52
53
54
55
56
57
59
60
61
62
63
64
64
65
66
67
68
68
68
68
68
69
70
71
72
72
72
73
74
74
74
74
74
74
74
75
76
76
76
76
76
76
76
77
77
77
77
78
78
78
78
79
80
81
82
82
82
83
83
84
85
86
86
87
87
88
88
88
89
90
90
90
91
91
91
91
91
92
93
93
93
93
93
93
93
94
96
96
96
96
97
97
97
97
99
100
100
100
100
100
99
98
98
98
98
98
98
99
100
100
100
101
100
99
98
98
98
98
98
98
99
99
99
98
98
98
98
98
98
98
99
99
99
99
99
98
98
101
102
101
101
101
100
99
99
99
100
100
100
100
102
102
101
99
97
97
97
97
97
97
98
100
100
100
100
100
100
100
102
103
104
104
103
103
103
101
101
101
99
101
101
101
101
98
98
99
99
99
98
98
98
98
98
98
97
97
97
97
97
97
97
98
99
100
100
99
98
98
98
98
98
98
98
100
100
100
100
100
100
101
101
101
102
103
103
104
103
103
103
103
103
103
105
106
106
106
106
107
107
105
105
104
104
104
104
104
104
104
106
107
108
108
108
106
106
105
105
105
105
105
105
105
106
106
106
109
109
108
107
107
107
107
107
107
107
109
109
109
109
109
109
108
109
110
110
110
110
111
111
111
111
110
110
110
110
110
109
109
110
110
110
110
110
112
112
112
112
111
111
111
111
111
111
112
113
113
114
114
114
114
115
114
114
113
113
112
112
112
112
110
110
111
111
111
110
110
110
109
109
109
108
108
107
107
107
107
107
106
106
106
105
105
104
104
104
104
102
101
101
101
101
101
100
99
98
98
98
98
97
97
96
95
94
93
92
92
92
92
92
92
92
92
92
