0.000
0.000
0.000
0.000
0.000
0.000
397.258
589.160
782.336
1000.746
1192.242
1404.898
1606.391
1867.844
2075.633
2266.695
2458.824
2651.246
2843.375
3036.418
3229.609
3421.906
3638.129
3829.973
4050.055
4430.832
4638.184
4877.105
5088.504
5289.641
5482.074
5674.305
5866.813
6059.305
6253.254
6458.133
6665.313
6858.805
7075.375
7268.988
7492.074
7685.004
7878.516
8251.617
8450.629
8649.922
8853.285
9049.129
9242.793
9443.699
9648.051
9850.145
10042.457
10244.207
10475.133
10668.355
10861.238
11053.664
11245.574
11438.469
11804.328
12002.207
12194.176
12412.500
12612.680
12820.230
12820.863
12996.641
13192.391
13393.316
13589.785
13593.367
13593.613
13602.879
13602.883
13814.711
14005.852
14198.227
14386.742
14405.129
14405.371
14588.441
14778.129
14789.586
14798.738
14798.918
14799.387
14799.566
14799.691
14992.086
15183.902
15183.902
15184.129
15197.430
15218.926
15218.926
15220.176
15409.082
15412.516
15412.516
15412.590
15586.012
15611.605
15625.680
15625.699
15818.160
16010.438
16223.293
16445.008
16445.309
16445.508
16618.301
16638.063
16830.406
17022.703
17214.621
17227.637
17401.734
17433.879
17626.250
17626.598
17640.164
17833.379
18041.465
18041.867
18042.141
18236.035
18236.840
18237.609
18252.527
18260.852
18434.258
18626.363
18657.367
18657.383
18657.652
18657.719
18657.973
18657.977
18864.711
19231.355
19249.680
19258.039
19258.172
19450.516
19450.699
19451.031
19451.070
19817.367
20010.504
20039.215
20039.285
20039.520
20053.016
19861.289
19668.617
19669.367
19705.910
19705.988
19706.246
19707.102
19881.320
20080.898
20093.531
20103.754
20305.582
20113.828
19922.051
19743.352
19743.746
19744.609
19744.609
19745.613
19746.672
19909.129
19939.656
19939.746
19749.410
19762.828
19763.281
19782.352
19794.109
19794.605
19808.445
19997.379
20007.523
20008.059
20035.133
20058.172
19875.676
19876.680
20445.867
20660.395
20473.648
20490.840
20505.059
20303.594
20110.738
20123.199
20124.039
20321.922
20321.926
20322.184
20323.066
20697.336
20697.813
20505.445
20120.289
19736.473
19746.484
19766.762
19789.352
19789.469
19816.000
20016.746
20413.902
20415.680
20416.273
20431.832
20432.449
20446.617
20447.188
20828.738
21035.168
21229.258
21258.430
21067.871
21081.156
21081.539
20697.641
20711.840
20725.203
20341.844
20730.715
20730.969
20731.148
20731.383
20154.281
20154.281
20329.371
20342.477
20342.477
20150.117
20150.430
20150.430
20150.430
20150.441
20150.445
19958.133
19958.141
19970.324
19979.543
19984.012
19984.789
20008.676
20195.793
20387.855
20580.328
20580.645
20378.672
20196.477
20196.500
20196.707
20214.281
20228.336
20229.344
20229.805
20608.152
20608.637
20608.918
20609.410
20609.570
20610.129
20797.656
20797.656
20797.977
21001.680
21207.801
21208.152
21383.039
21210.602
21210.711
21224.461
21225.367
21226.293
21254.578
21622.215
21831.992
21845.586
21845.922
21860.621
22052.684
22052.754
21667.934
21668.902
21486.113
21487.496
21488.277
21488.277
21489.055
21489.766
21490.844
21870.770
22059.336
22250.004
22244.742
22263.145
21877.445
21877.879
21685.273
21693.680
21694.488
21671.746
21690.082
21703.391
21729.121
21924.281
21946.109
21927.727
22489.121
22520.203
22333.418
22141.871
22142.656
22153.211
22153.805
22168.332
22182.012
22209.340
22594.699
22596.031
22609.094
22631.770
22632.695
22646.102
22454.375
22652.230
22848.730
22849.125
22849.316
22850.563
23043.371
23044.000
23045.973
23047.367
22854.453
22856.277
22856.660
22856.660
22857.313
22665.863
22666.625
22860.316
22860.316
22872.566
22872.746
22886.895
23269.172
23269.426
23269.801
23275.832
23095.703
23096.422
23097.289
23097.875
23097.883
23098.832
23273.555
23499.016
23499.770
23675.023
23693.938
23694.199
23708.547
23901.398
23709.113
23722.598
23509.023
23522.477
23332.066
23332.066
23332.605
23332.613
22938.168
22938.172
23125.832
23126.137
23126.406
22925.008
22925.012
22925.793
22724.277
22724.277
22724.277
22530.641
22530.641
22328.387
22328.492
22328.555
22328.555
22329.051
22141.574
22141.574
22141.574
21953.781
21953.785
21766.480
21766.480
21766.480
21766.480
21345.254
21152.848
21152.852
21152.852
21152.852
21152.852
20923.820
20730.340
20538.008
20538.008
20538.160
20538.160
20336.273
20336.324
20120.141
19932.152
19744.125
19528.246
19336.410
19336.410
19336.410
19336.410
19336.410
19336.410
19336.410
19336.484
19336.500
