5477 5040
6472 5812
7431 6279
8430 7538
9480 6417
10472 7730
11464 9082
12456 10376
13479 11734
14472 13049
15464 6275
16456 7493
17481 9381
18472 10922
19451 12901
20461 14643
21479 15985
22471 17625
23426 19919
24460 6647
25480 8187
26472 9476
27463 12679
28429 13823
29428 16269
30471 18750
31463 20840
32429 22060
33479 23732
34429 7362
35467 11102
36455 12763
37483 15236
38428 18021
39463 19543
40456 21805
41480 6121
43431 9628
43468 10563
44456 12114
45479 13584
46471 14769
47462 16099
48455 17435
49430 19626
50430 21190
51428 8095
52456 10341
53480 17534
54471 6564
55463 9350
56456 10571
57429 6481
58476 9559
59429 10709
60429 7766
61430 8975
62429 6671
69701 6044
70703 5255
75347 5008
76348 5824
79400 7960
83656 5172
85227 5060
86449 5010
91402 5008
92455 5583
93402 5388
96685 5054
97768 5061
100624 5009
103271 5047
104265 5472
107141 5009
110184 5058
115337 5046
116300 5791
117926 5009
118954 5034
123017 5054
127624 5057
128576 5021
130529 5009
132810 5039
135018 5065
140384 5008
145804 5050
146763 5542
147816 5789
151529 5061
166508 5063
167717 5010
174468 8741
174476 9048
175169 7011
175254 5010
189592 10056
196996 8066
197105 10015
200056 10047
200493 9057
207724 5052
214865 9062
229013 10067
229140 6009
229150 9012
233444 8063
234202 10663
237039 9067
246957 7012
247740 5010
264849 7013
264862 10014
265257 5061
280207 9069
289999 9039
301443 8055
302436 8846
306831 10015
313255 10014
314138 7512
314256 10542
315150 9046
319200 10015
319378 6663
319391 7049
327751 7011
327793 6438
346317 9068
346860 7911
346915 8066
350902 11187
351172 8534
351182 9064
352649 5056
357482 6010
357512 5447
358760 5009
365100 9042
365122 8678
366115 9485
368438 6066
368716 9054
369443 8059
375127 10049
375389 9014
378609 9070
378785 5010
379786 5007
386289 6049
390555 5010
395081 5062
396072 5868
400863 5009
401896 5247
419183 9013
419476 8013
424044 8013
428114 9014
434372 8350
434381 9063
438480 10013
438508 9336
438907 7037
448816 5009
449896 5059
451028 5009
452424 5051
453673 5052
461916 8013
462184 5046
463688 5041
471477 7012
471825 9048
475144 5061
477018 5010
486280 10016
487863 6434
487875 8045
487898 7047
494411 5059
495869 5009
497256 5038
498284 5642
504222 5010
511204 6010
513849 5009
514850 5796
520997 8037
521365 6042
533128 5053
538301 6012
538477 9015
554874 8014
554956 5061
561148 7051
561558 10043
584178 10017
592067 8042
592249 10050
592713 7011
592947 6010
599479 10045
599505 9721
602221 9059
606599 10015
607110 9014
612407 9337
612438 10048
678437 5009
683611 7050
684444 10664
693589 10049
695557 11803
696175 9013
699324 7065
706911 5007
708235 5008
715243 11523
717133 9044
717860 8053
718985 5052
728089 10067
736669 11018
736772 6067
752593 6061
752819 9015
753709 5041
763879 9015
784316 6158
784789 10017
785318 8011
796753 5010
805809 6053
807786 5055
811187 5008
812236 5757
813224 6545
819223 10188
825337 10014
825388 9459
831093 10063
832580 8045
836502 10046
837495 10132
852645 8064
852955 7066
853800 5052
856424 5063
862330 7060
862701 9688
862709 10067
867075 7476
867107 8044
872076 5009
874664 5060
877102 5007
884921 10014
884965 8062
885457 6051
887530 5035
888785 5010
890344 5056
891338 5148
901217 5007
902218 5032
903831 5009
911698 6063
917410 16022
917844 9024
917882 10052
925928 5032
926001 9014
926051 8417
951244 7012
951533 5066
964464 9013
967454 9015
974990 5010
978569 5057
989675 6011
1002251 9014
1008945 9897
1008986 10055
1009996 9671
1012950 10049
1017203 8014
1024300 9037
1027817 5045
1028013 9043
1028099 8038
1028155 7040
1030760 5038
1031731 5581
1036331 5010
1042555 7214
1042556 8011
1042586 7930
1050328 6012
1073491 5010
1090979 10016
1092045 9050
1095663 9064
1100900 5008
1105293 5056
1114648 5010
1124859 5008
1125895 5807
1126888 6205
1127916 6611
1129799 5060
1130749 5610
1131784 5617
1191607 5009
1200838 7011
1204886 10577
1208003 8035
1208758 11015
1211578 10013
1211628 9855
1211688 5044
1212611 9416
1212619 9737
1216684 5406
1217654 9448
1217655 10243
1217685 10803
1217689 7650
1222139 7051
1228306 6041
1228346 10070
1232008 5061
1234602 5009
1235673 5926
1242156 6011
1242183 5719
1247213 9178
1252374 10060
1253487 10016
1265722 10031
1268560 6049
1268877 9256
1268883 10060
1269063 5057
1270055 5337
1272935 5031
1278921 10136
1282342 9014
1284139 5008
1285192 5061
1289576 5058
1293545 5039
1301329 9015
1304560 5007
1307177 5009
1308681 5053
1313064 5058
1314016 5354
1319922 6036
1320426 10015
1325311 9015
1328422 7919
1328452 8824
1328458 9055
1332417 10909
1332459 10371
1333457 6042
1341202 9011
1344489 5052
1388421 7012
1388423 9013
1391177 5054
1397062 5009
1399144 5009
1404667 6010
1405151 10802
1413728 8014
1415049 5061
1429256 5010
1430298 5009
1437324 9356
1437334 10059
1438810 7038
1438841 9049
1444268 9041
1447641 8775
1447693 9063
1450668 9997
1450677 11295
1452625 6041
1452749 9039
1459523 5010
1462527 5008
1463816 5054
1465320 5060
1471458 10076
1473283 8051
1479959 10054
1479962 7041
1493580 9012
1494169 7071
1494211 8054
1498733 9413
1498743 10054
1502133 6066
1513078 6010
1513128 5545
1528292 8053
1532406 10016
1534516 5007
1536936 5060
1545600 5008
1546601 5207
1548012 5008
1566167 5009
1572170 9792
1572217 8506
1573214 10948
1573215 11684
1577513 5063
1577516 9049
1578207 11016
1584454 5171
1584456 6010
1586281 5058
1589608 5046
1590571 5080
1591625 5682
1600535 9052
1600963 8049
1635044 5009
1636298 5015
1645363 6060
1652367 9058
1654545 9055
