0.000
0.000
0.000
0.000
0.000
0.000
2004.333
6017.000
5406.000
5539.667
6990.000
3062.500
2305.000
4172.167
5939.000
14039.000
15407.000
3759.000
8424.000
9799.000
11190.000
12444.000
8654.333
15480.000
3065.667
6938.000
17550.000
8237.500
9827.667
15296.000
9328.000
28175.000
10305.000
13175.000
14924.000
8169.500
14544.000
19030.000
13610.333
20946.000
8230.000
25231.000
26495.000
14126.500
14798.000
18589.000
21687.000
8674.000
10087.000
4362.000
8176.000
9358.000
11174.000
11163.000
9817.000
26645.000
30239.000
6813.000
7963.000
9254.000
10660.000
17088.000
21009.000
7357.333
3389.500
7687.000
0.000
0.000
5267.000
5777.000
6421.000
5992.000
0.000
152.000
0.000
1844.667
5170.000
5790.000
157.000
5177.000
0.000
0.000
5191.000
5892.000
165.000
0.000
0.000
0.000
0.000
5317.000
5915.000
0.000
0.000
156.000
143.000
0.000
0.000
5273.000
0.000
0.000
0.000
0.000
2712.000
134.000
0.000
5265.000
5364.000
1834.667
2655.000
0.000
0.000
0.000
5249.000
5253.000
5321.000
5264.000
103.000
0.000
2710.500
5262.000
0.000
127.000
5251.000
2648.000
0.000
0.000
5289.000
0.000
0.000
140.000
127.000
0.000
5270.000
2970.500
0.000
0.000
0.000
0.000
0.000
2679.500
5508.000
5832.000
171.000
0.000
5341.000
0.000
0.000
0.000
5287.000
6019.000
3170.000
0.000
0.000
181.000
0.000
0.000
0.000
145.667
0.000
0.000
0.000
0.000
7172.000
5278.000
133.000
2662.500
0.000
0.000
130.000
0.000
0.000
0.000
0.000
0.000
0.000
8031.000
0.000
0.000
122.000
0.000
131.000
140.000
0.000
126.000
8216.000
113.000
0.000
133.500
132.000
159.000
0.000
8811.667
2438.250
0.000
132.000
3665.000
0.000
0.000
109.000
0.000
4706.000
0.000
0.000
0.000
10133.500
0.000
0.000
0.000
0.000
105.000
165.000
131.500
0.000
151.500
5541.333
4552.000
0.000
0.000
144.000
0.000
154.000
0.000
2725.500
3016.000
5484.000
2664.500
0.000
151.000
0.000
0.000
134.000
149.000
0.000
7241.250
0.000
0.000
0.000
0.000
0.000
0.000
10308.000
0.000
0.000
0.000
0.000
0.000
0.000
0.000
0.000
0.000
138.000
167.000
0.000
0.000
116.500
8272.000
5284.000
5577.000
0.000
177.000
2691.000
0.000
0.000
116.000
122.000
0.000
0.000
9711.000
0.000
0.000
0.000
0.000
0.000
9171.000
0.000
0.000
2650.500
2901.500
0.000
0.000
5254.000
0.000
136.000
0.000
0.000
151.000
5197.000
6293.000
145.000
0.000
132.000
5293.000
0.000
0.000
0.000
2703.000
0.000
0.000
0.000
0.000
0.000
0.000
5390.000
10618.000
5281.000
139.000
5294.000
128.000
0.000
0.000
126.000
0.000
0.000
9293.000
116.000
117.500
8265.000
121.500
0.000
8637.750
5294.000
0.000
0.000
0.000
146.000
0.000
143.000
134.000
140.000
7049.333
6068.000
126.000
124.000
0.000
106.000
0.000
3216.500
9308.000
0.000
0.000
0.000
7274.000
0.000
0.000
0.000
0.000
0.000
0.000
0.000
0.000
0.000
0.000
8278.000
0.000
122.000
0.000
150.000
8279.000
0.000
0.000
138.000
0.000
0.000
0.000
0.000
0.000
0.000
0.000
3856.000
0.000
0.000
5309.000
0.000
148.000
5291.000
0.000
123.000
0.000
159.000
0.000
0.000
0.000
0.000
0.000
0.000
10322.000
0.000
0.000
0.000
0.000
0.000
0.000
0.000
0.000
0.000
0.000
0.000
0.000
0.000
0.000
0.000
0.000
0.000
0.000
0.000
0.000
0.000
0.000
0.000
0.000
0.000
0.000
0.000
0.000
0.000
0.000
0.000
0.000
0.000
0.000
0.000
0.000
0.000
0.000
0.000
0.000
0.000
0.000
0.000
0.000
0.000
0.000
0.000
0.000
0.000
0.000
0.000
