0
0
0
0
0
0
8
3
3
5
5
3
12
17
13
7
4
5
6
4
12
10
10
11
13
16
7
7
11
13
7
5
3
5
6
5
8
6
13
8
13
5
6
1
8
2
1
5
11
8
6
4
2
9
8
7
9
7
4
8
5
9
7
4
7
3
0
2
0
1
2
7
1
6
8
7
9
4
7
1
0
0
4
5
5
0
0
0
0
1
0
0
2
4
5
0
10
2
4
4
6
2
10
7
0
1
6
6
2
1
4
11
4
14
4
2
1
10
11
2
1
8
7
3
1
0
5
11
9
4
4
0
3
1
2
0
1
2
2
6
1
5
7
1
4
1
1
1
1
3
11
5
3
6
12
6
7
9
5
6
8
1
10
8
5
10
4
8
8
0
9
5
9
10
6
3
1
2
11
12
10
5
3
6
14
10
3
5
8
8
13
8
11
8
8
4
3
4
8
3
6
4
6
2
4
11
3
4
4
11
9
10
8
8
11
12
9
7
8
11
5
7
10
8
6
7
3
3
0
4
7
8
6
6
4
1
0
1
0
0
1
0
5
2
0
0
0
0
0
7
5
4
7
4
4
2
10
8
4
5
1
0
0
3
5
10
7
7
7
10
6
11
9
7
4
6
10
2
2
9
7
5
1
7
4
7
9
8
6
6
7
10
1
7
13
6
9
7
4
9
10
9
2
12
6
4
6
6
6
5
3
3
8
10
10
9
9
9
13
13
14
4
2
12
6
8
11
11
5
11
13
9
12
8
6
4
7
5
3
6
9
9
11
6
6
8
9
0
1
6
10
5
5
0
8
0
4
13
5
9
13
5
3
8
6
13
10
6
6
7
1
1
11
8
6
7
4
7
5
8
3
5
0
0
0
1
0
0
0
0
0
0
0
0
0
0
0
0
0
0
0
0
0
0
0
0
0
0
0
0
0
0
0
0
0
0
0
0
0
0
0
0
0
0
0
0
0
0
0
0
0
0
0
0
0
0
0
