0.000
0.000
0.000
0.000
0.000
0.000
201.219
395.078
588.387
785.898
977.988
1345.617
1536.793
1738.605
1930.289
2135.918
2320.789
2531.066
2723.949
2916.559
3110.520
3310.695
3503.645
3695.352
3887.621
4082.199
4276.797
4470.000
4664.441
4857.953
5058.098
5256.496
5451.332
5649.027
5841.109
6033.555
6227.121
6421.434
6788.711
6987.309
7180.176
7371.969
7584.023
7777.508
7972.227
7974.094
8359.813
8555.184
8759.086
8952.563
9146.344
9339.691
9534.938
9727.871
9921.035
10125.465
10318.949
10641.680
10842.465
11036.297
11230.137
11422.973
11790.582
11983.930
12176.078
12383.438
12582.949
12775.594
12968.906
13161.844
13354.824
13549.000
13741.512
13934.727
13935.602
14322.977
14323.566
14710.332
14905.266
14905.488
15098.320
15485.699
15854.266
16047.270
16244.566
16260.504
16452.906
16837.746
17033.012
17225.934
17418.316
17611.762
17804.398
17998.234
18192.535
18385.746
18386.094
18771.633
18967.414
19161.340
19357.949
19707.613
19921.281
20114.605
20321.648
20520.793
20718.781
20720.879
21107.262
21299.820
21494.465
21686.941
21880.098
22074.418
22267.555
22268.629
22654.555
22851.008
23044.434
23393.969
23607.199
23625.406
24007.215
24011.207
24397.031
24589.973
24590.215
24783.027
25169.078
25362.215
25555.605
25556.262
25763.945
25764.129
26322.645
26530.875
26885.555
26916.258
27284.965
27303.430
27690.969
27883.289
28075.805
28269.566
28464.199
28656.758
28849.688
28850.309
29044.633
29045.035
29238.637
29238.859
29239.242
29240.227
29240.711
30187.316
30574.195
30767.059
30960.457
30766.762
30767.441
30961.570
30961.980
30769.430
30576.434
30383.637
31145.879
31149.324
31149.785
30958.566
31147.699
31336.137
31524.398
31524.793
31525.117
31525.746
32079.176
32665.176
32473.566
32474.172
32474.414
32474.918
32475.676
32476.191
32669.938
32670.848
32671.422
33038.426
33058.488
33249.551
33250.270
32669.777
32670.902
32671.563
32671.902
32663.887
32847.434
32855.973
33230.676
33230.828
33037.691
33038.234
33416.113
33609.176
33609.926
33779.477
33963.352
34849.926
34933.582
34741.375
34549.813
34550.477
34550.797
34927.371
34927.852
34928.266
34736.852
35114.230
35114.844
34922.098
35284.098
35303.574
35305.109
35487.668
35675.250
35676.336
36247.977
36437.422
36245.945
36246.988
35859.570
36038.250
36231.844
36232.324
36417.609
36605.672
36797.797
36989.469
37558.625
37752.574
37945.547
38137.508
38118.738
37945.605
37946.398
37946.598
37755.816
37566.891
37566.895
37373.820
37176.395
36845.648
37033.598
37034.020
37034.836
36649.250
36074.219
36252.836
36073.051
36073.078
35881.730
35689.027
36046.648
35872.766
36387.012
36055.711
35863.039
35858.391
35664.551
35469.094
35469.520
35272.203
35077.945
35453.848
35642.477
35621.309
35822.633
35823.406
36180.715
36199.836
36200.492
36388.605
36188.379
36390.172
36584.074
36585.016
36585.895
36394.078
36201.957
36752.293
36577.395
36578.066
36387.063
36387.422
36383.473
36571.434
36379.961
36943.156
36756.402
36946.688
36736.020
36561.906
36750.547
36938.898
36926.461
36930.543
37118.871
37308.926
37502.387
37118.684
37119.539
37308.094
37498.059
36919.660
37108.172
37101.859
37295.023
37295.691
37103.938
36917.047
37292.613
37482.676
37669.582
37671.086
37479.902
37668.598
37468.238
37471.578
37472.254
37472.617
37644.441
37657.855
37279.672
37462.250
37462.875
37464.492
37652.262
37653.414
38016.535
38733.039
38985.715
39178.770
39180.230
39181.082
39181.602
39182.750
38989.164
39753.059
40327.113
40139.988
39948.992
39950.160
39568.141
40133.020
39940.211
39940.301
39941.727
39754.824
39755.449
39562.961
39375.582
39380.773
39380.105
39189.512
39379.609
39185.398
39181.660
38989.664
38996.879
38803.047
38991.773
38801.430
38610.094
38418.824
38231.961
38232.598
38421.035
38421.285
38608.957
38799.012
39175.426
39176.102
39369.641
39563.383
39564.398
39757.215
39576.438
39192.227
38816.504
38438.969
38439.414
38439.430
38439.434
38434.047
38246.809
38056.160
38053.230
37861.809
37475.664
37477.078
36907.766
36522.203
36143.316
36143.594
36143.613
35955.191
35955.320
35379.691
35191.789
35004.117
35004.219
34810.566
34425.738
34233.133
34039.863
34039.996
33662.559
33662.648
33474.766
33474.813
33093.410
32712.676
32712.746
32712.746
32524.242
32332.094
31950.988
31950.992
31762.770
31762.773
31574.543
31385.625
31196.492
31008.238
30819.109
30255.168
30255.355
30061.984
30061.992
29685.805
29685.809
29685.816
29498.023
29498.258
