5041
6290
6829
7583
6418
7739
9102
10387
11710
13061
6321
7512
8737
10412
11977
13958
15687
17005
18651
20976
6894
7926
9306
10698
11903
13174
14474
15704
18736
19935
20947
22922
24359
26006
27787
29892
31133
32490
33757
7927
8944
10529
12071
13907
15677
16975
18629
20177
21647
22858
24187
25513
27036
28743
30003
31277
35480
38241
39913
41123
43354
44686
45959
48168
49649
6673
7947
9402
10559
13380
14802
16016
21928
22700
24747
26711
29850
30088
31955
36604
34573
39590
38800
42358
44568
44950
47349
49142
51968
52398
54985
56975
8751
10920
13342
14915
16730
18717
19944
23584
21971
27956
26918
29356
30603
33581
32974
36773
37950
41737
43512
44820
46130
47736
52446
49916
53932
57866
56952
60913
7393
7967
13984
16980
18221
23002
25359
35455
32462
39492
40939
43064
39889
44259
48056
46915
7824
50135
13203
14925
17893
23902
19943
28913
7382
9993
8902
11103
12915
14518
19544
7930
9943
12932
14935
17597
7041
8011
6010
10050
6449
6833
6010
5011
10433
6013
9014
10039
6058
10014
9369
10087
8490
9243
9981
11753
8014
8514
10056
7013
6010
9015
8014
6010
10056
8765
9849
11018
10551
11015
10058
8199
9053
6012
11017
7013
5057
10056
10016
8062
10284
8044
9023
9704
10059
10041
11397
8040
9066
10057
10449
9014
8014
8049
10038
9872
10823
10016
10015
7827
8045
11016
10065
10015
10555
10234
9338
11057
11545
9056
10047
10624
10050
9013
11058
10068
10047
9067
11016
10017
9929
11167
12378
10624
11078
10620
9058
6010
5490
11875
10139
10013
10038
8013
11434
11638
8680
11016
9931
10943
10155
10997
8825
10900
11595
9568
10015
10015
9824
9824
8013
10058
8057
9014
10015
9054
9993
10206
6011
8673
10014
9481
6183
9015
10016
7012
9750
9796
11015
10382
10015
6034
8457
9015
8012
10026
6805
7906
8633
10391
10599
11639
9765
11837
9065
11051
9913
10174
10570
11216
13695
13780
12837
9745
10787
10536
9501
8797
10106
6067
8013
6013
6675
6370
7080
7013
9015
6642
7012
10055
9220
10018
9058
9014
10014
9033
10457
7040
7923
8058
10016
8498
11173
12573
9458
10015
10059
7011
9016
10821
8014
9352
9062
10058
10014
9245
9473
7061
11930
9061
7359
9014
10059
11095
11814
10015
10414
10243
10018
10052
10879
11052
10015
8132
10019
9119
10685
7012
10246
10033
8057
10161
10159
10015
10669
10056
10584
10699
6045
10398
10045
7068
10015
9065
10017
9976
11642
10016
7053
10053
8041
10687
9643
10063
5042
8046
10176
11317
11532
10404
10468
10877
10013
8479
10136
11014
10386
11378
12282
10536
10054
10427
10244
9066
10049
8860
10676
10531
10073
9063
6011
5839
10014
10488
9384
8012
9014
10013
9269
10875
10858
11260
10047
5628
6013
5197
6377
6060
5439
6057
8066
6554
7010
10012
8159
9623
7050
11059
6048
6246
5998
7751
6003
11302
9035
5981
7889
9039
7322
9002
6052
10061
8073
9035
8038
10014
6008
10466
10707
9756
11144
10793
9013
9038
10014
9013
9462
10066
10459
10059
10057
9045
8011
6501
8946
5009
8012
10062
10775
11037
7026
10756
11163
9876
8012
10016
8076
6048
6927
11746
11005
6009
5052
9013
9015
8056
10015
6011
7048
11016
10330
7052
9015
9013
10014
7791
8013
11743
10056
8040
7945
9013
11128
9014
10038
9014
10559
8138
9040
7041
9071
8884
7620
9259
10014
6008
7012
10015
9245
6055
9066
10016
10015
10857
9388
10016
10063
9014
8228
9885
9013
10053
8064
7041
8063
10013
10816
10015
9013
7037
10062
10041
10015
7024
10014
6009
5901
5228
7012
9014
8052
10516
8229
8824
5065
8621
10064
5652
5606
5743
6011
7012
9076
10052
8011
8040
8010
6071
5009
5051
5580
5038
7373
8637
9067
11316
12189
10278
8970
8418
13047
12710
13529
14242
9528
6526
10651
11743
13663
17688
9387
12672
10060
11020
10050
8038
6012
10474
10311
10303
7775
8013
11147
11015
9120
11674
10166
8011
6854
7042
11056
6054
10174
9059
10940
10012
10014
10014
6041
11014
9742
10634
9424
6064
6745
7294
11586
10137
9431
7958
10196
8612
9692
10170
8736
7850
11881
10320
7309
6965
7145
11173
9065
7012
6049
6011
5010
6012
9012
8013
10970
10302
10358
9013
5339
6011
10013
9722
7043
10972
5149
9060
10188
11790
11291
11597
6296
11801
12862
11242
6630
10994
6281
7017
10068
10061
6009
5009
5713
10182
11291
12039
9254
11173
9013
10113
10058
10840
9066
9632
10641
8012
7064
10052
9014
8731
9566
10017
9018
10013
10061
7108
8013
6721
10265
10961
11744
11305
11759
11235
9013
13377
10748
9919
11249
9926
10057
10014
10013
10015
8561
6694
9068
8255
11031
8048
10013
10069
10755
11002
7060
7011
9529
11170
11448
9014
10018
9013
7013
9043
10015
10347
9035
10750
11018
9013
9297
10040
10800
8050
10037
8054
8049
7010
9014
9061
10209
10415
6052
9013
8207
6012
10058
7011
9013
6059
6686
11379
12530
10489
9842
13780
14929
12258
14630
11478
14809
9947
10187
8011
7041
10122
11037
8122
9050
10631
9044
10042
9013
10062
8013
10162
10285
10067
10016
10031
9012
9890
10053
9074
10064
9846
9045
7861
8066
11086
7043
9012
10877
10140
12366
