0
0
0
0
0
0
1
2
3
4
5
7
8
9
10
11
12
13
14
15
16
16
17
18
19
20
21
22
23
24
25
25
26
27
28
29
29
29
29
29
30
31
32
33
34
34
36
37
38
39
40
41
42
43
43
43
44
44
45
46
46
47
48
48
48
49
49
49
50
51
51
52
53
54
54
55
55
57
58
58
59
60
60
60
61
61
61
63
64
65
65
66
67
67
68
68
68
70
70
70
70
71
71
72
72
73
73
73
73
73
74
74
75
76
76
76
77
78
79
80
80
80
81
81
82
82
82
82
83
84
85
85
85
85
86
86
87
87
88
88
90
91
91
91
91
92
93
93
94
94
95
95
95
95
95
99
100
100
100
99
99
99
99
99
99
98
99
99
99
98
98
99
100
100
100
100
102
102
101
101
101
101
101
101
102
102
102
103
102
102
101
99
99
99
99
99
99
99
101
101
101
101
101
102
102
102
102
105
105
105
105
105
105
104
104
104
103
103
103
102
104
104
104
104
103
103
104
104
103
103
102
103
104
104
104
105
105
106
107
108
108
108
108
107
107
107
107
106
106
106
105
105
105
105
105
104
102
103
102
102
101
100
100
99
101
99
99
100
99
98
98
98
98
99
100
100
99
99
100
100
100
100
100
101
101
101
101
100
100
101
101
101
101
101
102
102
102
104
103
103
104
103
103
103
103
103
103
105
106
105
105
105
105
104
105
105
106
106
106
105
105
105
105
105
104
104
105
106
106
106
107
106
105
104
104
104
105
105
107
109
109
109
109
109
109
109
109
110
111
111
111
111
109
110
110
110
110
109
109
109
108
108
109
108
109
109
109
109
109
109
109
108
108
107
106
106
106
106
107
107
109
109
109
110
110
110
110
110
109
109
109
109
109
110
109
110
109
108
108
108
107
106
105
105
105
105
105
105
104
103
103
102
101
100
100
100
99
99
99
99
98
96
96
96
95
95
94
94
94
94
93
93
93
92
92
92
92
92
92
92
92
92
92
92
