0
0
0
0
0
0
1
2
3
4
5
7
8
9
10
11
12
13
14
15
16
17
18
19
20
21
22
23
24
25
26
27
28
29
30
31
32
33
35
36
37
38
39
40
41
41
43
44
45
46
47
48
49
50
51
52
53
54
55
56
57
58
60
61
62
63
64
65
66
67
68
69
70
71
71
73
73
75
76
76
77
79
81
82
83
83
84
86
87
88
89
90
91
92
93
94
94
96
97
98
99
101
102
103
104
105
106
106
108
109
110
111
112
113
114
114
116
117
118
120
121
121
123
123
125
126
126
127
129
130
131
131
132
132
135
136
138
138
140
140
142
143
144
145
146
147
148
148
149
149
150
150
150
150
150
155
157
158
159
158
158
159
159
158
157
156
160
160
160
159
160
161
162
162
162
162
165
168
167
167
167
167
167
167
168
168
168
170
170
171
171
168
168
168
168
168
169
169
171
171
170
170
172
173
173
174
175
180
180
179
178
178
178
180
180
180
179
181
181
180
182
182
182
183
184
184
187
188
187
187
185
186
187
187
188
189
190
191
194
195
196
197
197
196
196
196
195
194
194
193
192
191
192
192
192
190
187
188
187
187
186
185
187
186
189
187
186
186
185
184
184
183
182
184
185
185
186
186
188
188
188
189
188
189
190
190
190
189
188
191
190
190
189
189
189
190
189
192
191
192
191
190
191
192
192
192
193
194
195
193
193
194
195
192
193
193
194
194
193
192
194
195
196
196
195
196
195
195
195
195
196
196
194
195
195
195
196
196
198
202
203
204
204
204
204
204
203
207
210
209
208
208
206
209
208
208
208
207
207
206
205
205
205
204
205
204
204
203
203
202
203
202
201
200
199
199
200
200
201
202
204
204
205
206
206
207
206
204
202
200
200
200
200
200
199
198
198
197
195
195
192
190
188
188
188
187
187
184
183
182
182
181
179
178
177
177
175
175
174
174
172
170
170
170
169
168
166
166
165
165
164
163
162
161
160
157
157
156
156
154
154
154
153
153
