0
0
0
0
0
0
7
2
2
4
2
3
4
7
9
6
0
2
6
3
6
14
4
7
8
10
9
6
3
7
11
8
3
5
5
2
2
4
6
13
3
3
3
3
3
6
3
2
13
5
7
2
6
3
2
13
1
20
45
5
7
3
7
9
4
5
2
2
2
0
1
3
6
3
6
8
4
5
10
5
1
3
2
0
7
7
1
2
2
1
0
1
1
3
5
4
2
2
8
4
8
3
8
5
9
5
1
7
3
6
3
2
3
11
1
11
7
1
1
8
6
7
1
6
7
7
0
2
1
8
16
3
15
2
2
4
1
3
0
2
3
5
2
1
8
5
6
0
0
3
2
2
5
10
4
2
13
12
7
8
3
10
6
5
4
7
7
6
7
6
8
9
1
8
6
8
11
10
1
2
2
10
11
8
5
3
6
13
13
3
4
5
6
10
8
6
5
7
7
6
4
4
9
5
3
5
8
1
9
9
2
5
4
13
7
8
7
9
9
9
7
9
8
9
7
7
12
4
6
7
1
8
1
2
6
7
8
8
4
2
2
2
2
1
0
0
5
2
0
0
1
0
1
3
8
4
3
5
4
1
7
9
3
4
3
3
0
2
1
9
10
4
6
11
11
7
8
12
5
5
8
6
1
7
7
7
2
4
5
3
6
9
9
2
5
7
10
4
7
11
6
9
8
5
9
10
8
5
12
7
3
4
8
5
7
1
3
6
7
9
7
11
11
11
11
10
11
4
6
13
5
8
9
9
3
10
9
9
11
10
8
5
7
2
4
4
10
11
10
9
8
7
5
6
3
3
11
8
4
0
5
3
3
8
9
5
13
7
7
2
8
9
10
11
4
5
6
1
1
13
7
7
6
4
7
6
8
4
4
0
0
0
0
1
0
0
2
0
0
0
0
0
0
0
0
0
0
0
0
0
0
0
0
0
0
0
0
0
0
0
0
0
0
0
0
0
0
0
0
0
0
0
0
0
0
0
0
0
0
0
0
0
0
0
