0
0
0
0
0
0
1794
6123
5498
576
8881
7040
151
4710
11263
12586
14005
15294
8243
9614
10916
7356
13292
14896
16210
6867
18295
21089
17707
23637
24937
9576
27546
11190
30258
7167
30376
25659
31947
19127
29523
18210
22706
24114
20214
0
28104
29670
24514
33121
34413
36029
37335
26419
44889
3371
45973
52845
6782
7984
9777
10287
11699
12987
19208
47407
48596
25210
26905
30239
31417
32511
34015
38573
0
50391
0
45051
37221
0
40083
80910
44681
6812
8168
10033
12933
15874
17847
24354
25955
27864
29268
17773
31678
79500
0
39512
57719
45981
88986
0
69420
51206
53096
34771
1668
0
53016
14492
16900
33497
27606
29045
95548
0
88580
40799
7193
0
11086
12282
65125
14511
79686
21834
0
76064
25549
27947
29860
0
113085
0
30170
118236
0
28637
21750
20480
27067
30760
50346
11076
13542
16336
17835
0
28570
0
12702
0
0
0
0
20149
12677
23486
5273
0
0
6181
0
0
0
0
148780
0
0
0
10789
11479
10273
0
0
0
9999
18432
0
0
0
0
0
0
7313
0
0
6168
6547
6088
5902
0
0
0
0
11737
11609
0
11401
10192
0
0
10706
11983
0
0
15095
13003
12819
0
0
0
0
24547
0
0
0
25140
0
0
10175
9186
0
11995
11796
0
13132
13812
0
0
0
12409
9944
0
19538
12452
13199
10207
10780
10602
6278
7078
0
48547
0
0
0
0
0
0
14218
0
27268
0
0
0
0
0
6191
0
0
0
43977
9204
0
10205
0
11806
10828
10398
0
10217
0
15839
11814
0
14063
0
11021
10198
0
13633
0
8196
6262
0
0
0
0
68026
11228
0
0
0
10292
10364
0
11392
0
10202
0
10196
8290
11182
0
10293
11011
19341
10977
0
0
11794
20339
0
10269
10197
7280
0
0
0
11213
10330
12223
0
0
11304
10782
9609
0
10308
0
12228
0
11903
0
0
10311
0
11576
10181
10662
7699
0
0
0
0
0
11299
17440
0
0
0
0
26088
0
0
0
0
0
0
0
19924
12193
0
10186
0
10298
0
0
0
39390
0
0
0
0
0
10217
0
10224
20658
11006
0
8093
7191
0
24201
6905
0
0
0
0
0
0
11225
0
0
14020
0
0
0
0
0
0
0
0
0
0
0
0
0
0
0
0
0
0
0
0
0
0
0
0
0
0
0
0
0
0
0
0
0
0
0
0
0
0
0
0
0
0
0
0
0
0
0
