0.000
0.000
0.000
0.000
0.000
0.000
5411.000
0.000
5589.000
356.000
6621.000
7926.000
9302.000
5379.000
7517.000
13240.000
6624.000
5710.500
10580.000
12179.000
14191.000
10699.000
17205.000
645.000
21196.000
7102.000
3867.000
9485.000
10885.000
13704.000
13403.000
14689.000
15901.000
18895.000
21111.000
21169.000
2460.000
24600.000
5080.000
27974.000
28718.000
31342.000
31841.000
33949.000
7818.500
0.000
11572.500
24218.000
15877.000
34320.000
18794.000
20408.000
21912.000
23027.000
24430.000
25723.000
27239.000
28942.000
15309.000
31529.000
0.000
32840.000
25913.000
10273.000
43562.000
44888.000
5488.000
48376.000
28392.500
18399.000
9581.000
10783.000
13581.000
1366.000
16202.000
0.000
31465.000
24959.000
26943.000
0.000
30183.500
45687.000
0.000
35796.000
0.000
39390.500
42546.000
44761.000
60359.000
49378.000
0.000
29551.500
36851.000
71804.000
8976.000
11070.000
0.000
30098.500
16888.000
18887.000
20114.000
0.000
31322.500
0.000
29410.667
30853.000
0.000
28101.000
0.000
43191.000
0.000
42835.500
45000.000
46369.000
46289.000
0.000
51398.000
2355.000
0.000
62595.000
0.000
30501.667
21006.000
50197.000
18396.000
7074.000
0.000
25547.000
0.000
0.000
0.000
0.000
0.000
36019.667
42340.000
44492.000
45123.333
8105.000
13450.000
25038.000
73547.000
66585.500
0.000
22358.000
7655.000
67715.000
11331.000
27692.000
14714.000
0.000
19727.000
54102.000
39905.000
80916.000
17831.000
0.000
0.000
0.000
0.000
0.000
82383.000
0.000
0.000
0.000
0.000
8199.000
31818.000
6907.500
0.000
6187.000
5215.000
0.000
0.000
0.000
0.000
106077.000
0.000
0.000
6249.000
0.000
0.000
0.000
0.000
9228.000
0.000
25149.000
6294.000
0.000
0.000
0.000
0.000
9903.500
0.000
10318.000
28597.250
0.000
0.000
8195.000
8714.000
0.000
0.000
0.000
0.000
0.000
0.000
0.000
8242.000
0.000
0.000
0.000
0.000
8189.000
0.000
0.000
0.000
0.000
7525.000
0.000
0.000
0.000
0.000
7052.000
11190.000
0.000
0.000
0.000
16053.000
10225.000
0.000
11282.667
0.000
0.000
0.000
0.000
0.000
0.000
11181.000
0.000
7160.000
5265.000
0.000
0.000
0.000
0.000
0.000
0.000
0.000
0.000
0.000
10303.000
0.000
9247.000
159.000
0.000
8302.000
0.000
0.000
9209.000
0.000
0.000
14190.000
20622.000
0.000
4508.000
8307.000
0.000
0.000
9332.000
0.000
0.000
10267.000
10715.000
0.000
0.000
0.000
0.000
0.000
0.000
8688.500
0.000
0.000
8301.000
10305.000
0.000
10606.000
0.000
0.000
0.000
10221.000
10221.000
8184.500
0.000
0.000
0.000
0.000
0.000
11196.000
0.000
0.000
0.000
10301.000
10191.000
10789.000
7220.500
0.000
11308.000
10006.000
0.000
0.000
0.000
10315.000
10787.000
10273.000
9191.000
0.000
0.000
0.000
0.000
0.000
11278.000
0.000
0.000
0.000
0.000
0.000
10286.000
0.000
0.000
9789.000
0.000
0.000
0.000
0.000
0.000
11201.000
10207.500
0.000
11386.000
11704.000
10393.000
0.000
0.000
9283.000
5903.500
0.000
0.000
0.000
0.000
0.000
11235.000
10180.000
10272.000
0.000
7390.333
0.000
0.000
8893.000
10878.000
0.000
0.000
10195.333
0.000
0.000
11088.000
10771.000
0.000
0.000
10197.000
10083.000
9985.000
0.000
0.000
0.000
8191.000
0.000
0.000
0.000
0.000
6758.333
0.000
0.000
0.000
11613.500
0.000
10324.500
0.000
6212.000
10841.000
0.000
0.000
0.000
0.000
9198.000
0.000
0.000
0.000
23658.000
0.000
0.000
0.000
7198.000
0.000
0.000
0.000
10030.000
16774.500
0.000
10603.000
0.000
10190.000
0.000
10607.667
0.000
0.000
0.000
0.000
9234.500
7989.000
0.000
0.000
0.000
10696.500
0.000
11784.000
9930.000
12028.000
0.000
0.000
9283.000
11273.000
8627.000
10808.000
0.000
0.000
12636.000
14016.000
13092.000
10493.500
10695.000
9673.000
0.000
0.000
0.000
6287.000
8186.000
6176.000
6738.500
7309.000
0.000
0.000
0.000
0.000
0.000
8200.500
0.000
0.000
7185.000
6883.000
0.000
0.000
0.000
10316.000
0.000
9787.500
0.000
0.000
0.000
9296.000
0.000
9177.000
0.000
9774.500
0.000
10717.000
0.000
15341.000
0.000
0.000
0.000
0.000
6300.000
8729.000
0.000
0.000
11414.000
12811.000
0.000
0.000
0.000
13982.000
0.000
0.000
0.000
3915.500
0.000
0.000
0.000
0.000
9198.000
0.000
14679.500
0.000
0.000
9749.333
0.000
0.000
0.000
0.000
0.000
0.000
0.000
0.000
0.000
0.000
0.000
0.000
9837.000
0.000
9706.000
9575.000
7593.000
0.000
0.000
0.000
0.000
0.000
0.000
0.000
0.000
0.000
0.000
9197.000
0.000
0.000
0.000
10297.000
0.000
11653.500
10198.000
10605.000
10491.000
0.000
10199.000
0.000
10299.000
11086.000
0.000
0.000
0.000
0.000
9481.000
10186.000
0.000
0.000
0.000
0.000
0.000
0.000
14601.000
0.000
0.000
9048.000
10342.000
0.000
0.000
0.000
9195.000
0.000
10391.000
10379.000
0.000
10191.000
10882.000
0.000
10280.000
6068.000
13644.000
10450.500
0.000
0.000
7289.000
0.000
0.000
0.000
20810.000
9342.000
0.000
0.000
10195.000
10194.000
11898.000
0.000
0.000
0.000
0.000
0.000
0.000
0.000
0.000
0.000
0.000
0.000
0.000
0.000
0.000
0.000
0.000
0.000
0.000
0.000
0.000
0.000
0.000
0.000
0.000
10218.000
0.000
0.000
0.000
0.000
0.000
0.000
0.000
0.000
0.000
0.000
0.000
0.000
0.000
0.000
0.000
0.000
0.000
0.000
0.000
0.000
0.000
0.000
0.000
0.000
0.000
0.000
0.000
0.000
0.000
0.000
0.000
0.000
0.000
0.000
7275.000
0.000
0.000
0.000
0.000
10288.000
9579.500
0.000
9900.000
10288.000
6782.500
0.000
0.000
0.000
0.000
0.000
11243.333
0.000
10608.000
10912.500
0.000
0.000
0.000
10208.000
0.000
0.000
0.000
0.000
0.000
0.000
8688.000
10742.333
0.000
0.000
11585.000
11588.000
0.000
0.000
10290.000
10713.000
9433.500
0.000
0.000
0.000
10310.000
12597.667
0.000
0.000
10297.000
0.000
0.000
7188.000
0.000
0.000
0.000
0.000
0.000
0.000
0.000
0.000
10245.000
9650.000
8184.000
0.000
0.000
0.000
0.000
9184.000
0.000
0.000
0.000
0.000
10172.000
9464.000
11115.000
11292.000
0.000
10275.000
6042.000
5367.000
0.000
6575.000
0.000
0.000
0.000
0.000
0.000
0.000
0.000
0.000
0.000
0.000
0.000
0.000
6270.000
0.000
0.000
0.000
0.000
0.000
6727.000
0.000
6790.000
0.000
0.000
0.000
0.000
0.000
0.000
0.000
0.000
0.000
0.000
0.000
0.000
0.000
0.000
0.000
8687.500
0.000
0.000
0.000
0.000
0.000
0.000
0.000
8557.667
11363.000
6303.000
6348.000
5756.500
0.000
0.000
0.000
0.000
0.000
11504.000
9277.000
0.000
9308.800
0.000
0.000
0.000
6321.000
0.000
0.000
0.000
0.000
0.000
0.000
10313.000
8800.000
0.000
8298.000
0.000
0.000
0.000
0.000
10223.000
0.000
0.000
0.000
0.000
0.000
0.000
6179.000
0.000
0.000
0.000
0.000
10519.333
0.000
0.000
11191.000
9191.000
0.000
9286.000
10183.000
9188.000
0.000
0.000
0.000
0.000
9999.000
10696.000
0.000
10344.000
0.000
10305.000
8044.667
7185.000
0.000
0.000
0.000
0.000
0.000
0.000
0.000
9231.500
0.000
0.000
11136.000
5178.000
10733.500
0.000
0.000
9234.000
8284.000
6273.000
7194.000
0.000
0.000
0.000
0.000
17030.000
5719.500
0.000
0.000
0.000
0.000
9182.000
0.000
0.000
9205.000
0.000
0.000
9239.500
6773.000
0.000
0.000
0.000
0.000
0.000
0.000
0.000
0.000
0.000
0.000
0.000
10881.500
8247.500
0.000
0.000
0.000
0.000
0.000
0.000
0.000
0.000
0.000
0.000
0.000
0.000
0.000
0.000
0.000
0.000
0.000
0.000
0.000
0.000
0.000
8298.000
0.000
0.000
8805.000
0.000
0.000
0.000
12006.000
0.000
0.000
0.000
0.000
0.000
10327.000
8249.500
0.000
0.000
0.000
0.000
0.000
0.000
0.000
0.000
0.000
0.000
0.000
0.000
9199.000
11317.000
0.000
9239.000
10287.000
0.000
0.000
9272.000
0.000
10803.000
8371.667
0.000
0.000
0.000
0.000
0.000
0.000
0.000
0.000
0.000
0.000
9317.000
0.000
0.000
0.000
0.000
0.000
8446.000
8632.333
0.000
0.000
0.000
0.000
0.000
0.000
8970.000
0.000
0.000
0.000
5692.000
0.000
0.000
0.000
0.000
0.000
0.000
9279.000
0.000
10188.000
10186.000
11697.500
0.000
0.000
10178.000
0.000
0.000
0.000
0.000
0.000
10298.000
0.000
8833.500
10108.000
0.000
0.000
0.000
0.000
0.000
9185.000
0.000
0.000
10285.000
0.000
0.000
8280.000
15087.000
0.000
0.000
0.000
0.000
0.000
0.000
0.000
0.000
0.000
0.000
0.000
0.000
0.000
0.000
0.000
8274.000
0.000
0.000
10583.000
0.000
0.000
0.000
0.000
0.000
0.000
0.000
10180.000
8223.000
0.000
0.000
0.000
10287.000
0.000
0.000
0.000
10267.000
0.000
0.000
0.000
8721.500
0.000
0.000
0.000
0.000
7468.000
5476.000
0.000
0.000
0.000
0.000
0.000
0.000
0.000
0.000
7163.000
9199.000
0.000
0.000
0.000
0.000
0.000
8270.000
0.000
10673.000
0.000
0.000
7590.000
8332.000
5787.000
5981.000
0.000
0.000
0.000
6179.000
0.000
0.000
0.000
0.000
0.000
0.000
0.000
0.000
0.000
0.000
7203.000
9814.000
0.000
0.000
0.000
0.000
0.000
0.000
0.000
0.000
0.000
0.000
0.000
0.000
0.000
0.000
0.000
0.000
0.000
0.000
0.000
0.000
0.000
0.000
0.000
0.000
0.000
0.000
0.000
0.000
0.000
0.000
0.000
0.000
0.000
0.000
0.000
0.000
0.000
0.000
0.000
8186.000
0.000
0.000
8309.000
0.000
8197.000
5736.500
5284.000
5792.000
0.000
5320.000
0.000
0.000
0.000
0.000
0.000
8621.667
0.000
0.000
0.000
11529.000
11445.000
0.000
11549.000
0.000
0.000
0.000
0.000
12141.000
12295.200
0.000
0.000
0.000
0.000
9589.000
11577.000
0.000
0.000
11179.000
8235.333
0.000
0.000
0.000
0.000
10592.000
0.000
10503.000
9180.333
0.000
0.000
0.000
0.000
0.000
10230.500
11882.000
4473.000
7516.667
11301.000
0.000
0.000
0.000
16504.000
0.000
0.000
0.000
12685.500
0.000
11224.000
10248.000
0.000
2544.000
1065.000
0.000
0.000
6285.000
9593.600
30254.000
7456.000
0.000
0.000
0.000
0.000
21801.000
9958.500
14479.667
0.000
0.000
0.000
10370.000
8733.667
45187.000
7381.000
0.000
0.000
0.000
0.000
11415.000
0.000
9289.000
6756.000
0.000
0.000
5700.500
0.000
6492.000
0.000
0.000
0.000
0.000
0.000
0.000
9195.000
8197.000
0.000
0.000
17199.500
0.000
9913.500
5872.000
0.000
0.000
0.000
0.000
0.000
13354.500
7923.667
0.000
0.000
0.000
0.000
0.000
0.000
9312.000
0.000
37555.000
11790.000
10509.250
6886.000
0.000
0.000
0.000
0.000
12082.000
0.000
0.000
0.000
0.000
0.000
0.000
0.000
0.000
10322.000
10324.000
0.000
0.000
0.000
0.000
0.000
0.000
0.000
0.000
0.000
0.000
0.000
0.000
0.000
0.000
0.000
0.000
0.000
0.000
0.000
0.000
0.000
0.000
0.000
0.000
0.000
0.000
0.000
0.000
0.000
0.000
0.000
0.000
0.000
6161.000
5160.000
5859.000
0.000
0.000
0.000
10388.000
11480.000
0.000
10874.500
11394.000
0.000
0.000
9182.000
0.000
10273.000
0.000
10276.000
11093.000
0.000
0.000
9285.000
9877.000
0.000
10895.000
8190.000
7225.000
0.000
0.000
0.000
0.000
9098.000
0.000
0.000
0.000
0.000
0.000
0.000
0.000
0.000
0.000
0.000
0.000
10050.500
0.000
9178.000
0.000
10200.000
0.000
8171.250
10473.000
0.000
0.000
0.000
11174.000
0.000
11737.500
11994.000
3180.000
9186.000
13595.000
10983.000
10795.500
0.000
0.000
10191.000
0.000
0.000
10254.000
9303.000
0.000
0.000
8807.250
13736.000
0.000
0.000
9771.500
0.000
0.000
10215.000
0.000
0.000
27456.000
9856.000
0.000
0.000
7186.000
0.000
0.000
0.000
9812.000
11585.000
9223.000
0.000
0.000
0.000
0.000
0.000
0.000
0.000
0.000
10222.000
0.000
0.000
9193.000
0.000
8516.667
0.000
0.000
0.000
9943.000
0.000
0.000
0.000
0.000
0.000
15682.500
0.000
0.000
0.000
0.000
0.000
0.000
0.000
9216.000
0.000
5290.000
10997.000
0.000
8290.000
0.000
0.000
0.000
14374.000
0.000
0.000
0.000
0.000
0.000
8275.000
0.000
0.000
0.000
0.000
0.000
7157.000
0.000
0.000
9190.000
9296.000
0.000
10491.500
0.000
0.000
0.000
0.000
0.000
7968.667
0.000
0.000
0.000
6183.000
0.000
0.000
0.000
0.000
0.000
0.000
0.000
8040.000
0.000
0.000
8242.500
0.000
6313.000
6883.000
0.000
0.000
0.000
0.000
10597.000
10691.000
12045.000
15095.000
0.000
0.000
13006.000
0.000
15006.000
6985.500
0.000
0.000
0.000
0.000
0.000
0.000
17197.500
0.000
0.000
0.000
8823.500
0.000
0.000
10068.000
0.000
0.000
0.000
1071.000
9209.000
0.000
0.000
0.000
9271.000
10420.000
0.000
10530.000
0.000
10304.000
0.000
0.000
0.000
10424.000
0.000
0.000
0.000
0.000
0.000
0.000
0.000
0.000
0.000
10304.000
0.000
0.000
0.000
0.000
0.000
9185.000
0.000
0.000
0.000
10196.000
0.000
0.000
9807.000
10138.000
9303.000
0.000
0.000
0.000
0.000
8168.000
0.000
0.000
0.000
9139.000
9174.000
0.000
0.000
10744.000
0.000
12618.000
0.000
0.000
0.000
0.000
0.000
0.000
0.000
0.000
0.000
0.000
0.000
0.000
0.000
0.000
0.000
0.000
0.000
0.000
0.000
0.000
0.000
0.000
0.000
0.000
0.000
0.000
0.000
0.000
0.000
0.000
0.000
0.000
0.000
0.000
0.000
0.000
0.000
0.000
0.000
0.000
0.000
0.000
0.000
0.000
0.000
0.000
0.000
