5464 5061
6441 5900
7434 6219
8426 7475
9418 8655
10441 6790
11433 8003
12425 9856
13418 11066
14441 12350
15434 13824
16430 15021
17417 6131
18441 8049
19437 9448
20429 10735
21417 11870
22442 13063
23433 14711
24424 15971
25416 17602
26450 19729
27434 20883
28425 22237
29417 23449
30441 24747
31433 25967
32425 27338
33417 28758
34441 30052
35433 6933
36387 7916
37417 9904
38441 11954
39433 13972
40425 16953
41422 17969
42441 20888
43388 22527
44437 23942
45417 25419
47389 27680
47433 28118
48424 29498
49417 30770
50441 32940
51433 34254
52425 35827
53418 37173
54389 39197
55433 41969
56426 43942
57418 45771
58444 46972
59439 6566
60425 7769
61421 8897
62441 10089
63433 11438
64427 12765
65417 15969
66441 18970
67437 20892
68425 22985
69417 24970
70442 26772
71433 30018
72425 31193
73417 32341
74441 33800
75434 38386
77387 40937
77427 40854
79433 44850
79466 44291
80425 46811
82391 50338
83434 52294
83474 52001
84426 54954
85390 6574
86441 7906
87438 9817
89426 12713
90419 15131
90442 15608
91434 17626
92425 24105
93419 25697
94442 27651
95433 29035
96425 30276
97417 31485
98441 32954
100390 39278
100426 40730
101418 42963
102445 45661
103434 46994
105388 49901
105427 49602
106441 50968
107439 52853
108425 54855
109418 7191
110446 8949
112425 12914
112435 11947
113417 14285
114441 16662
115434 24977
116427 27456
117418 28790
118441 33932
120390 39206
120437 37964
121417 40618
122446 6991
124425 10849
124435 10039
125418 12038
127434 14907
127448 14290
129390 19899
129396 18873
130443 21649
132438 23975
133418 25330
133427 25102
134444 27700
135390 29608
137391 33943
139435 10327
139442 9977
140391 12293
140428 34985
142419 16912
142443 17166
144390 21564
144440 20172
146420 25117
146440 26887
147439 30555
148424 7979
149391 10860
150442 13356
151390 16111
152426 17627
154391 20904
154440 6260
156392 12445
162422 19967
162427 10173
162431 19223
162435 9287
162446 19995
163424 11368
163443 12501
164436 15974
164941 5050
168274 6011
173548 8546
173556 9020
174081 7056
174280 11752
178072 10614
179063 11290
180503 10059
184392 9824
184978 6624
184988 7057
185393 9487
185445 11066
185972 6458
193404 7047
195910 6011
196946 6251
197332 5011
198382 5834
199331 5708
205336 11552
206362 11350
208338 10259
208340 11138
208384 8383
208386 12705
209339 9928
212338 10447
212378 11905
213360 11746
216338 14862
216381 11433
217336 12794
218332 9700
218333 9565
218342 14903
218380 12616
218384 12410
224337 11925
224386 15957
224389 12083
228407 8026
228407 10019
228432 9093
232069 10016
232447 9018
235497 11757
236446 11555
236447 11302
236452 12040
238441 12891
238445 10192
238471 9131
239449 13575
243444 10133
243444 12187
243484 10505
244483 8703
244493 9682
247471 10974
248484 12172
249494 13039
250674 10016
251675 10572
251678 9530
251707 7304
252673 10389
253366 6039
254338 6858
254339 6086
256341 8847
264471 10066
266464 10041
272417 6011
277462 10907
277874 9013
280065 9586
280066 9342
280068 10017
283093 11607
284066 10601
285111 10171
286960 10016
288958 11472
288960 11818
290006 11573
291991 12461
292007 13743
292144 9015
294168 10829
295258 10023
298065 9045
299444 6403
300445 8014
300984 6057
306538 8463
306538 9014
307124 11015
307588 9104
311805 10043
312824 10155
314778 10151
314779 10418
314781 11196
317557 10018
319108 10016
320583 9571
321580 11017
323222 10058
324180 10028
325212 10826
326176 8078
326180 11342
326221 10432
327177 10747
330183 11606
331181 10536
333624 10065
334799 10014
335451 7048
340568 11017
340571 10875
341615 10086
342565 9331
342598 11955
342600 8353
345567 11084
346568 10541
346604 10036
347569 9363
349567 10056
349616 9575
351602 11385
352568 12038
354595 11713
354616 11421
357900 10085
359835 11404
360319 10019
361314 6106
361324 10383
361348 8381
361357 10232
362330 8704
362356 6859
363312 7445
369313 9241
369315 9950
369317 11123
369366 11029
370320 14574
370358 8891
370367 8204
376346 13454
376351 16012
376370 14000
384396 8017
385538 12020
388022 10019
390395 10061
394472 10021
401257 10016
402872 10019
404539 10016
405271 8016
405590 10818
407347 6051
408309 6995
410645 6038
411670 6350
419470 11019
422135 8015
422471 13783
422718 12020
