0.000
0.000
0.000
2379.000
3009.000
3260.000
4504.000
5791.000
3782.000
840.000
4457.000
7375.000
9066.000
9484.000
11908.000
8293.000
4669.000
5880.000
7487.000
8861.000
5267.000
646.000
12586.000
13385.000
14898.000
22641.000
17500.000
18809.000
9785.000
22552.000
23705.000
25102.000
8461.000
3546.000
28948.000
30660.000
31953.000
4174.000
6079.000
33333.000
12184.000
29136.000
23848.000
36463.000
34048.000
22104.000
24210.000
26016.000
27840.000
25132.000
23855.000
31961.000
10490.000
12703.000
35873.000
24291.000
39390.000
40721.000
42321.000
31436.000
46094.000
46803.000
9988.000
5862.000
7753.000
9179.000
11081.000
31336.000
15784.000
17095.000
52431.000
19426.000
20751.000
22117.000
24903.000
49387.000
30370.000
53600.000
34436.000
36272.000
38449.000
40579.000
41779.000
42873.000
44368.000
46982.000
77267.000
51082.000
52573.000
55013.000
48033.500
3360.000
4751.000
13169.000
14459.000
17497.000
18797.000
20702.000
64013.000
23620.000
26013.000
27507.000
29608.000
36048.000
37740.000
49970.000
40649.000
42069.000
63487.000
1657.000
45576.000
51550.000
53896.000
76211.500
4159.000
9067.000
10351.000
12699.000
14586.000
21937.000
20221.000
41156.000
26168.000
26225.000
28531.000
4543.000
7148.000
11192.000
0.000
21926.000
16929.000
19008.000
84852.000
16314.000
49229.000
25337.000
4067.000
5569.000
10696.000
13299.000
15334.000
19111.000
21111.000
3865.000
6163.000
9760.000
87120.000
2669.000
3749.000
4043.000
9379.000
11078.000
3244.000
24421.000
5050.000
6958.000
47002.000
0.000
2243.000
0.000
2236.000
0.000
0.000
2229.000
0.000
2230.000
2938.000
3440.000
4743.000
2742.000
0.000
0.000
2280.000
2140.000
0.000
2242.000
2740.000
2633.000
0.000
0.000
0.000
0.000
0.000
2252.000
0.000
0.000
2148.000
2452.000
0.000
2095.000
0.000
3133.000
4756.000
3861.000
5563.000
3557.000
4040.000
0.000
5177.000
3664.000
4960.000
6166.000
4872.000
3675.000
4898.000
6675.000
8065.000
3664.000
14142.000
7640.500
9488.000
4752.000
6961.000
8559.000
13688.000
3587.000
3543.000
2951.000
2565.000
3237.000
3060.000
3433.000
4854.000
4334.000
6145.000
3741.000
5744.000
3142.000
3851.000
5140.000
4439.000
3840.000
4944.000
2948.000
2743.000
3291.000
3240.000
4077.000
8553.000
4035.000
5744.000
21896.000
3938.000
5092.000
0.000
0.000
5048.000
0.000
0.000
0.000
0.000
0.000
0.000
0.000
0.000
0.000
0.000
0.000
2240.000
0.000
2235.000
2127.000
2744.000
3579.000
2229.000
3035.000
2539.000
0.000
2143.000
3039.000
2948.000
3751.000
3754.000
0.000
2596.000
2745.000
3167.000
0.000
0.000
0.000
0.000
0.000
2253.000
2670.000
0.000
2231.000
2225.000
2229.000
2276.000
0.000
0.000
2250.000
2241.000
2357.000
2560.000
3361.000
2162.000
2642.000
2133.000
2138.000
0.000
0.000
2993.500
3137.000
3940.000
3545.000
3964.000
3257.000
3749.000
2850.000
0.000
2139.000
2138.000
0.000
0.000
0.000
2250.000
2148.000
3032.000
2239.000
0.000
2137.000
2930.000
2441.000
3247.000
3837.000
3243.000
2935.000
3237.000
4449.000
4952.000
3353.000
4656.000
0.000
2254.000
2533.000
2244.000
2524.000
3340.000
2641.000
3036.000
2537.000
3349.000
3935.000
5046.000
8556.000
3549.000
6108.500
10457.000
4042.000
5789.000
8776.000
5548.000
3044.000
7473.000
0.000
0.000
2237.000
0.000
0.000
0.000
0.000
2147.000
0.000
2241.000
0.000
0.000
2231.000
0.000
0.000
2261.000
0.000
0.000
0.000
2177.000
3064.000
2428.000
2244.000
0.000
2241.000
0.000
2240.000
0.000
2227.000
0.000
0.000
0.000
2255.000
0.000
0.000
2146.000
2954.000
2261.000
0.000
0.000
2253.000
0.000
0.000
0.000
0.000
0.000
0.000
0.000
0.000
0.000
0.000
0.000
0.000
0.000
0.000
0.000
0.000
0.000
0.000
0.000
0.000
0.000
0.000
0.000
0.000
0.000
0.000
0.000
0.000
0.000
0.000
0.000
0.000
0.000
0.000
0.000
0.000
0.000
0.000
0.000
0.000
0.000
0.000
0.000
0.000
0.000
0.000
0.000
0.000
0.000
0.000
0.000
0.000
0.000
0.000
