0
0
0
1
2
3
4
5
6
8
9
10
11
12
13
14
15
16
17
18
19
20
21
22
23
24
25
26
27
28
29
30
31
32
33
34
35
37
38
39
40
41
42
43
44
45
46
47
48
49
50
51
52
53
54
55
56
57
58
59
60
61
63
64
65
66
67
68
69
70
71
72
73
74
75
76
77
78
79
80
81
82
83
84
85
86
88
89
90
91
92
93
94
95
96
97
98
99
100
101
102
103
104
105
106
107
108
109
111
112
113
114
115
116
117
118
119
120
121
122
123
124
125
126
127
128
129
131
131
133
134
135
136
137
138
139
140
141
142
143
144
144
145
146
147
148
149
150
150
152
153
154
155
156
157
157
158
158
159
159
160
160
160
161
161
162
162
163
165
164
164
164
163
164
164
165
166
165
165
165
165
165
165
166
166
166
167
168
170
167
168
169
170
170
171
172
174
172
173
173
174
174
175
176
176
178
177
178
179
180
181
182
181
182
183
184
185
184
185
186
186
187
187
189
189
189
189
190
190
191
192
192
192
193
193
193
194
195
196
197
198
200
201
202
200
201
201
201
201
201
199
197
195
194
194
193
192
191
192
190
191
191
191
192
193
194
195
195
196
197
198
199
199
200
200
201
202
201
200
199
198
198
198
199
199
199
199
198
199
198
198
198
199
199
200
199
200
200
200
198
198
199
199
199
200
198
199
198
196
195
194
195
196
194
193
192
192
191
191
192
192
192
191
192
193
192
193
194
195
196
195
196
196
196
196
197
198
199
200
201
202
203
202
202
204
203
204
205
205
204
204
204
205
206
207
206
205
206
206
205
204
205
204
202
203
203
203
204
204
204
203
203
202
201
203
203
203
204
203
204
202
201
200
199
199
198
199
199
197
197
198
199
200
200
200
201
201
201
200
200
200
200
197
196
196
195
195
193
193
192
189
187
186
186
184
184
184
182
182
182
181
180
180
180
178
178
176
176
176
175
175
173
173
172
171
171
171
170
169
169
167
166
166
165
163
163
163
162
160
158
