0
0
0
1
2
3
4
5
6
7
8
9
10
11
12
13
13
14
14
15
15
16
17
17
18
18
19
20
21
22
23
24
25
26
27
28
29
31
31
31
31
32
32
32
32
33
33
34
35
36
37
38
38
39
40
41
42
43
44
45
45
46
46
47
47
48
48
48
49
50
50
51
52
52
52
52
53
53
53
54
54
55
55
56
57
57
58
59
60
61
62
63
64
65
66
66
66
67
67
67
68
69
70
71
71
71
72
73
73
74
75
76
76
76
77
77
78
79
80
80
81
81
81
81
82
82
83
85
85
86
87
87
87
87
87
88
89
90
90
91
91
91
92
93
93
93
93
93
93
95
96
97
97
97
98
98
98
98
98
98
98
98
98
99
99
99
98
99
100
100
100
100
98
98
98
99
100
99
99
99
99
99
99
100
100
100
100
101
101
98
98
99
100
100
100
101
101
101
101
101
102
102
102
102
102
103
102
102
103
104
104
104
104
104
104
105
105
105
106
106
105
106
106
106
106
105
105
105
106
107
108
107
108
108
108
109
109
110
110
110
110
111
111
111
110
110
110
110
110
110
110
109
108
108
108
107
106
105
106
105
105
105
105
106
106
106
107
107
108
108
109
109
109
109
109
109
110
109
109
109
108
108
109
110
110
110
110
109
109
109
109
109
109
110
110
110
110
110
110
110
110
110
111
111
111
111
112
112
111
110
110
111
112
112
111
111
111
110
110
110
110
111
111
112
112
111
112
112
113
113
111
111
111
111
112
113
113
114
115
115
115
115
115
115
116
115
116
116
115
115
115
114
114
114
114
113
112
113
113
112
112
113
113
111
112
112
112
112
112
112
111
111
111
110
110
111
111
112
112
113
112
112
111
111
111
111
111
111
110
110
111
111
111
111
111
112
112
112
111
111
111
111
109
109
109
109
109
107
107
107
105
105
105
105
105
105
105
104
104
104
104
104
104
104
102
102
102
102
102
101
101
100
100
100
100
100
100
99
98
98
97
97
97
97
96
96
96
96
95
95
