2447 2046
3374 2807
4373 3069
5373 4375
6374 5575
7375 3528
8373 4754
9374 6456
10373 7699
11375 8928
12373 10190
13375 11669
14373 12873
15373 3296
16373 4510
17374 5687
18373 6941
19380 8637
20375 9998
21373 11035
22373 12347
23374 13503
24373 14651
25373 15926
26375 17344
27373 18606
28373 20239
29373 22364
30373 23558
31374 24940
32373 26102
33373 27435
34374 29056
35373 30480
36373 31764
37374 3988
38373 5897
39373 6924
40374 8953
41373 10981
42375 12599
43373 13978
44374 15982
45375 18993
46373 21873
47374 24019
48375 25881
49373 27630
50374 29012
51375 30517
52373 31786
53374 32984
54373 34216
55374 35666
56375 36967
57373 39179
58374 40524
59373 42122
60373 43506
61374 44929
62373 46620
63373 3928
64374 5641
65374 7613
66373 8950
67374 10872
68373 11980
69374 13930
70374 15636
71375 16883
72373 17920
73374 19191
74374 20572
75374 21928
76375 22984
77373 25945
78374 30128
79374 31907
80373 34263
81375 36094
82374 38276
83374 40390
84375 41583
85374 42741
86374 44180
87375 46793
88374 47900
89374 50898
90373 52382
91375 54821
92375 56401
93374 58399
94375 3191
95374 4525
96375 12944
97374 14319
98374 16905
99375 18571
100375 20467
101375 21911
102375 23407
103375 25864
104375 27366
105374 29418
106374 35911
107375 37539
108376 38974
109375 40505
110375 41894
111375 42906
112376 44155
113375 45381
114375 51298
115376 53701
116375 54959
117374 4943
118376 6771
119375 8928
120375 10147
121375 12470
122375 14426
123375 15903
124375 19999
125374 21980
126375 24935
127375 26094
128376 28407
129376 4387
130375 6930
131374 12322
131376 9673
133374 14924
134374 16761
135375 18819
136375 19932
137374 21660
138374 22863
139375 23935
140375 25095
141375 3881
142375 5366
143375 10451
144376 13103
145375 15125
146375 18946
147375 20941
148375 3660
149375 5937
150375 9627
151375 11964
152375 13083
153376 14970
154376 3905
155375 9154
156376 10898
157375 3012
158376 4923
159375 6138
160376 4890
161376 6800
162376 3906
164265 2007
166624 2006
169349 2008
171340 2007
172340 2770
173339 3258
174340 4567
175340 2581
178808 2007
180121 2006
182148 2007
183149 2588
184148 2507
190477 2007
194012 2007
195012 2228
196399 1786
196401 2008
198400 2710
199399 3154
200399 4548
201400 3670
202400 5328
203400 3357
204398 2435
204400 5212
206399 5011
207399 3520
208399 4803
209400 5955
210399 7950
211399 3527
212400 4732
213400 6511
214400 7901
215400 3484
216400 5880
217400 6881
218400 8028
219400 9531
220400 4550
221400 6730
222400 8369
223399 3900
224400 3403
225400 3392
226400 2739
227400 2348
228400 3047
229400 2909
230399 3283
231399 4666
232400 4173
233400 5977
234400 3516
235399 5602
236399 3659
237400 4942
238400 3667
239399 4999
240400 4223
241400 3647
242401 4804
243400 5927
244400 2541
245400 3103
246401 3037
247400 3889
248400 4906
249401 3814
250400 5609
251401 2992
252400 3741
253401 4899
254401 4979
256491 2007
269560 2007
271979 2007
273159 2006
274160 2598
275161 3346
276371 2007
277371 2839
278372 2357
280012 2007
281013 2823
282012 2731
283012 3578
284012 3514
286113 2008
287112 2804
288113 2528
289112 2934
295332 2007
296332 2417
297786 2007
298966 2008
300367 2007
301367 2062
304570 2006
305570 2063
306571 2148
307571 2379
308570 3115
309787 2007
310787 2465
311841 2006
313712 2006
315793 2007
316793 2964
317793 2994
318793 3765
319792 3357
320793 3728
321793 3068
322793 3606
323793 2662
326159 2006
327352 2007
330912 2007
332047 2007
333045 2863
334048 2065
336675 2006
337675 2765
338676 2240
339676 3069
340677 3705
341676 3088
342676 2771
343676 3060
344676 4253
345676 4748
346676 3203
347674 4498
350066 2006
351067 2391
352520 2007
353519 2398
354520 3211
355520 2457
356519 2872
357520 2402
358520 3125
359520 3761
360521 4887
361520 5921
362521 3320
363520 5322
364520 6467
365520 8903
366520 3878
367521 5612
368519 8602
369520 3967
370520 2862
371588 2008
375047 2007
379493 2006
381754 2008
385478 2007
388080 2007
392348 2007
393348 2845
394349 2280
395967 2007
398344 2007
400492 2007
402332 2007
405987 2007
409381 2006
410382 2772
411638 2008
415004 2008
