0
0
0
2
3
5
3
1
1
7
3
10
4
7
5
7
3
5
3
6
8
5
11
12
8
11
7
12
10
5
7
4
8
9
2
6
7
3
4
6
8
6
3
6
7
4
4
2
0
3
8
10
3
7
5
11
5
6
6
11
11
5
6
3
6
10
4
4
3
1
2
2
0
3
11
6
3
4
7
6
6
4
8
1
1
2
4
8
4
1
1
4
0
1
1
0
4
5
3
2
7
6
4
3
6
4
9
7
3
2
1
6
3
2
1
7
9
5
14
3
2
4
8
10
3
1
8
7
4
0
2
2
10
13
3
6
3
2
1
1
2
1
4
1
4
2
0
9
5
5
2
2
3
1
1
5
11
4
3
6
11
7
8
6
6
7
9
1
10
8
4
8
3
9
10
1
7
6
10
7
9
1
1
1
9
10
12
6
3
8
9
12
6
2
6
5
12
12
5
8
8
7
3
3
5
8
4
5
5
6
5
2
9
5
3
7
7
9
11
6
6
10
13
9
8
8
8
10
6
9
8
6
7
4
4
2
1
4
9
6
7
5
5
2
1
0
1
0
0
0
5
2
0
0
0
0
0
4
7
5
5
6
5
1
8
8
5
2
5
1
1
3
0
7
9
6
8
9
10
5
9
11
6
4
6
8
2
2
8
7
4
2
6
5
6
9
6
9
5
4
12
2
3
11
6
10
11
5
5
11
8
8
3
11
3
3
8
6
7
6
1
3
7
12
10
7
8
10
12
12
10
8
2
6
13
6
10
11
7
2
13
7
11
12
8
6
5
6
4
4
5
10
9
12
7
6
8
9
1
1
5
11
6
4
1
6
1
4
7
8
7
13
4
7
4
6
10
12
10
4
5
7
1
2
11
6
7
6
3
7
6
8
4
5
0
0
0
0
0
0
0
0
0
0
0
0
0
0
0
0
0
0
0
0
0
0
0
0
0
0
0
0
0
0
0
0
0
0
0
0
0
0
0
0
0
0
0
0
0
0
0
0
0
0
0
0
0
0
0
0
