2046
2807
3069
4375
5575
3528
4754
6456
7699
8928
10190
11669
12873
3296
4510
5687
6941
8637
9998
11035
12347
13503
14651
15926
17344
18606
20239
22364
23558
24940
26102
27435
29056
30480
31764
3988
5897
6924
8953
10981
12599
13978
15982
18993
21873
24019
25881
27630
29012
30517
31786
32984
34216
35666
36967
39179
40524
42122
43506
44929
46620
3928
5641
7613
8950
10872
11980
13930
15636
16883
17920
19191
20572
21928
22984
25945
30128
31907
34263
36094
38276
40390
41583
42741
44180
46793
47900
50898
52382
54821
56401
58399
3191
4525
12944
14319
16905
18571
20467
21911
23407
25864
27366
29418
35911
37539
38974
40505
41894
42906
44155
45381
51298
53701
54959
4943
6771
8928
10147
12470
14426
15903
19999
21980
24935
26094
28407
4387
6930
12322
9673
14924
16761
18819
19932
21660
22863
23935
25095
3881
5366
10451
13103
15125
18946
20941
3660
5937
9627
11964
13083
14970
3905
9154
10898
3012
4923
6138
4890
6800
3906
2007
2006
2008
2007
2770
3258
4567
2581
2007
2006
2007
2588
2507
2007
2007
2228
1786
2008
2710
3154
4548
3670
5328
3357
2435
5212
5011
3520
4803
5955
7950
3527
4732
6511
7901
3484
5880
6881
8028
9531
4550
6730
8369
3900
3403
3392
2739
2348
3047
2909
3283
4666
4173
5977
3516
5602
3659
4942
3667
4999
4223
3647
4804
5927
2541
3103
3037
3889
4906
3814
5609
2992
3741
4899
4979
2007
2007
2007
2006
2598
3346
2007
2839
2357
2007
2823
2731
3578
3514
2008
2804
2528
2934
2007
2417
2007
2008
2007
2062
2006
2063
2148
2379
3115
2007
2465
2006
2006
2007
2964
2994
3765
3357
3728
3068
3606
2662
2006
2007
2007
2007
2863
2065
2006
2765
2240
3069
3705
3088
2771
3060
4253
4748
3203
4498
2006
2391
2007
2398
3211
2457
2872
2402
3125
3761
4887
5921
3320
5322
6467
8903
3878
5612
8602
3967
2862
2008
2007
2006
2008
2007
2007
2007
2845
2280
2007
2007
2007
2007
2007
2006
2772
2008
2008
