0.000
0.000
0.000
194.598
388.376
582.416
776.515
969.277
1162.079
1522.689
1727.975
1927.167
2118.113
2301.157
2505.900
2716.912
2910.460
3104.508
3297.844
3491.380
3691.326
3885.362
4080.164
4282.262
4476.032
4670.080
4863.866
5058.202
5254.543
5449.403
5642.701
5837.549
6031.397
6232.382
6427.176
6622.505
6816.064
7173.394
7367.457
7561.274
7766.353
7972.760
8167.577
8368.058
8561.868
8754.626
8948.451
9141.741
9334.175
9528.488
9724.059
9920.482
10114.768
10309.097
10503.398
10705.430
10898.739
11092.521
11286.307
11482.683
11678.539
11873.349
12232.112
12425.331
12619.109
12812.626
13019.990
13227.936
13421.514
13614.230
13807.785
14001.063
14193.853
14387.081
14589.351
14784.730
14977.477
15170.732
15365.287
15560.343
15753.886
15947.450
16141.778
16334.510
16527.557
16721.546
17079.536
17274.873
17468.440
17677.382
17884.035
18077.075
18269.837
18462.560
18655.557
18849.359
19042.875
19236.641
19430.470
19623.967
19818.065
20012.574
20206.352
20400.888
20594.721
20787.706
20982.234
21175.797
21533.271
21726.014
21918.753
22130.031
22329.481
22532.552
22724.783
22919.339
23113.664
23307.703
23502.837
23696.373
23889.667
24083.257
24281.656
24477.024
24670.056
24863.076
25056.636
25442.700
25443.207
25799.678
25992.417
26199.878
26406.301
26607.536
26800.845
26994.119
27187.648
27380.465
27573.188
27766.704
27959.682
27960.939
28154.264
28347.511
28540.492
28733.747
28927.291
29121.338
29122.358
29479.855
29672.864
29869.732
30063.576
30277.893
30477.613
30478.628
30672.953
30674.492
30868.052
30869.595
31065.681
31066.451
31067.482
31260.729
31263.557
31456.827
31456.538
31649.582
32007.326
31843.282
31844.313
31844.829
31650.969
31845.551
31847.860
32040.869
32234.932
32042.388
32043.923
32044.439
32046.494
32046.994
32047.505
32240.518
32241.549
32243.096
32437.397
32630.394
32959.130
32438.702
32603.965
32826.758
33020.278
33020.868
33214.412
33408.217
33794.231
33410.003
33603.550
33604.609
33799.477
33799.996
33993.766
34188.576
34189.330
34547.366
34354.944
34548.940
34757.801
34963.934
35157.232
35350.545
35158.747
35352.557
35545.553
35739.101
35933.406
35741.956
35935.207
36128.458
36128.724
36321.998
36322.838
36681.366
36680.343
36698.933
36700.151
36904.723
36905.980
37101.528
37295.579
37297.372
37298.298
37491.627
37491.647
37491.018
37683.745
37878.328
38074.946
38268.524
38463.545
38822.339
39029.867
39228.032
38850.476
39029.871
39043.531
39043.531
39043.789
39044.043
38644.319
38260.345
37871.734
37679.452
37679.964
37486.658
37293.915
37101.907
37295.990
36909.164
37104.247
37105.567
37106.094
37299.329
37493.502
37687.815
37881.789
37882.304
38047.153
38240.149
38448.802
38641.295
38655.729
38841.191
38852.948
39047.203
39241.145
39048.258
38857.323
38665.303
38476.580
38477.611
38477.326
38671.143
38651.311
38636.690
38665.729
38472.244
38667.092
38474.756
38475.748
38475.779
38669.041
38669.346
38833.863
38671.151
38864.171
38865.718
38866.698
38481.224
38483.799
38662.877
38677.631
38678.686
38871.804
38485.260
38679.299
38485.775
38097.141
37904.304
37714.796
37909.109
38103.141
37717.011
37524.971
37332.736
37334.173
37142.653
37144.239
37337.701
37338.142
37339.388
37147.606
37341.583
37536.373
37344.185
37538.529
37732.835
37927.562
38121.742
37901.550
38106.262
38124.547
38125.539
38126.278
38319.735
38514.330
38708.565
38902.409
39095.418
39290.255
39483.771
39290.969
39293.020
39650.541
39457.591
39660.635
39873.405
39874.288
39680.479
39681.776
39683.459
39877.284
40071.492
40267.254
40075.808
39884.757
40078.961
40079.132
39886.128
39694.721
39880.335
39697.990
39313.040
39505.810
39506.497
39507.009
39699.967
39701.264
39674.611
39510.345
39514.783
39322.774
39133.902
39491.435
39506.634
39522.349
39718.424
39527.712
39720.736
39336.239
39144.629
38952.148
38759.397
38761.971
38570.482
38735.749
38766.877
38381.563
38382.849
38576.892
38772.381
38965.683
38966.710
38967.484
39160.273
39161.555
39161.812
38968.804
38969.820
38970.070
38970.323
38391.228
38199.059
38199.571
38008.054
38008.308
37622.803
37623.318
37430.533
36851.769
36465.478
36273.001
36273.259
35887.855
35888.109
35888.109
35502.326
35502.580
35502.580
35309.267
35116.504
35116.762
35117.274
34731.151
34731.151
34345.392
34345.908
34346.162
34152.911
34153.165
33767.429
33767.687
33575.213
33381.900
33382.096
33382.096
33189.571
32996.786
32996.786
32610.288
32415.729
32415.987
32222.669
31837.437
31837.691
31837.945
31645.015
31259.517
30873.778
