0
0
0
2379
3009
3260
4504
5791
3782
840
4457
7375
9066
9484
11908
13124
4669
5880
7487
8861
5267
646
12586
13385
14898
22641
17500
18809
9785
22552
23705
25102
8461
3546
28948
30660
31953
4174
6079
33333
12184
29136
34931
36463
34048
22104
24210
26016
27840
25132
23855
31961
10490
12703
35873
24291
39390
40721
42321
31436
46094
46803
9988
5862
7753
9179
11081
48596
15784
17095
52431
19426
20751
22117
24903
49387
30370
53600
34436
36272
38449
40579
41779
42873
44368
46982
77267
51082
52573
55013
48575
3360
4751
13169
14459
17497
18797
20702
64013
23620
26013
27507
29608
36048
37740
49970
40649
42069
63487
1657
45576
51550
53896
103135
4159
9067
10351
12699
14586
21937
20221
41156
26168
26225
28531
4543
7148
12502
0
21926
16929
19008
84852
21835
49229
25337
4067
5569
10696
13299
15334
19111
21111
3865
6163
9760
87120
2669
3749
4043
9379
11078
3244
42485
5050
6958
47002
0
2243
0
2236
0
0
2229
0
2230
2938
3440
4743
2742
0
0
2280
2140
0
2242
2740
2633
0
0
0
0
0
2252
0
0
2148
2452
0
2242
0
3332
4756
3861
5563
3557
5399
0
5177
3664
4960
6166
4872
3675
4898
6675
8065
3664
14142
8201
9488
4752
6961
8559
13688
3587
3543
2951
2565
3237
3060
3433
4854
4334
6145
3741
5744
3849
3851
5140
4439
3840
4944
2948
2743
3291
3240
4077
8553
4035
5744
21896
3938
5153
0
0
5048
0
0
0
0
0
0
0
0
0
0
0
2240
0
2235
2127
2744
3579
2229
3035
2539
0
2143
3039
2948
3751
3754
0
2946
2745
3167
0
0
0
0
0
2253
2670
0
2231
2225
2229
2276
0
0
2250
2241
2357
2560
3361
2162
2642
2133
2138
0
0
3142
3137
3940
3545
3964
3257
3749
2850
0
2139
2138
0
0
0
2250
2148
3032
2239
0
2137
2930
2441
3247
3837
3243
2935
3237
4449
4952
3353
4656
0
2254
2533
2244
2524
3340
2641
3036
2537
3349
3935
5046
8556
3549
6661
10457
4042
5789
8776
5548
3044
7473
0
0
2237
0
0
0
0
2147
0
2241
0
0
2231
0
0
2261
0
0
0
2177
3064
2428
2244
0
2241
0
2240
0
2227
0
0
0
2255
0
0
2146
2954
2261
0
0
2253
0
0
0
0
0
0
0
0
0
0
0
0
0
0
0
0
0
0
0
0
0
0
0
0
0
0
0
0
0
0
0
0
0
0
0
0
0
0
0
0
0
0
0
0
0
0
0
0
0
0
0
0
0
0
