0
0
0
0
0
1
2
3
4
5
6
7
8
8
9
10
11
12
13
14
15
16
18
19
20
21
22
22
23
24
25
25
26
27
28
28
29
30
30
31
31
32
33
33
35
35
36
37
38
39
40
41
42
43
45
45
46
47
48
49
49
49
50
50
50
51
52
52
53
54
54
54
54
55
56
57
58
59
60
61
61
61
62
62
64
65
66
66
66
67
67
68
69
70
70
71
71
72
73
74
74
75
75
76
76
77
77
77
77
77
79
79
80
80
82
82
83
83
84
84
84
84
84
85
85
85
85
87
87
87
88
89
89
89
90
91
92
93
94
95
95
95
95
95
95
95
96
97
97
99
100
100
100
100
99
99
99
101
101
101
101
102
104
104
104
104
104
104
103
103
103
103
103
103
103
103
104
105
106
107
107
107
107
105
105
106
106
106
105
104
106
107
106
105
104
102
103
103
103
102
102
103
104
103
103
103
104
104
104
103
103
102
105
105
103
103
104
104
106
106
106
106
108
108
107
107
107
106
106
104
104
104
104
104
104
104
104
104
103
103
103
103
103
103
103
104
104
104
104
104
107
106
106
106
104
104
104
104
104
104
104
104
103
103
104
104
104
104
104
104
104
104
105
105
105
105
105
105
104
103
104
103
103
104
105
106
105
106
107
107
106
105
106
106
106
106
106
108
109
109
108
107
108
109
109
109
110
110
110
110
110
112
112
112
114
114
115
113
113
113
112
112
112
112
113
111
111
111
111
111
111
111
112
112
111
112
112
113
112
112
112
112
112
110
110
110
110
109
108
109
110
109
110
109
108
109
109
109
109
109
109
108
108
109
109
109
109
109
109
108
107
107
107
106
106
104
104
103
103
103
103
103
103
103
103
103
103
103
102
102
102
101
101
101
101
100
99
99
99
99
99
99
99
99
99
99
99
99
99
98
97
96
96
