0
0
0
0
0
1
2
3
4
5
6
7
8
9
10
11
12
13
14
15
16
17
19
20
21
22
23
24
25
26
27
28
29
30
31
32
33
34
36
37
37
39
40
40
42
43
44
45
46
47
48
49
50
51
53
54
55
56
57
58
59
60
61
62
63
64
65
66
67
69
69
71
72
73
74
75
76
77
78
79
80
81
82
83
85
86
87
88
89
90
91
92
93
94
95
96
97
98
100
101
102
103
104
105
105
107
108
108
110
110
113
114
115
115
117
118
119
120
121
122
123
124
125
127
128
129
129
131
132
133
134
135
136
137
138
139
141
142
143
144
144
146
147
148
149
149
150
152
153
155
155
156
156
156
155
155
156
159
159
159
159
165
166
167
167
167
167
167
166
168
167
167
167
167
168
168
170
174
175
177
178
178
180
179
179
180
180
180
179
179
183
184
183
181
180
178
181
181
182
182
183
184
186
185
185
183
188
189
189
188
189
189
192
191
189
189
191
191
193
193
192
193
197
197
196
195
196
194
195
193
192
192
191
192
192
192
191
192
191
191
191
190
188
188
189
192
192
191
191
191
195
194
193
192
191
192
192
190
190
190
190
189
188
187
190
189
189
189
190
190
190
190
192
193
192
192
193
193
192
191
191
190
190
192
193
195
194
196
198
197
196
195
197
197
197
196
197
200
201
199
198
196
198
199
198
199
199
199
200
199
199
201
201
202
204
204
208
208
208
208
207
207
208
207
209
206
208
207
205
204
204
203
204
204
203
203
202
202
201
201
201
200
200
198
199
199
198
199
197
198
198
195
195
194
194
193
193
194
193
194
194
193
194
195
196
197
197
195
195
193
191
189
188
187
187
185
184
183
183
182
181
181
181
181
181
181
181
181
179
179
179
176
176
176
174
173
172
171
171
171
170
170
170
169
167
167
167
164
163
162
161
159
159
