0.000
0.000
0.000
0.000
0.000
0.000
5598.000
6487.000
6840.000
7941.000
9061.000
3332.000
11335.000
9387.500
8465.000
6769.000
7117.000
13468.000
6250.000
16228.000
17456.000
18703.000
20338.000
1249.000
15494.000
15903.000
4502.000
8737.000
10042.000
12425.000
14042.000
19952.500
11310.000
19006.000
783.000
32138.000
21933.000
0.000
24010.000
26696.000
27774.000
0.000
33863.500
31593.000
0.000
23271.000
41833.000
39450.000
42903.000
44258.000
45512.000
46677.000
5571.000
49511.000
0.000
8908.000
11496.000
13069.000
14177.000
15486.000
16694.000
17844.000
18995.000
25511.500
29009.000
30701.000
33916.000
35031.000
36154.000
37538.000
58259.000
0.000
46873.500
27693.000
40265.000
47335.000
49672.000
42893.000
49764.000
57397.000
64334.000
13008.000
63029.000
61282.000
7862.000
9145.000
17276.000
18610.000
21496.000
22704.000
24493.000
26390.000
22367.000
31208.000
84407.000
39661.000
41102.000
0.000
44179.000
45508.000
46667.000
56578.000
53408.000
102234.000
56711.000
0.000
25620.333
0.000
12754.000
0.000
7359.500
14508.000
2725.000
20400.000
0.000
16991.500
54770.000
30013.000
35046.500
26580.000
80659.000
36128.000
1850.000
10289.000
12897.000
14786.000
33262.000
0.000
20901.500
32144.000
25881.500
29821.000
85080.000
133304.000
35338.000
37757.000
7600.000
30115.000
13687.000
15389.000
16980.000
0.000
67057.000
21261.500
101841.000
0.000
30834.000
20238.500
2213.000
0.000
18282.000
19859.000
81606.000
0.000
0.000
0.000
4587.000
12828.333
0.000
0.000
0.000
37276.500
19434.750
7933.500
151171.000
0.000
0.000
0.000
0.000
15212.000
91753.000
0.000
0.000
0.000
0.000
9675.000
0.000
10268.500
52918.500
8584.000
8921.500
9248.000
0.000
5578.000
0.000
8582.000
0.000
0.000
0.000
0.000
15101.000
12186.750
17332.000
0.000
0.000
17488.000
16558.333
0.000
0.000
15640.000
27252.000
2788.000
11807.000
9691.000
0.000
0.000
10800.600
8774.000
0.000
0.000
0.000
39698.000
11961.000
10861.667
0.000
0.000
12303.333
0.000
10500.500
0.000
11303.000
19950.000
11588.000
10988.333
0.000
0.000
0.000
12568.000
0.000
23601.000
0.000
0.000
0.000
0.000
18548.000
0.000
0.000
0.000
61833.000
7702.000
0.000
0.000
0.000
9706.000
0.000
23860.667
11444.000
0.000
0.000
9703.500
9763.750
0.000
0.000
0.000
0.000
19086.000
10836.000
11937.000
11185.000
0.000
0.000
0.000
0.000
0.000
0.000
20730.400
0.000
0.000
10757.000
10864.000
0.000
0.000
0.000
10324.250
29051.000
0.000
9773.500
11369.000
0.000
8334.000
9721.000
9739.000
0.000
11455.000
11136.000
11586.000
13508.000
0.000
13200.500
11175.000
0.000
0.000
0.000
8181.500
0.000
0.000
11514.000
4401.000
8398.000
9582.500
0.000
0.000
10845.333
11143.000
0.000
0.000
12020.000
13280.000
572.000
12621.000
13878.000
0.000
11420.500
10701.000
0.000
12081.500
891.000
14095.500
9496.000
0.000
0.000
0.000
13613.500
0.000
12187.000
13817.500
0.000
22222.500
0.000
0.000
0.000
0.000
0.000
10745.000
0.000
0.000
7128.500
0.000
9723.000
0.000
0.000
0.000
0.000
0.000
0.000
33257.000
0.000
0.000
6820.500
0.000
11151.000
10631.000
0.000
3313.000
21950.000
0.000
9726.000
2570.000
0.000
0.000
10692.000
0.000
15331.000
11121.000
0.000
31319.000
30231.000
0.000
0.000
0.000
0.000
0.000
0.000
0.000
0.000
0.000
0.000
0.000
0.000
0.000
0.000
0.000
0.000
0.000
0.000
0.000
0.000
0.000
0.000
0.000
0.000
0.000
0.000
0.000
0.000
0.000
0.000
0.000
0.000
0.000
0.000
0.000
0.000
0.000
0.000
0.000
0.000
0.000
0.000
0.000
0.000
0.000
0.000
