0.000
0.000
0.000
0.000
0.000
195.953
407.246
617.457
826.371
1035.406
1246.680
1456.867
1666.000
1876.309
2085.727
2294.945
2502.660
2710.129
2920.344
3128.801
3338.973
3547.043
3949.395
4167.027
4383.305
4595.930
4805.672
5015.441
5225.535
5434.125
5641.770
5850.770
6060.934
6270.195
6477.758
6684.883
6892.313
7087.336
7506.238
7716.156
7727.840
8126.434
8344.582
8352.563
8760.453
8974.922
9187.090
9395.563
9606.414
9815.230
10024.063
10231.711
10440.148
10649.691
11042.234
11260.348
11467.613
11679.813
11887.078
12098.203
12305.469
12513.625
12723.016
12931.922
13140.551
13348.629
13555.000
13763.707
13972.691
14375.070
14389.098
14785.355
15008.086
15218.250
15427.301
15635.355
15843.621
16052.512
16261.422
16469.867
16677.090
16885.211
17094.379
17304.223
17704.875
17914.938
18124.125
18332.512
18541.906
18752.422
18960.055
19169.316
19377.980
19588.652
19798.043
20005.539
20213.871
20410.590
20826.188
21037.445
21247.344
21455.512
21664.832
21873.445
21878.160
22287.859
22498.031
22499.844
22914.547
22915.141
23526.531
23736.297
23946.238
23955.563
24358.621
24572.648
24783.027
24991.387
25200.941
25410.926
25622.785
25829.895
26036.625
26439.555
26648.734
26858.977
26867.457
27270.520
27487.688
27696.574
27907.004
28113.426
28321.555
28529.543
28737.586
28945.832
29349.406
29559.461
29768.301
29978.762
29985.047
30392.625
30605.344
30818.230
31026.883
31028.410
31237.250
31651.520
31860.816
32252.984
32267.688
32475.922
32484.273
32484.367
32276.301
32276.520
32478.688
33103.555
33104.172
33104.574
33104.637
34294.367
34525.777
34746.617
34754.754
34754.973
34755.164
34755.359
34533.328
34949.887
34743.285
34743.824
34744.063
34744.203
34934.590
34947.039
35340.379
36144.219
36385.223
36793.957
37012.484
37017.488
37428.012
37222.641
37224.375
37432.055
37432.102
37432.289
37224.199
37208.574
38017.359
38241.129
38038.047
37622.664
37415.359
36992.004
37610.609
37611.063
37802.414
37797.367
38003.441
38209.859
38609.039
38418.680
38418.895
38002.191
39023.641
39234.305
39235.023
39027.988
39220.305
39216.398
39822.082
39638.891
39224.371
39223.434
39629.586
39632.098
40037.703
40038.668
39827.352
40013.484
40817.316
40853.453
40646.027
40439.965
40638.547
40226.645
40430.258
40019.055
39811.180
39811.336
39604.207
39604.242
39811.758
39811.773
39604.969
39802.148
39596.883
39601.551
39602.172
39395.281
38973.270
38976.523
39171.363
39791.129
39796.883
39579.926
39567.961
39573.379
40399.949
40194.473
39986.469
39778.930
39555.262
39759.766
39757.137
39337.453
39343.918
39343.918
39344.113
39136.742
38928.563
38720.773
39318.750
39120.563
39124.547
39125.082
39327.789
39321.496
39321.523
39321.789
39701.676
39926.910
39728.484
39729.063
39933.504
39928.020
39708.504
39506.402
39498.969
39294.336
39294.516
39687.883
39890.676
40290.504
40104.023
40499.398
40915.238
40715.859
40507.188
40300.105
40696.781
40709.793
40709.797
40503.176
40705.961
41306.141
41521.473
41116.270
40908.957
40498.551
40903.656
41111.637
40908.855
41099.816
41102.020
41101.332
41306.406
41098.660
41103.492
41491.258
41509.469
41712.273
42097.023
42105.438
42914.805
42933.793
42944.719
42945.121
42739.000
42739.344
42942.227
42725.254
43122.313
42523.633
42918.809
42721.953
42317.684
42110.605
42110.629
41902.926
42102.023
42104.758
41901.902
41876.531
41684.680
41676.477
41476.000
41476.008
41476.125
41269.496
41269.539
40853.551
41044.441
41056.527
40853.633
41033.273
40647.484
40843.758
40834.059
40222.074
40205.469
40011.125
40007.156
39799.625
39804.199
40006.180
39798.457
39989.094
40002.090
39793.574
39993.773
40196.535
40386.867
40599.863
40606.637
40190.465
40190.551
39774.043
39363.148
38958.000
38749.188
38546.059
38546.078
38136.789
37928.527
37722.020
37722.250
37519.449
37316.844
37316.848
37316.852
37316.852
37316.855
37317.090
37317.133
37317.344
36906.801
36906.801
36906.988
36279.746
36279.773
36279.805
35864.164
35657.105
35449.547
35239.363
35239.363
35239.363
35031.832
35031.832
35031.832
34824.391
34418.148
34418.148
34418.148
33794.965
33591.688
33383.914
33179.938
32768.109
32768.164
