0
0
0
0
0
0
5598
6487
6840
7941
9061
3332
11335
11922
8465
6769
7117
13468
6250
16228
17456
18703
20338
1249
15494
15903
4502
8737
10042
12425
14042
24531
11310
19006
783
32138
21933
0
24718
26696
27774
0
37676
31593
0
23367
41833
40044
42903
44258
45512
46677
5571
49511
0
9459
11496
13069
14177
15486
16694
17844
18995
26043
29009
30701
33916
35031
36154
37538
58259
0
52638
27693
40265
47335
49672
42893
55546
57397
64334
13008
63029
61282
7862
9145
17276
18610
21496
22704
24493
26390
22367
32171
84407
39661
41102
0
44369
45508
46667
56578
53408
102234
56711
0
61552
0
14923
0
12778
14508
2725
20400
0
24481
54770
30013
36123
26580
80659
36128
1850
10289
12897
14786
33262
0
21352
32144
27074
29821
85080
133304
35338
37757
7600
30115
13687
15389
16980
0
113859
26194
101841
0
30834
32332
2213
0
18713
19859
81606
0
0
0
4587
14267
0
0
0
61237
36254
8092
151171
0
0
0
0
25181
91753
0
0
0
0
9675
0
11014
181994
8584
10326
9248
0
10197
0
8582
0
0
0
0
15101
16287
17332
0
0
17488
19558
0
0
15640
27252
2788
11807
10712
0
0
11609
8774
0
0
0
39698
11961
11441
0
0
12963
0
10677
0
11303
19950
11977
14237
0
0
0
12568
0
23601
0
0
0
0
18548
0
0
0
61833
7702
0
0
0
9706
0
52634
11444
0
0
10943
10678
0
0
0
0
19086
10836
11937
11185
0
0
0
0
0
0
62382
0
0
10757
10864
0
0
0
11619
29051
0
10656
11369
0
8334
9721
9739
0
11455
11136
11586
23685
0
19660
13585
0
0
0
8678
0
0
11514
4401
9676
9716
0
0
11891
11143
0
0
12020
13280
572
12621
13878
0
11694
10701
0
12133
891
24225
11297
0
0
0
13625
0
12187
15091
0
23166
0
0
0
0
0
10745
0
0
10004
0
9723
0
0
0
0
0
0
33257
0
0
10687
0
11151
10631
0
3313
21950
0
9726
2570
0
0
10692
0
20784
11121
0
54933
30231
0
0
0
0
0
0
0
0
0
0
0
0
0
0
0
0
0
0
0
0
0
0
0
0
0
0
0
0
0
0
0
0
0
0
0
0
0
0
0
0
0
0
0
0
0
0
