0
0
0
0
0
1
8
1
2
3
4
3
3
3
3
2
5
6
7
4
5
1
5
32
54
2
3
3
3
3
4
5
7
4
5
3
3
1
10
3
0
3
3
1
2
1
3
3
2
5
3
2
2
1
1
3
3
4
2
1
1
1
1
3
4
2
4
3
1
1
1
3
2
2
2
3
2
3
1
2
2
11
2
7
3
3
3
3
5
4
4
4
4
5
3
3
4
4
5
4
6
4
5
5
5
7
5
3
4
2
4
6
5
5
5
2
2
3
2
7
13
3
2
2
4
3
4
4
2
2
5
3
2
2
2
1
3
2
3
2
2
4
5
11
6
6
4
7
5
5
7
7
5
6
5
5
8
7
5
6
5
10
8
7
8
8
8
8
8
10
11
8
4
4
5
4
6
8
3
4
6
2
5
5
4
4
4
4
5
6
9
6
2
0
1
2
3
2
2
4
4
2
2
3
3
2
5
2
2
2
2
2
4
1
1
2
6
5
5
4
4
4
8
5
4
3
4
3
4
3
3
3
3
4
4
3
3
3
3
4
4
3
4
2
3
3
2
2
3
3
7
5
3
4
3
4
3
3
2
0
1
2
2
1
4
4
3
2
4
6
4
6
9
5
2
3
3
3
4
3
4
4
2
3
5
3
2
4
6
5
3
4
7
4
3
3
6
8
8
6
4
5
8
2
3
5
5
5
5
5
4
5
5
1
4
5
6
6
4
2
2
4
4
3
7
6
8
5
5
5
5
5
6
5
4
8
6
6
5
5
4
5
5
5
4
3
4
6
4
4
4
3
2
2
3
3
2
3
1
2
1
1
1
1
2
3
3
3
3
3
3
3
3
3
3
3
3
3
2
2
2
2
2
2
2
2
2
2
2
2
2
2
2
0
0
0
0
0
0
0
0
0
0
0
0
0
0
0
0
0
0
0
0
