5043
5956
6300
7406
8521
9677
10796
6331
7900
9365
10500
11786
12900
14105
15658
16907
18100
19770
20934
22549
23709
24859
8137
9448
11839
13468
14813
15936
17210
18376
19679
20967
21968
24159
24936
25959
27212
29455
29988
30986
33241
34257
36996
39470
40686
42342
43695
44929
46116
47643
48875
8861
7758
10839
12454
13606
14841
16127
17250
18350
24432
26976
28452
30173
33301
34415
35528
36908
37917
41379
41996
43942
45375
46770
49058
50555
52448
54934
56817
58997
61003
62398
63975
7260
8524
16691
18033
20897
22096
23941
25826
28186
29573
31552
32938
39000
40526
43386
43751
44927
46072
47880
52799
53939
56100
60909
6155
7831
9966
9995
14945
12149
16657
18649
19833
23929
23076
25895
29451
33366
35516
38958
42005
43948
46944
9664
12234
14169
15916
19780
20748
21890
24103
26554
29235
30976
32971
34767
37152
6994
8916
13045
14771
16409
21930
20923
23943
25628
26943
30247
7564
31694
11976
17248
18103
19242
20898
26297
13965
13683
11232
12657
21000
14919
8410
21300
9695
7483
7126
6913
6079
13953
13138
9912
9055
10365
8899
8309
8868
8796
10063
8003
6819
9628
8613
8059
7656
9556
7946
14474
15734
11766
9460
9401
16671
16886
10250
18922
18617
14980
18951
19960
11202
8039
10059
11016
10314
10880
8167
10583
8162
11024
11406
10484
9234
10806
10902
11831
12372
9638
10048
10708
11114
10593
11352
8653
13604
8766
11922
8063
8062
10061
7049
9051
10066
8041
7708
10834
10280
7897
9925
7830
10060
8822
10606
10168
11290
10457
11017
7510
8614
10583
11520
10190
10301
11016
8393
9315
10167
9790
12573
8275
10714
9042
9062
9090
10856
10515
10971
10353
10506
6035
9910
8070
12939
8062
7062
10918
10170
9054
6493
8897
9115
11018
11318
8242
10455
11435
12681
13775
12022
13232
10508
11065
10063
11346
11472
10173
9372
11625
9254
9746
7051
10559
13024
12949
11539
11846
14399
11937
10937
10043
9344
10052
9064
10063
9951
10050
10503
10018
10056
10066
9052
10353
10053
9306
10065
10495
11702
7048
9057
