5302 5043
6307 5956
7299 6300
8290 7406
9283 8521
10274 9677
11298 10796
12291 6331
13283 7900
14274 9365
15298 10500
16290 11786
17287 12900
18275 14105
19299 15658
20290 16907
21283 18100
22275 19770
23298 20934
24252 22549
25287 23709
26274 24859
27298 8137
28290 9448
29283 11839
30275 13468
31298 14813
32291 15936
33284 17210
34250 18376
35299 19679
36294 20967
37283 21968
39253 24159
39298 24936
40290 25959
41282 27212
43278 29455
43298 29988
44290 30986
46251 33241
46274 34257
47303 36996
48290 39470
49286 40686
50275 42342
51299 43695
52291 44929
53284 46116
54275 47643
55299 48875
57283 8861
57291 7758
58306 10839
59298 12454
60291 13606
61283 14841
62275 16127
63299 17250
64290 18350
65283 24432
66275 26976
67298 28452
68290 30173
69287 33301
70275 34415
71299 35528
72291 36908
73282 37917
75249 41379
75298 41996
76289 43942
77287 45375
78275 46770
79299 49058
80292 50555
81283 52448
82250 54934
83298 56817
84291 58997
85283 61003
86275 62398
87299 63975
88291 7260
89283 8524
90275 16691
91303 18033
92290 20897
93283 22096
94274 23941
95298 25826
96294 28186
97282 29573
98280 31552
99298 32938
100291 39000
101283 40526
103254 43386
103302 43751
104291 44927
105282 46072
106275 47880
107299 52799
108295 53939
109282 56100
111275 60909
111299 6155
112291 7831
114284 9966
114310 9995
116294 14945
116300 12149
117283 16657
118274 18649
119299 19833
121252 23929
121291 23076
122275 25895
123302 29451
124291 33366
125282 35516
126275 38958
127298 42005
128291 43948
129282 46944
130279 9664
131299 12234
132292 14169
133282 15916
135253 19780
135298 20748
136290 21890
137283 24103
138275 26554
139298 29235
140290 30976
141283 32971
142275 34767
143299 37152
144291 6994
145283 8916
146252 13045
147298 14771
148253 16409
150275 21930
150284 20923
151298 23943
152290 25628
153283 26943
155254 30247
156291 7564
156300 31694
157283 11976
159276 17248
159299 18103
160290 19242
161288 20898
166284 26297
167288 13965
167299 13683
167303 11232
171294 12657
171303 21000
172255 14919
172277 8410
172281 21300
172299 9695
173282 7483
173290 7126
174276 6913
179981 6079
180296 13953
180304 13138
181288 9912
186408 9055
188412 10365
188638 8899
189621 8309
189628 8868
189645 8796
189648 10063
190636 8003
191620 6819
191629 9628
192643 8613
194632 8059
194635 7656
195620 9556
197649 7946
202638 14474
203622 15734
203630 11766
203637 9460
203645 9401
204634 16671
208624 16886
209634 10250
209637 18922
209646 18617
212624 14980
213650 18951
214639 19960
215634 11202
216609 8039
217041 10059
220658 11016
220680 10314
220691 10880
220696 8167
220705 10583
221683 8162
225681 11024
226703 11406
227655 10484
227677 9234
227695 10806
230694 10902
231696 11831
231704 12372
233778 9638
233811 10048
235822 10708
236815 11114
237803 10593
237822 11352
238805 8653
238807 13604
238813 8766
242801 11922
244928 8063
250941 8062
255058 10061
255896 7049
260231 9051
262767 10066
263102 8041
263124 7708
263717 10834
267120 10280
267768 7897
268776 9925
268779 7830
268786 10060
268789 8822
273777 10606
274789 10168
275769 11290
276784 10457
284353 11017
284374 7510
284383 8614
284399 10583
285392 11520
288400 10190
289395 10301
293247 11016
293271 8393
293286 9315
293295 10167
294280 9790
297246 12573
297279 8275
298288 10714
299848 9042
301830 9062
302821 9090
304814 10856
305808 10515
306835 10971
307815 10353
307821 10506
309803 6035
309841 9910
310727 8070
310807 12939
315262 8062
315317 7062
319311 10918
320307 10170
320837 9054
320844 6493
321796 8897
321829 9115
325833 11018
325838 11318
325845 8242
326822 10455
329840 11435
330836 12681
331824 13775
332851 12022
333839 13232
336304 10508
336312 11065
337648 10063
339634 11346
339641 11472
340645 10173
341624 9372
341625 11625
341635 9254
341644 9746
342636 7051
342645 10559
347627 13024
347635 12949
349651 11539
350632 11846
350642 14399
352629 11937
352651 10937
359024 10043
362694 9344
362708 10052
364617 9064
372852 10063
376009 9951
376016 10050
378032 10503
379356 10018
381649 10056
382993 10066
384456 9052
386449 10353
389266 10053
391773 9306
391791 10065
392784 10495
394768 11702
394870 7048
395593 9057
