0
0
0
0
0
0
0
9
0
0
8
7
3
2
2
5
4
7
8
8
6
9
3
7
2
57
14
4
4
4
3
6
4
10
5
5
5
6
5
11
3
1
13
10
3
7
10
5
8
7
10
7
5
5
6
9
5
3
7
2
1
1
1
1
6
5
4
7
7
6
5
4
5
2
2
5
7
2
4
0
1
0
10
0
5
8
4
1
4
8
4
4
8
3
11
5
0
1
7
6
0
5
11
1
11
6
3
2
11
10
1
1
11
5
1
6
1
8
14
4
11
13
3
1
1
2
1
2
3
4
0
8
6
6
1
2
2
2
1
7
9
4
4
11
16
7
10
8
8
8
3
9
8
4
6
8
8
6
7
8
8
9
14
4
1
1
10
12
10
4
5
10
13
8
3
5
8
12
12
10
7
10
2
5
5
8
4
4
6
4
1
10
10
3
6
9
11
11
7
7
12
13
8
8
9
8
8
12
6
7
4
4
3
3
6
5
8
8
6
2
1
1
1
3
1
1
5
3
0
1
0
0
0
7
6
4
8
5
1
6
9
4
4
3
0
2
4
5
8
7
7
11
11
5
10
12
6
6
9
4
1
6
7
4
3
9
5
6
8
9
4
4
12
6
4
12
10
10
8
6
7
11
11
2
11
8
4
7
6
9
4
2
3
11
10
9
7
12
14
12
12
4
5
16
6
9
13
6
6
11
11
13
9
7
4
5
6
7
9
10
9
10
8
8
5
9
0
5
12
8
4
0
7
1
3
10
7
10
13
6
2
9
8
11
12
5
5
6
2
5
8
7
5
9
4
8
9
2
7
0
1
0
2
1
0
1
0
0
0
0
0
0
0
0
0
0
0
0
0
0
0
0
0
0
0
0
0
0
0
0
0
0
0
0
0
0
0
0
0
0
0
0
0
0
0
0
0
0
0
0
0
0
0
